판례일련번호,사건명,사건번호,법원명,판결요지,판례내용
237907,이혼및위자료,2023므12218,대법원,"  재산분할심판 사건은 마류 가사비송사건에 해당하고가사소송법 제2조 제1항 제2호 (나)목 4), 당사자의 심판청구에 의하여 절차가 개시되며 당사자가 청구를 취하하여 절차를 종료시킬 수 있다. 가사비송절차에 관하여 가사소송법에 특별한 규정이 없는 한 비송사건절차법 제1편의 규정을 준용하는데(가사소송법 제34조 본문), 가사소송법에 가사비송사건의 심판청구 취하에 있어서 상대방의 동의 필요 여부에 관하여 특별한 규정을 두고 있지 아니하고, 비송사건절차법은 ‘소취하에 대한 동의’에 관한 민사소송법 제266조 제2항을 준용하지 않는다. 따라서 상대방이 있는 마류 가사비송사건인 재산분할심판 사건의 경우 심판청구 취하에 상대방의 동의를 필요로 하지 않고, 상대방이 취하에 부동의하였더라도 취하의 효력이 발생한다.","원고, 상고인 원고 (소송대리인 법무법인 정향 담당변호사 안세훈)피고, 피상고인 피고 (소송대리인 법무법인 태웅 담당변호사 김수연 외 2인)사건본인 사건본인 1 외 1인원심판결 의정부지법 2023. 4. 19. 선고 2022르5696 판결주    문  원심판결 중 재산분할 청구 부분을 파기하고, 이 부분 사건을 의정부지방법원에 환송한다.  나머지 상고를 기각한다. 이    유  상고이유(상고이유서 제출기간이 지난 후에 제출된 서면의 기재는 상고이유를 보충하는 범위 내에서)를 판단한다.   1. 사건의 경위 및 원심의 판단   원심판결의 이유 및 기록에 의하면 다음과 같은 사실을 알 수 있다.   가. 원고와 피고는 2008. 6. 10. 혼인신고를 마쳤고, 슬하에 사건본인들을 두었다.   나. 원고는 2019. 12. 5. 피고를 상대로 이혼, 위자료 지급, 재산분할, 친권자 및 양육자 지정, 양육비 지급 등을 구하는 이 사건 소를 제기하였다.   다. 원고는 2022. 5. 3. 이 사건 소를 전부 취하한다는 내용의 소취하서를 제출하였는데, 이에 대해 피고는 소취하부동의서를 제출하였다.   라. 제1심법원은 2022. 7. 5. ① 원고의 이혼청구를 받아들이고, ② 원고의 위자료 청구를 기각하며, ③ 사건본인들의 양육에 관한 사항을 결정하고, ④ 이혼에 따른 재산분할을 명하는 등 내용의 판결을 선고하였다.   마. 원고는 2022. 7. 15. 제1심판결 중 원고 패소 부분을 다투는 취지의 항소장을 제출하였다.   바. 원고는 2022. 11. 2. 원심 제1회 변론기일에 출석하여 항소장을 진술하고 항소취지를 정정하였는데, 정정된 항소취지 중 재산분할 청구 부분은 제1심판결을 원고의 당초의 청구취지대로 변경해 달라는 내용이었다.   사. 원심법원은 2023. 4. 19. 제1심판결 중 재산분할 부분을 취소하고 이 사건 소 중 재산분할 청구 부분은 원고의 2022. 5. 3. 소취하로 종료되었음을 선언하며, 원고의 나머지 항소를 기각한다는 등 내용의 원심판결을 선고하였다.   2. 재산분할 청구 관련 상고이유에 관하여   가. 재산분할심판 사건은 마류 가사비송사건에 해당하고가사소송법 제2조 제1항 제2호 (나)목 4), 당사자의 심판청구에 의하여 절차가 개시되며 당사자가 그 청구를 취하하여 절차를 종료시킬 수 있다. 가사비송절차에 관하여 가사소송법에 특별한 규정이 없는 한 비송사건절차법 제1편의 규정을 준용하는데(가사소송법 제34조 본문), 가사소송법에 가사비송사건의 심판청구 취하에 있어서 상대방의 동의 필요 여부에 관하여 특별한 규정을 두고 있지 아니하고, 비송사건절차법은 ‘소취하에 대한 동의’에 관한 민사소송법 제266조 제2항을 준용하지 않는다. 따라서 상대방이 있는 마류 가사비송사건인 재산분할심판 사건의 경우 심판청구 취하에 상대방의 동의를 필요로 하지 않고, 상대방이 그 취하에 부동의하였더라도 취하의 효력이 발생한다고 봄이 타당하다. 원심이 같은 취지에서 원고가 제1심에서 제출한 소취하서에 대해 피고의 소취하부동의서에도 불구하고 재산분할 청구 부분에 한하여 취하의 효력이 발생하였다고 판단한 것은 위 법리에 따른 것으로 정당하다.   나. 그러나 나아가 원심이 원심 변론종결일까지 원고의 재산분할 청구가 전혀 없었다는 전제에서 재산분할 청구 부분에 대해 소송종료선언을 한 조치는 수긍하기 어렵고, 재산분할에 관한 주장이 포함된 항소장과 항소이유서 제출 및 진술, 변론기일에서의 항소취지 정정 진술 등에 비추어 보면, 원고는 원심에서 다시 재산분할 심판청구를 하였다고 볼 여지가 충분하다.   1) 가사비송사건의 청구는 가정법원에 심판청구를 함으로써 하고, 심판청구는 서면 또는 구술(말)로 할 수 있다(가사소송법 제36조 제1항, 제2항). 한편 민사소송법은 ""청구취지의 변경은 서면으로 신청하여야 한다.""라고 규정하는데(제262조 제2항), 판례는 준비서면 형식의 서면이 청구취지를 변경하는 뜻을 포함하고 있는 경우 서면에 의한 청구취지의 변경이 있는 것으로 볼 수 있고(대법원 2009. 5. 28. 선고 2008다86232 판결), 제1심 준비서면 및 항소취지와 항소이유에서 지연손해금의 기산일을 불법행위일로 앞당겨 구하는 취지의 주장을 한 경우 청구취지의 확장이 있는 것으로 보아야 한다고(대법원 2011. 1. 13. 선고 2009다105062 판결) 판시한 바 있다.   2) 제1심판결이 이혼청구를 인용하고 재산분할 청구 부분에 대하여는 취하의 효력을 간과하여 재산분할을 명하는 판결을 선고하였는데, 원고는 항소장에서 재산분할 청구를 한다는 점을 전제로, 제1심판결 중 재산분할의 액수를 다투는 취지를 밝히고 그와 관련된 인지를 납부하였다. 원고는 원심 제1회 변론기일에 출석하여 재산분할 부분을 포함하여 항소취지를 정정하는 진술을 하였고, 이후 원고 소송대리인이 제출한 항소이유서에서 재산분할에 관한 주장이 계속되고 있으며, 원고 소송대리인은 재산분할 청구 부분의 주장사실 증명을 위하여 수차례에 걸쳐 추가 증거신청을 하였다.   3) 원고는 당심에서도 상고이유서에서는 물론 상고이유서 제출기간 이후 제출된 서면에서도 이혼소송이 인용되는 이상 재산분할이 되어야 한다고 주장하여 재산분할 청구 유지의사를 명백히 하고 있다.   다. 따라서 제1심에서 재산분할 청구 부분이 취하·종료되었고 원고가 가사소송법이 정한 재산분할 심판청구의 방식 등을 엄격하게 지키지 못하였다고 하더라도, 원고가 원심에서 다시 재산분할 심판청구를 하였다고 볼 여지가 있는 이상 원심으로서는 그 청구금액 등에 관하여 석명을 하여 청구취지를 확정한 다음 이에 따라 재판을 진행하였어야 할 것이다. 그럼에도 원심이 제1심에서의 소취하서 제출만을 이유로 재산분할 청구 부분에 대해 소송종료선언을 한 것은 재산분할 청구에 관한 법리를 오해하여 판결에 영향을 미친 위법이 있다. 이를 지적하는 상고이유는 이유 있다.   3. 나머지 상고이유에 관하여   원심은 원고의 기피신청을 각하하는 결정을 한 다음 변론기일에 변론을 종결하고, 선고기일에 그 판시와 같이 원고의 위자료 청구를 기각하고 친권자 및 양육자를 지정하는 등 내용의 원심판결을 선고하였다.   관련 법리와 기록에 비추어 살펴보면 원심의 조치와 판단에 기피신청에 관한 법리오해, 유책행위 내지 위자료에 관한 채증법칙 위반, 심리미진, 법리오해, 친권자 및 양육자 지정 등에 관한 채증법칙 위반, 심리미진 등의 위법이 없다.   4. 결론   그러므로 원심판결 중 재산분할 청구 부분을 파기하고, 이 부분 사건을 다시 심리·판단하도록 원심법원에 환송하며, 나머지 상고는 기각하기로 하여, 관여 대법관의 일치된 의견으로 주문과 같이 판결한다. 대법관 천대엽(재판장) 민유숙(주심) 이동원 권영준 "
237555,이혼및재산분할등·이혼등,2023므10861,대법원,"  1 이혼으로 인한 재산분할청구권은 이혼을 한 당사자의 일방이 다른 일방에 대하여 재산분할을 청구할 수 있는 권리로서 청구인의 재산에 영향을 미치지만, 순전한 재산법적 행위와 같이 볼 수는 없다. 오히려 이혼을 한 경우 당사자는 배우자, 자녀 등과의 관계 등을 종합적으로 고려하여 재산분할청구권 행사 여부를 결정하게 되고, 법원은 청산적 요소뿐만 아니라 이혼 후의 부양적 요소, 정신적 손해(위자료)를 배상하기 위한 급부로서의 성질 등도 고려하여 재산을 분할하게 된다. 또한 재산분할청구권은 협의 또는 심판에 의하여 구체적 내용이 형성되기까지는 그 범위 및 내용이 불명확·불확정하기 때문에 구체적으로 권리가 발생하였다고 할 수 없어 채무자의 책임재산에 해당한다고 보기 어렵고, 채권자의 입장에서는 채무자의 재산분할청구권 불행사가 그의 기대를 저버리는 측면이 있다고 하더라도 채무자의 재산을 현재의 상태보다 악화시키지 아니한다. 이러한 사정을 종합하면, 이혼으로 인한 재산분할청구권은 그 행사 여부가 청구인의 인격적 이익을 위하여 그의 자유로운 의사결정에 전적으로 맡겨진 권리로서 행사상의 일신전속성을 가지므로, 채권자대위권의 목적이 될 수 없고 파산재단에도 속하지 않는다고 보아야 한다.  2 채무자 회생 및 파산에 관한 법률 제347조 제1항 제1문은 파산재단에 속하는 재산에 관하여 파산선고 당시 법원에 계속되어 있는 소송은 파산관재인 또는 상대방이 수계할 수 있다고 정하고 있다. 그러나 이혼으로 인한 재산분할청구권은 파산재단에 속하지 아니하여 파산관재인이나 상대방이 절차를 수계할 이유가 없으므로, 재산분할을 구하는 절차는 특별한 사정이 없는 한 위 규정에 따른 수계의 대상이 아니라고 보아야 한다.  3 법원이 부적법한 소송수계신청을 받아들여 소송을 진행한 후 소송수계인을 당사자로 하여 판결을 선고하였다면, 소송에 관여할 수 있는 적법한 당사자가 법률상 소송행위를 할 수 없는 상태에서 심리되어 선고된 것이어서 마치 대리인에 의하여 적법하게 대리되지 아니하였던 경우와 마찬가지로 위법하다.","원고(반소피고), 피상고인 원고(반소피고) (소송대리인 변호사 송선아)원고, 피상고인 원고(반소피고)의 일부 소송수계인 파산채무자 원고(반소피고)의 파산관재인 ○○○피고(반소원고), 상고인 피고(반소원고) (소송대리인 변호사 금정호)사건본인 사건본인 1 외 3인원심판결 대구가법 2023. 1. 26. 선고 2021르6860, 2022르5482 판결주    문  원심판결 중 본소 재산분할청구에 관한 부분을 파기하고, 이 부분 제1심판결을 취소한다.  이 부분 사건을 대구가정법원 안동지원에 환송한다.  소송수계신청인의 본소 재산분할청구에 관한 소송수계신청을 기각한다.  나머지 상고를 기각한다. 이    유  직권판단을 포함하여 상고이유를 판단한다.   1. 본소 재산분할청구에 관한 직권판단  가. 이혼으로 인한 재산분할청구권은 이혼을 한 당사자의 일방이 다른 일방에 대하여 재산분할을 청구할 수 있는 권리로서 청구인의 재산에 영향을 미치지만, 순전한 재산법적 행위와 같이 볼 수는 없다. 오히려 이혼을 한 경우 당사자는 배우자, 자녀 등과의 관계 등을 종합적으로 고려하여 재산분할청구권 행사 여부를 결정하게 되고, 법원은 청산적 요소뿐만 아니라 이혼 후의 부양적 요소, 정신적 손해(위자료)를 배상하기 위한 급부로서의 성질 등도 고려하여 재산을 분할하게 된다. 또한 재산분할청구권은 협의 또는 심판에 의하여 구체적 내용이 형성되기까지는 그 범위 및 내용이 불명확·불확정하기 때문에 구체적으로 권리가 발생하였다고 할 수 없어 채무자의 책임재산에 해당한다고 보기 어렵고, 채권자의 입장에서는 채무자의 재산분할청구권 불행사가 그의 기대를 저버리는 측면이 있다고 하더라도 채무자의 재산을 현재의 상태보다 악화시키지 아니한다. 이러한 사정을 종합하면, 이혼으로 인한 재산분할청구권은 그 행사 여부가 청구인의 인격적 이익을 위하여 그의 자유로운 의사결정에 전적으로 맡겨진 권리로서 행사상의 일신전속성을 가지므로, 채권자대위권의 목적이 될 수 없고 파산재단에도 속하지 않는다고 보아야 한다(대법원 2022. 7. 28. 자 2022스613 결정 참조). 「채무자 회생 및 파산에 관한 법률」 제347조 제1항 제1문은 파산재단에 속하는 재산에 관하여 파산선고 당시 법원에 계속되어 있는 소송은 파산관재인 또는 상대방이 수계할 수 있다고 정하고 있다. 그러나 이혼으로 인한 재산분할청구권은 파산재단에 속하지 아니하여 파산관재인이나 상대방이 절차를 수계할 이유가 없으므로, 재산분할을 구하는 절차는 특별한 사정이 없는 한 위 규정에 따른 수계의 대상이 아니라고 보아야 한다. 법원이 부적법한 소송수계신청을 받아들여 소송을 진행한 후 소송수계인을 당사자로 하여 판결을 선고하였다면, 소송에 관여할 수 있는 적법한 당사자가 법률상 소송행위를 할 수 없는 상태에서 심리되어 선고된 것이어서 마치 대리인에 의하여 적법하게 대리되지 아니하였던 경우와 마찬가지로 위법하다(대법원 1981. 3. 10. 선고 80다1895 판결, 대법원 2019. 4. 25. 선고 2018다270951, 270968 판결 참조).  나. 원심판결 이유와 기록에 의하면, ① 원고(반소피고, 이하 ‘원고’라 한다)는 2020. 3. 5. 피고(반소원고, 이하 ‘피고’라 한다)를 상대로 이혼, 위자료, 재산분할, 친권자 및 양육자지정 청구 소송(이하 ‘이 사건 소송’이라 한다)을 제기한 사실, ② 원고는 제1심 계속 중이던 2020. 10. 13. 파산선고를 받은 사실(인천지방법원 2020하단100607), ③ 원고 파산관재인은 2021. 2. 18. 본소 중 위자료와 재산분할청구에 관하여만 소송수계신청을 하였고, 제1심은 2021. 3. 4. 이를 허가하여 파산관재인이 이 부분에 관하여만 소송을 수계한 사실, ④ 제1심과 원심은 일부 소송수계인으로서 파산관재인을 당사자로 하여 판결을 선고한 사실을 인정할 수 있다.   다. 위와 같이 재산분할청구권은 파산재단에 속하지 아니하므로, 이 사건 소송 계속 중 원고에게 파산이 선고되었다고 하더라도 원고의 본소 재산분할청구 부분은 소송수계의 대상이 되지 않는다고 보아야 한다. 결국 원고 파산관재인의 본소 재산분할청구 부분에 관한 소송수계신청은 부적법하여 기각하였어야 함에도 원고 파산관재인을 적법한 소송수계인으로 취급하여 소송절차를 속행한 제1심 및 원심판결에는 소송수계의 대상에 관한 법리를 오해한 잘못이 있다고 할 것이므로, 이 부분 상고이유의 당부를 떠나 원심과 제1심은 파기 및 취소를 면할 수 없다.   2. 나머지 부분   원심은 혼인관계 파탄의 원인이 원고와 피고 모두에게 대등하게 있다고 보아, 본소 및 반소 이혼청구를 인용하였고, 사건본인들의 친권자 및 양육자를 원고로 지정한 제1심판결을 그대로 유지하면서 직권으로 사건본인들에 대한 양육비를 1인당 50만 원으로 하여 매월 말일에 지급하는 것으로 정하였다.   원심판결 이유를 관련 법리와 기록에 비추어 살펴보면, 원심판결 이유에 다소 적절하지 않은 부분이 있으나, 원심의 판단에 논리와 경험의 법칙을 위반하여 자유심증주의의 한계를 벗어나거나 조정전치주의에 관한 법리를 오해하는 등으로 판결에 영향을 미친 잘못이 없다.   3. 결론  원심판결 중 본소 재산분할청구에 관한 부분을 파기하고, 이 부분 제1심판결을 취소하며, 이 부분 사건을 제1심법원에 환송하고, 소송수계신청인의 본소 재산분할청구 부분에 관한 소송수계신청을 기각하며, 나머지 상고를 기각하기로 하여, 관여 대법관의 일치된 의견으로 주문과 같이 판결한다.대법관 노태악(재판장) 김선수 오경미 서경환(주심) "
236825,이혼및친권자지정통신비밀보호법에서 정한 통신사실확인자료의 제출을 명하는 법원의 문서제출명령에 대하여 전기통신사업자가 통신비밀보호법의 규정을 근거로 자료의 제출을 거부하자 그에 대한 제재로서 과태료를 부과한 사건,2018스34,대법원,"다수의견 법원은 민사소송법 제344조 이하의 규정을 근거로 통신사실확인자료에 대한 문서제출명령을 할 수 있고 전기통신사업자는 특별한 사정이 없는 한 이에 응할 의무가 있으며, 전기통신사업자가 통신비밀보호법 제3조 제1항 본문을 들어 문서제출명령의 대상이 된 통신사실확인자료의 제출을 거부하는 것에는 정당한 사유가 있다고 볼 수 없다. 그 이유는 다음과 같다.  ① 통신비밀보호법과 민사소송법은 그 입법 목적, 규정사항 및 적용 범위 등을 고려할 때 각각의 영역에서 독자적인 입법 취지를 가지는 법률이므로 각 규정의 취지에 비추어 그 적용 범위를 정할 수 있고, 통신비밀보호법에서 민사소송법이 정한 문서제출명령에 의하여 통신사실확인자료를 제공할 수 있는지에 관한 명시적인 규정을 두고 있지 않더라도 민사소송법상 증거에 관한 규정이 원천적으로 적용되지 않는다고 볼 수 없다.  ② 통신비밀보호법은 이미 민사소송법 제294조에서 정한 조사의 촉탁의 방법에 따른 통신사실확인자료 제공을 허용하고 있으므로, 통신사실확인자료가 문서제출명령의 대상이 된다고 해석하는 것이 통신비밀보호법의 입법 목적에 반한다거나 법 문언의 가능한 범위를 넘는 확장해석이라고 볼 수 없다.  ③ 통신비밀보호법의 입법 취지는 법원이 신중하고 엄격한 심리를 거쳐 문서제출명령 제도를 운용함으로써 충분히 구현될 수 있다.  통신비밀보호법은 개인의 사생활 및 대화의 비밀과 자유를 보호하기 위해 통신사실확인자료에 대한 제공을 원칙적으로 금지하고 있으므로, 법원은 통신사실확인자료에 대하여 문서제출명령을 심리·발령할 때에는 이러한 통신비밀보호법의 입법 취지를 고려하여 통신과 대화의 비밀 및 자유와 적정하고 신속한 재판의 필요성에 관하여 엄격한 비교형량을 거쳐 그 필요성과 관련성을 판단하여야 한다.  그러므로 법원은 문서제출명령 신청의 대상이 된 통신사실확인자료의 내용 및 기간이 신청인이 제시한 증명사항과 밀접한 관련성이 있는지, 나아가 그 문서에 대한 서증조사를 통하여 증명사항이 사실로 인정되면 그러한 사실에 기초하여 신청인이 구체적으로 특정한 주장사실을 추단할 수 있는지를 심리함으로써 문서제출명령 신청의 채택 여부 및 범위를 신중히 결정하여야 한다.대법관 김선수의 별개의견 ① 문서제출명령 불응에 대한 과태료 재판은 이미 발령된 문서제출명령의 이행을 강제하기 위한 절차이지 문서제출명령 자체의 적법성이나 적정성을 다투기 위한 절차가 아니다. 그렇기 때문에 문서제출명령에 대한 과태료 재판에서 다툴 수 있는 사항은 문서제출명령 불이행에 정당한 사유가 있는지 등이고, 문서제출명령 자체의 적법성 여부는 포함되지 않는다. 따라서 확정된 문서제출명령의 집행을 확보하기 위한 후행 절차인 과태료 재판에서, 선행 절차에서 주장할 수 있었던 사정을 이유로 확정된 문서제출명령의 적법성을 다투는 것은 허용되지 않는다.  ② 통신사실확인자료에 대하여 문서제출명령을 발령할 수 있는지는 문서제출명령 사건에서 본격적으로 판단되어야 한다. 문서제출명령 자체의 적법성을 정면으로 다룰 수 없는 과태료 재판인 이 사건에서 위 쟁점에 대하여 판단을 하는 것은 민사소송법 규정 및 기존의 법리에 부합하지 않으므로, 위 쟁점은 추후 다른 문서제출명령 사건에서 문제될 경우 판단하는 것이 적절하다.대법관 안철상, 대법관 민유숙, 대법관 노정희, 대법관 오석준의 반대의견 법원은 민사소송법상 문서제출명령 규정을 근거로 통신사실확인자료에 대하여 문서제출명령을 할 수 없다. 설령 법원이 위 명령을 하더라도 전기통신사업자는 통신비밀보호법을 들어 문서제출명령의 대상이 된 통신사실확인자료의 제출을 거부할 수 있고, 법원은 그 부제출을 이유로 전기통신사업자에게 과태료를 부과할 수 없다.  ① 통신비밀보호법은 전기통신설비를 이용하여 타인의 통신을 매개하거나 전기통신설비를 타인의 통신용으로 제공하는 역무를 제공하는 전기통신사업자에게 통신비밀보호법에서 정한 예외에 해당하지 않으면 누구에게도 통신사실확인자료를 제공할 수 없도록 하는 강한 일반적 금지의무를 부과하고, 예외적으로 법원에 통신사실확인자료를 제공할 수 있는 방법으로 조사·송부의 촉탁에 관한 민사소송법 제294조를 특정하고 있을 뿐이며, 이에 관한 전기통신사업자의 협조의무를 정하고 있지도 않다.  ② 전기통신사업자가 법원에 통신사실확인자료를 제출할 의무를 부담하는지에 관하여는 규범의 충돌이 존재한다.  문서제출명령은 그 명령을 받은 제3자에게 문서제출의무를 부담시키고 위반에 대해 질서벌의 제재를 부과한다. 반면 통신비밀보호법은 법률에서 정한 예외에 해당하지 않으면 누구에게도 통신사실확인자료를 제공할 수 없도록 하는 금지의무를 부과한다.   전기통신사업자가 통신비밀보호법에 따라 통신사실확인자료를 제출하지 않아야 한다고 판단하여 그 제출을 거부하면 민사소송법에서 정한 문서제출명령에 따른 제출의무를 위반하게 되는 결과가 되므로 양 규범은 양립할 수 없고 그 사이에 충돌이 존재하는 것이다.  ③ 전기통신사업자가 통신사실확인자료를 제출할 의무를 부담하는지에 관하여 규범의 충돌이 존재하는 이상 이러한 상황은 특별법인 통신비밀보호법을 우선함으로써 해소되어야 한다.","위반자, 재항고인 에스케이텔레콤 주식회사원심결정 전주지법 2018. 4. 26. 자 2016브49 결정주    문  재항고를 기각한다.이    유  재항고이유를 판단한다.  1. 사안의 개요와 쟁점  가. 사안의 개요  1) 전주지방법원 2016드단1857(본소), 2017드단35(반소) 이혼 및 친권자지정 사건에서 피고(반소원고)는, 전기통신사업법이 정한 전기통신사업자인 위반자에게 ‘원고(반소피고)의 휴대전화번호에 대한 2015. 7. 1.부터 현재(2016. 7.)까지의 통화내역(이하 ‘이 사건 통화내역’이라 한다)’을 제출하도록 명할 것을 내용으로 하는 문서제출명령을 신청하였다.  2) 법원은 위반자에게 이 사건 통화내역을 제출하라는 내용의 문서제출명령을 하였으나, 위반자는 ‘통화내역 자료 제공은 통신비밀보호법상 위반자의 협조의무로 규정되어 있지 않고 위반자의 개인정보보호 강화 방침으로 자료제공이 불가하며, 압수수색영장 요청에 한하여 자료 제공이 가능하다.’는 내용의 사실조회회신서를 제출하였다.  3) 법원은 위반자가 문서제출명령에 따르지 않았다는 이유로 위반자에게 과태료를 부과하는 약식결정을 하였고, 위반자가 이에 대해 이의신청을 하자 같은 내용의 이 사건 제1심결정을 하였으며, 원심은 이에 대한 위반자의 즉시항고를 기각하였다.   나. 쟁점  민사소송법은 법원이 제3자에 대하여도 문서의 제출을 명할 수 있고(제347조), 제3자가 정당한 사유 없이 법원의 문서제출명령에 응하지 않은 때에는 500만 원 이하의 과태료에 처할 수 있다고 규정하고 있다(제351조, 제318조, 제311조 제1항). 한편 통신비밀보호법 제3조 제1항 본문은 ""누구든지 이 법과 형사소송법 또는 군사법원법의 규정에 의하지 아니하고는 우편물의 검열·전기통신의 감청 또는 통신사실확인자료의 제공을 하거나 공개되지 아니한 타인 간의 대화를 녹음 또는 청취하지 못한다.""라고 규정하고 있다.   이 사건의 쟁점은 통신사실확인자료에 대한 문서제출명령에 대하여 전기통신사업자가 통신비밀보호법 제3조 제1항 본문을 이유로 그 자료의 제출을 거부할 수 있는지, 즉 통신사실확인자료가 민사소송법에서 정한 문서제출명령의 대상이 된다고 볼 수 있는지이다.   2. 통신사실확인자료가 문서제출명령의 대상이 되는지 여부 법원은 민사소송법 제344조 이하의 규정을 근거로 통신사실확인자료에 대한 문서제출명령을 할 수 있고 전기통신사업자는 특별한 사정이 없는 한 이에 응할 의무가 있으며, 전기통신사업자가 통신비밀보호법 제3조 제1항 본문을 들어 문서제출명령의 대상이 된 통신사실확인자료의 제출을 거부하는 것에는 정당한 사유가 있다고 볼 수 없다. 그 이유는 다음과 같다.  가. 통신비밀보호법과 민사소송법은 그 입법 목적, 규정사항 및 적용 범위 등을 고려할 때 각각의 영역에서 독자적인 입법 취지를 가지는 법률이므로 각 규정의 취지에 비추어 그 적용 범위를 정할 수 있고, 통신비밀보호법에서 민사소송법이 정한 문서제출명령에 의하여 통신사실확인자료를 제공할 수 있는지에 관한 명시적인 규정을 두고 있지 않더라도 민사소송법상 증거에 관한 규정이 원천적으로 적용되지 않는다고 볼 수 없다.  1) 헌법은 재판청구권을 기본권의 하나로 보장하고 있고, 민사소송법 제1조는 ""법원은 소송절차가 공정하고 신속하며 경제적으로 진행되도록 노력하여야 한다.""라고 규정하고 있다. 2002. 1. 26. 법률 제6626호로 전부 개정되어 2002. 7. 1.부터 시행된 민사소송법(이하 ‘개정 민사소송법’이라 한다) 제344조 제2항은 이러한 민사소송의 이상을 구현하고 국민의 재판청구권이 실질적으로 보장될 수 있도록 증거의 구조적 편재를 시정하고 실체적 진실의 발견을 용이하게 하기 위하여, 제3자를 포함한 문서의 소지자는 민사소송법 제344조 제2항 각호에서 정한 문서제출거부사유에 해당하지 않는 한 원칙적으로 이를 제출할 의무가 있다고 규정하여 문서제출의무를 일반적 의무로 확대하였다.   이러한 문서제출명령의 규정취지 및 법 문언의 내용에 비추어 볼 때, 적정하고 신속한 재판을 통한 개인의 권리구제를 위하여 반드시 재판에 증거로 제출될 필요가 있다면 민사소송법이 규정하는 적법한 절차인 법원의 문서제출명령을 통해 그 문서가 제출될 수 있어야 한다. 이는 통신비밀보호법을 비롯하여 개인의 자유와 권리를 보호하고자 하는 취지에서 특정한 정보에 대한 비밀유지 및 타인에 대한 제공 금지 등을 규정하는 개별 법률들의 입법 목적 및 적용 범위와는 국면을 달리하는 문제이다.   2) 대법원은 이미 「공공기관의 정보공개에 관한 법률」(이하 ‘정보공개법’이라 한다) 제9조가 비공개대상정보로 정하고 있는 정보에 관하여, 민사소송법에 의한 문서제출명령 제도와 정보공개법에 의한 정보공개 제도가 그 목적이나 취지, 연혁 등을 달리하는 점 등에 비추어 볼 때 비공개대상정보라도 이를 당사자가 소송에서 인용하였다면 민사소송법 제344조 제1항 제1호에 따른 문서제출명령의 대상이 된다고 판단하였다(대법원 2011. 7. 6. 자 2010마1659 결정 참조). 정보공개법 제4조 제1항은 ""정보의 공개에 관하여는 다른 법률에 특별한 규정이 있는 경우를 제외하고는 이 법에서 정하는 바에 따른다.""라고 규정하고 있다. 그러나 위 결정에서 대법원이 비공개대상정보도 문서제출명령의 대상이 된다고 판단한 것은 민사소송법의 문서제출명령에 관한 규정이 정보공개법 제4조 제1항에서 정한 ‘정보공개법에 대한 특별규정’에 해당한다고 보았기 때문이 아니다. 위 결정은 적정·공평한 재판절차의 구현을 위하여 민사소송법에서 규정한 제도인 문서제출명령의 취지에 비추어 볼 때 소송에서 당사자의 주장에 대한 증명을 위하여 필요한 경우에는 해당 문서가 민사소송법 제344조에서 정한 예외에 해당하지 않는 이상 문서제출명령이라는 방법을 통하여 증거로 제출될 수 있어야 하므로, 정보공개법의 규정을 들어 그에 관한 문서제출의무를 면할 수는 없다고 보았던 것이다.   민사소송법상 증거에 관한 여러 규정은 민사소송의 이념과 법리에 따라 각 증거방법이 소송에 제출될 수 있는 제반 절차에 관하여 정하는 일반적 성격의 규정이다. 따라서 해당 증거로써 증명하고자 하는 내용이 다른 법에서 보호의 대상으로 정하고 있더라도 민사소송법에 규정된 적법한 증거제출 방법인 문서제출명령에 따라 소송에서 증거로 제출될 수 있고, 이러한 민사소송법의 내용이 다른 법률의 내용과 상호 모순·저촉되는 관계에 있다고 볼 수 없다. 민사소송법 제344조 제1항 및 제2항의 각호가 문서제출명령의 대상이 되지 않는 예외를 특별히 정하면서도 통신비밀보호법과 같은 개별 법률에서 보호의 대상으로 정하고 있는 내용에 관한 문서를 예외사유로 규정하지 않은 것 또한 이러한 취지로 이해할 수 있다.   3) 이는 통신비밀보호법과 민사소송법의 관계에 관하여도 마찬가지로 보아야 한다. 더욱이 통신비밀보호법 제3조 제1항 본문에 ‘통신사실확인자료의 제공’이 추가되고 통신사실확인자료의 수사기관 및 법원에의 제공에 관한 제13조, 제13조의2가 신설된 것은 2001. 12. 29. 개정(법률 제6546호, 시행 2002. 3. 30.)에 의해서이다. 그 후인 2002. 1. 26. 전부 개정된 개정 민사소송법은 문서제출명령에 관하여 제344조 제2항에 일반적 제출의무를 추가하여 문서제출의무를 확대하면서 통신비밀보호법에서 정한 통신사실확인자료를 제출의무의 예외로 규정하지 않았다. 이러한 각 법률의 개정 시기에 비추어 보더라도 민사소송법 제344조 제2항에서 예외사유로 규정하고 있지 않은 문서는 문서제출명령에 따라서 법원에 증거로 제출될 수 있도록 하였다고 보는 것이 문서제출명령 제도의 취지에 부합한다.  나. 통신비밀보호법은 이미 민사소송법 제294조에서 정한 조사의 촉탁의 방법에 따른 통신사실확인자료 제공을 허용하고 있으므로, 통신사실확인자료가 문서제출명령의 대상이 된다고 해석하는 것이 통신비밀보호법의 입법 목적에 반한다거나 법 문언의 가능한 범위를 넘는 확장해석이라고 볼 수 없다.  1) 통신비밀보호법 제3조 제1항은 통신사실확인자료의 제공에 관한 일반적 금지를 규정하는 한편, 제13조의2는 ""법원은 재판상 필요한 경우에는 민사소송법 제294조 또는 형사소송법 제272조의 규정에 의하여 전기통신사업자에게 통신사실확인자료 제공을 요청할 수 있다.""라고 규정하여, 법원이 재판상 필요에 따라 민사소송법 제294조 등에 의하여 제공을 요청할 경우 전기통신사업자가 통신사실확인자료를 제공하는 것을 허용하고 있다. 이는 이미 통신비밀보호법이 통신사실확인자료가 재판상 필요한 경우 민사소송법에서 정한 바에 따라 증거로 제출되는 것은 통신의 비밀과 자유에 대한 적법한 제한에 해당한다고 본 것이다.   2) 문서제출명령은 민사소송법 제294조에서 정한 조사의 촉탁보다 더 엄격한 법적 절차를 거쳐 발령 여부가 결정된다. 민사소송법은 문서제출명령에 관하여 제344조에서 제출의무가 인정되는 문서를 구체적으로 열거하고, 제347조 제1항에서 그 신청에 정당한 이유가 있는 경우 법원은 제출의무가 있는 사람에 대하여 문서제출명령을 할 수 있다고 규정하면서, 제347조 제3항에서는 제3자에 대하여 문서의 제출을 명하는 경우에는 제3자 또는 그가 지정하는 자를 필수적으로 심문하도록 함으로써 그 대상과 절차를 민사소송법 제294조의 조사의 촉탁보다 더 엄격히 규정하고 있다. 따라서 통신사실확인자료에 대한 문서제출명령 신청이 있는 경우 법원은 서증으로서의 필요성, 증명하고자 하는 사항의 청구와의 직접 관련성 등을 심리하여 문서제출명령 신청의 채택 여부 및 범위를 결정하게 된다.  3) 이러한 규정의 내용과 형식, 문서제출명령 신청의 허가 여부에 대한 재판절차 및 발령 요건에 비추어 보아도, 통신비밀보호법 제13조의2, 민사소송법 제294조에 따라 법원에의 제공이 허용되는 통신사실확인자료에 대해서 민사소송법 제344조 이하의 규정 등에 근거하여 문서제출명령을 할 수 있다고 해석함이 타당하고, 그와 같은 해석이 ‘통신의 비밀과 자유에 대한 제한은 엄격한 법적 절차에 의하도록 하여 통신비밀을 보호하고 통신의 자유를 신장’하고자 하는 통신비밀보호법의 입법 목적(제1조)에 반한다거나 법 문언의 가능한 범위를 넘는 확장해석이라고 볼 수 없다.  다. 통신비밀보호법의 입법 취지는 법원이 신중하고 엄격한 심리를 거쳐 문서제출명령 제도를 운용함으로써 충분히 구현될 수 있다.  1) 법원은 문서제출신청에 ‘정당한 이유’가 있다고 인정한 때에 문서를 가진 사람에게 그 제출을 명할 수 있다(민사소송법 제347조 제1항). 문서제출신청에 ‘정당한 이유’가 인정되려면 그 문서가 서증으로서 증거조사할 필요성이 있어야 하므로, 법원은 제출명령신청의 대상이 된 문서가 서증으로서 필요하지 않다고 인정할 때에는 제출명령신청을 받아들이지 않을 수 있고, 또한 문서제출명령의 대상이 된 문서에 의하여 증명하고자 하는 사항이 청구와 직접 관련이 없는 것이라면 받아들이지 않을 수 있다(대법원 2016. 7. 1. 자 2014마2239 결정 참조). 통신비밀보호법은 개인의 사생활 및 대화의 비밀과 자유를 보호하기 위해 통신사실확인자료에 대한 제공을 원칙적으로 금지하고 있으므로, 법원은 통신사실확인자료에 대하여 문서제출명령을 심리·발령할 때에는 이러한 통신비밀보호법의 입법 취지를 고려하여 통신과 대화의 비밀 및 자유와 적정하고 신속한 재판의 필요성에 관하여 엄격한 비교형량을 거쳐 그 필요성과 관련성을 판단하여야 한다.  2) 그러므로 법원은 문서제출명령 신청의 대상이 된 통신사실확인자료의 내용 및 기간이 신청인이 제시한 증명사항과 밀접한 관련성이 있는지, 나아가 그 문서에 대한 서증조사를 통하여 증명사항이 사실로 인정되면 그러한 사실에 기초하여 신청인이 구체적으로 특정한 주장사실을 추단할 수 있는지를 심리함으로써 문서제출명령 신청의 채택 여부 및 범위를 신중히 결정하여야 한다. 제출이 필요한 통신사실확인자료의 내용이나 기간은 개별 재판마다 그 진행 상황이나 상대방 당사자의 협조 가능성 등을 비롯하여 해당 사건의 구체적인 내용 및 특성에 따라 달라지는 것으로서, 사실심법원이 엄격한 심리를 전제로 그 권한에 속하는 재량에 의하여 결정할 수 있다. 다만 당사자가 협조하지 않는 등의 이유로 부득이하게 제출이 요구되는 통신사실확인자료의 내용을 구체적으로 특정하지 못한 상태에서 문서제출명령을 발령하여 전기통신사업자로부터 자료를 제출받은 경우라면, 주장사실과 관련성이 없는 부분을 즉시 폐기하거나 열람·복사를 제한하는 등의 조치를 취할 필요가 있다. 이와 같이 법원은 통신사실확인자료에 대한 문서제출명령 신청이 있는 경우 신중하고 엄격한 심리를 거쳐 그 발령 여부를 결정함으로써 개인의 사생활 및 대화의 비밀과 자유에 대한 부당한 침해를 막고 통신비밀보호법의 입법 취지에 부합하게 문서제출명령 제도를 운용할 수 있다.  3. 이 사건에 관한 판단  원심은 그 판시와 같은 이유로 이 사건 통화내역이 통신비밀보호법상 통신사실확인자료에 해당하여 문서제출명령에 따를 수 없다는 위반자의 주장을 받아들이지 않고, 이 사건 통화내역에 대한 문서제출명령에 응하지 않은 위반자에게 과태료를 부과한 제1심결정을 그대로 유지하였다.   이 사건 통화내역은 정보처리시스템에 의하여 전자적 형태로 작성되어 저장된 정보로서 전자문서에 해당하여 민사소송법 제344조 제2항에 따른 문서제출명령의 대상이 될 수 있으므로, 통신비밀보호법 제3조 제1항 본문을 이유로 그 자료의 제출을 거부할 수 없다고 본 원심판단은 수긍할 수 있다. 그 밖에 재항고이유로서 주장하는 사유만으로는 확정된 문서제출명령의 대상이 된 통신사실확인자료의 제출을 거부할 정당한 사유가 있다고 볼 수 없으므로, 원심판단에 재판에 영향을 미친 헌법·법률·명령 또는 규칙 위반의 잘못이 있다고 할 수 없다.  4. 결론    그러므로 재항고를 기각하기로 하여 주문과 같이 결정한다. 이 결정에는 대법관 김선수의 별개의견, 대법관 안철상, 대법관 민유숙, 대법관 노정희, 대법관 오석준의 반대의견이 있는 외에는 관여 법관의 의견이 일치하였고, 다수의견에 대한 대법관 이흥구, 대법관 천대엽의 보충의견, 반대의견에 대한 대법관 민유숙의 보충의견이 있다.    5. 대법관 김선수의 별개의견  이 사건에서 재항고를 기각한다는 결론은 다수의견과 같지만, 원심결정이 적법하다고 판단하는 이유가 다수의견과 다르므로 별개의견을 밝힌다.   가. 위반자는 이 사건 통화내역의 제출을 명하는 문서제출명령에 대하여 민사소송법 제348조에서 정한 즉시항고로 다툴 수 있었음에도 즉시항고를 하지 않았고, 위 문서제출명령은 그대로 확정되었다.   나. 문서제출명령을 받은 제3자가 문서를 제출하지 않은 때의 제재에 관한 민사소송법 제351조는 증인이 정당한 이유 없이 증언을 거부한 때의 제재에 관한 민사소송법 제318조를 준용하고, 민사소송법 제318조는 증인이 정당한 사유 없이 출석하지 않은 때의 제재에 관한 민사소송법 제311조를 준용한다. 제3자의 문서제출명령 불응에 대한 제재와 증인의 불출석 또는 증언 거부에 대한 제재로서 과태료를 부과하는 주된 목적은 문서제출명령이나 증언의 이행을 간접적으로 강제하여 소송에 필요한 증거를 확보하려는 것이다. 문서제출명령 불응에 대한 과태료 재판은 이미 발령된 문서제출명령의 이행을 강제하기 위한 절차이지 문서제출명령 자체의 적법성이나 적정성을 다투기 위한 절차가 아니다. 그렇기 때문에 문서제출명령에 대한 과태료 재판에서 다툴 수 있는 사항은 문서제출명령 불이행에 정당한 사유가 있는지 등이고, 문서제출명령 자체의 적법성 여부는 포함되지 않는다. 의무이행의 간접적 확보수단인 간접강제 재판에서도 본래의 집행권원에 관한 실체상의 사유는 주장할 수 없는데, 문서제출명령 이행의 간접적 확보수단의 성질을 가지는 과태료 재판에서 달리 볼 이유가 없다.   한편 문서제출명령은 즉시항고로 불복할 수 있는 명령이므로 그 명령이 확정된 경우 민사소송법 제451조 제1항에 규정된 재심사유가 있는 때에 한하여 준재심을 제기할 수 있을 뿐이고(민사소송법 제461조 참조), 함부로 그 효력을 부인할 수 없다. 따라서 확정된 문서제출명령의 집행을 확보하기 위한 후행 절차인 과태료 재판에서, 선행 절차에서 주장할 수 있었던 사정을 이유로 확정된 문서제출명령의 적법성을 다투는 것은 허용되지 않는다고 보아야 한다. 그렇지 않으면 문서제출명령에 즉시항고에 의한 불복절차를 마련하고 확정된 문서제출명령에 대해서는 준재심으로 다툴 수 있게 한 민사소송법의 취지가 몰각될 우려가 있기 때문이다.  다. 통신사실확인자료에 대하여 문서제출명령을 발령할 수 있는지는 문서제출명령 사건에서 본격적으로 판단되어야 한다. 문서제출명령 자체의 적법성을 정면으로 다룰 수 없는 과태료 재판인 이 사건에서 위 쟁점에 대하여 판단을 하는 것은 민사소송법 규정 및 기존의 법리에 부합하지 않으므로, 위 쟁점은 추후 다른 문서제출명령 사건에서 문제될 경우 판단하는 것이 적절하다.  라. 따라서 적법하게 확정된 문서제출명령에 따르지 않았음을 이유로 과태료를 부과한 제1심결정을 유지한 원심결정은 적법하다. 위 문서제출명령 자체의 적법성을 다투는 위반자의 재항고이유는 받아들이기 어려우며, 그 밖에 원심판단에 재판에 영향을 미친 헌법·법률·명령 또는 규칙 위반의 잘못이 있다고 할 수 없다.   이상과 같은 이유로 별개의견을 밝힌다.  6. 대법관 안철상, 대법관 민유숙, 대법관 노정희, 대법관 오석준의 반대의견  가. 반대의견의 요지  이 사건의 쟁점은 다른 법령에 근거하여 원칙적으로 타인에 대한 제공이 금지되는 특정한 내용의 정보나 자료를 보관하는 소송당사자 아닌 제3자에 대하여 민사소송법에 따른 문서제출명령을 발령하고 그 불이행을 이유로 질서벌의 제재를 가할 수 있는지이다.법원은 민사소송법상 문서제출명령 규정을 근거로 통신사실확인자료에 대하여 문서제출명령을 할 수 없다. 설령 법원이 위 명령을 하더라도 전기통신사업자는 통신비밀보호법을 들어 문서제출명령의 대상이 된 통신사실확인자료의 제출을 거부할 수 있고, 법원은 그 부제출을 이유로 전기통신사업자에게 과태료를 부과할 수 없다고 보아야 한다.  나. 통신비밀보호법에 따른 전기통신사업자의 의무  1) 통신비밀보호법은 전기통신설비를 이용하여 타인의 통신을 매개하거나 전기통신설비를 타인의 통신용으로 제공하는 역무를 제공하는 전기통신사업자에게 통신비밀보호법에서 정한 예외에 해당하지 않으면 누구에게도 통신사실확인자료를 제공할 수 없도록 하는 강한 일반적 금지의무를 부과하고, 예외적으로 법원에 통신사실확인자료를 제공할 수 있는 방법으로 조사·송부의 촉탁에 관한 민사소송법 제294조를 특정하고 있을 뿐이며, 이에 관한 전기통신사업자의 협조의무를 정하고 있지도 않다.  가) 통신비밀보호법은 통신 및 대화의 비밀과 자유에 대한 제한은 그 대상을 한정하고 엄격한 법적 절차를 거치도록 함으로써 통신비밀을 보호하고 통신의 자유를 신장함을 목적으로 한다(제1조). 이 사건에서 문제되는 통신사실확인자료는 전기통신사실에 관한 자료로서 가입자의 전기통신일시, 전기통신개시·종료시간, 발·착신 통신번호 등 상대방의 가입자번호, 사용도수, 컴퓨터통신 또는 인터넷의 사용자가 전기통신역무를 이용한 사실에 관한 컴퓨터통신 또는 인터넷의 로그기록자료, 정보통신망에 접속된 정보통신기기의 위치를 확인할 수 있는 발신기지국의 위치추적자료, 컴퓨터통신 또는 인터넷의 사용자가 정보통신망에 접속하기 위하여 사용하는 정보통신기기의 위치를 확인할 수 있는 접속지의 추적자료가 이에 포함된다(제2조 제11호). 통신비밀보호법 제3조 제1항은 ‘누구든지 이 법과 형사소송법 또는 군사법원법의 규정에 의하지 아니하고는 통신사실확인자료를 제공하지 못한다.’고 정하고, 통신비밀보호법 제13조의2는 법원이 재판상 필요한 경우에는 민사소송법 제294조 또는 형사소송법 제272조에 의하여 전기통신사업자에게 통신사실확인자료 제공을 요청할 수 있도록 정하고 있다. 민사소송법 제352조의2는 이전에는 민사소송규칙 제114조로 정하고 있던 협력의무에 관한 내용을 2007. 5. 17. 법에 신설한 것인데, ""제352조에 따라 법원으로부터 문서의 송부를 촉탁받은 사람 또는 제297조에 따른 증거조사의 대상인 문서를 가지고 있는 사람은 정당한 사유가 없는 한 이에 협력하여야 한다.""라고 규정할 뿐 민사소송법 제294조에 의하여 조사·송부의 촉탁을 받은 기관 등은 협력의무를 부담하는 자에 포함하고 있지 않다. 반면 형사소송법 제272조는 ""법원은 직권 또는 검사, 피고인이나 변호인의 신청에 의하여 공무소 또는 공사단체에 조회하여 필요한 사항의 보고 또는 보관서류의 송부를 요구할 수 있다.""라고 규정하고, 형사소송규칙 제132조의4는 ‘위 규정에 따른 요구를 받은 기관은 정당한 이유 없이 이에 대한 협력을 거절하지 못한다.’고 하여 공무소 등에 대하여 촉탁에 응할 협력의무를 규정하고 있어 민사소송법의 규정과는 그 내용에 차이가 있다. 통신비밀보호법 제15조의2 또한 ""전기통신사업자는 검사·사법경찰관 또는 정보수사기관의 장이 이 법에 따라 집행하는 통신제한조치 및 통신사실 확인자료제공의 요청에 협조하여야 한다.""라고 하여 수사기관의 형사사건에 관한 통신사실 확인자료제공 요청에 대하여만 전기통신사업자의 협조의무를 부과하고 있을 뿐이다.   이러한 통신비밀보호법의 문언과 내용, 규정체계에 비추어 볼 때 민사소송법이 적용되는 소송에서 조사·송부의 촉탁을 받은 상대방인 전기통신사업자가 그에 응할 의무를 부담한다고 보기는 어렵다.  나) 따라서 통신비밀보호법의 규정에 따라 전기통신사업자가 자신이 보관하는 통신사실확인자료에 대한 제출의무를 부담하는 경우는 범죄수사를 위하여 수사기관이 법원의 허가를 받아 요청하는 경우에 한정된다. 이 경우 수사기관은 요청사유, 해당 가입자와의 연관성 및 필요한 자료의 범위를 특정하여 법원에 허가를 신청하여야 하고, 통신사실 확인자료제공을 받은 사실 등을 당사자에게 서면으로 통지하여야 한다(제13조, 제13조의3).  법원은 통신사실 허가청구 현황 등 자료를 보존하여야 하고, 전기통신사업자는 관계부처 장관에게 이를 보고하고 관련 자료를 비치하여야 한다. 나아가 통신비밀보호법은 전기통신사업자를 비롯하여 누구든지 통신사실 확인자료제공으로 알게 된 내용에 관하여 외부에 공개하거나 누설하여서는 안 될 ‘비밀준수’와 ‘공개금지’ 의무를 부담시키며(제11조, 제13조의5), 이를 위반하는 경우 형사처벌을 규정하고 있다(제16조, 제17조).  다) 통신비밀보호법이 통신사실확인자료의 제공 및 보관에 관하여 이와 같이 사유를 제한하고 엄격한 법적 절차를 거치도록 한 것은, 전기통신을 이용하면서 필연적으로 발생하는 통신사실확인자료는 통신관여자, 통신장소, 통신횟수, 통신시간 등에 관한 내용을 담고 있어 개인의 사생활 및 대화의 비밀과 밀접한 관련성을 가지며, 비내용적 정보이지만 여러 정보의 결합과 분석을 통하여 정보주체에 관한 다양한 정보를 유추해내는 것이 가능하므로 통신내용과 거의 같은 역할을 할 수 있는 광범위하고도 민감한 정보를 포함하고 있기 때문이다(헌법재판소 2018. 6. 28. 선고 2012헌마538 전원재판부 결정 참조). 더욱이 우리나라의 통신망 확충과 스마트폰 등 휴대용 통신수단의 보급률을 고려한다면 통신사실확인자료는 특정인의 타인과의 연결, 거래, 법률행위 등의 사생활을 파악할 수 있는 정보에 해당하므로 이에 대한 보호의 필요성이 크다고 할 수 있다.   2) 전기통신사업자가 법원에 통신사실확인자료를 제출할 의무를 부담하는지에 관하여는 규범의 충돌이 존재한다.  가) 법률이 상호 모순·저촉되는지는 법률의 입법 목적, 적용 범위 및 규정사항 등을 종합적으로 검토하여 판단하여야 하고(대법원 2016. 11. 25. 선고 2014도14166 판결 등 참조), 특히 각 법률이 명백히 모순되는 내용을 규정하고 있지 않더라도 개별적으로 문제가 되는 특정한 사항에 관하여 각 법률이 수범자에게 부과하는 의무의 내용이 모순된다면 이는 각 규범이 양립불가능한 상황으로 평가하여야 한다.  규범은 명령 또는 허가의 방법으로 그 기능을 수행하지만, 현실의 규범체계에서는 금지가 일반적인 규범형태이다. 금지규범의 경우 수범자가 그 규범이 금지하는 행위를 하는 순간 그 금지규범이 침해되는 효과가 발생한다. 규범이 형식적으로는 허용의 방식인 경우에도 그 허용규정이 수범자에 대하여 갖는 의미와 범위가 단지 ‘금지가 아니다.’라는 규범에 불과한지, 아니면 다른 규정들과 결합하여 특정한 범위만 허용하고 이를 벗어나는 행위를 금지하는지를 가려보아야 한다.   나) 문서제출명령은 그 명령을 받은 제3자에게 문서제출의무를 부담시키고 위반에 대해 질서벌의 제재를 부과한다. 반면 통신비밀보호법은 법률에서 정한 예외에 해당하지 않으면 누구에게도 통신사실확인자료를 제공할 수 없도록 하는 금지의무를 부과한다. 통신비밀보호법 제13조의2는 민사소송 절차에서 인정되는 조사의 촉탁에 따라 회신하는 것을 허용하나, 수범자의 판단에 따라 촉탁에 대한 회신을 하지 않는 것도 허용되고 민사소송법 제352조의2에서 규정하는 협력의무의 대상도 아니며 그 불이행을 이유로 한 제재도 없으므로 어떠한 의무를 부과하는 성격을 가지지 않는다.  동시에 위와 같은 두 법률규정의 수범자가 되는 전기통신사업자는 통신비밀보호법에 따르면 법에서 정한 예외에 해당하지 않는 한 통신사실확인자료를 제공하여서는 안 될 의무를 부담하는(그리고 민사소송법에 의한 문서제출명령은 통신비밀보호법이 허용하는 통신사실확인자료 제공의 요청에 해당하지 않는다) 반면, 민사소송법에 따르면 반드시 문서제출명령에 응하여 통신사실확인자료를 제출해야만 하는 상황에 놓이게 된다. 다시 말해 두 법률규정은 전기통신사업자에게 ‘자료를 제출하면 안 된다.’와 ‘자료를 제출해야 한다.’는 모순되고 양립할 수 없는 행위를 지시하고 있다. 결국 전기통신사업자가 통신비밀보호법에 따라 통신사실확인자료를 제출하지 않아야 한다고 판단하여 그 제출을 거부하면 민사소송법에서 정한 문서제출명령에 따른 제출의무를 위반하게 되는 결과가 되므로 양 규범은 양립할 수 없고 그 사이에 충돌이 존재하는 것이다.    3) 이와 같이 전기통신사업자가 통신사실확인자료를 제출할 의무를 부담하는지에 관하여 규범의 충돌이 존재하는 이상 이러한 상황은 특별법인 통신비밀보호법을 우선함으로써 해소되어야 한다.   가) 일반법과 특별법의 구별은 상대적인 것이므로 법률 전체를 놓고 비교할 것이 아니라, 적용 대상이 되는 특정 사항과의 관계에서 어떤 법률규정이 특별법으로서 우선 적용되는지를 파악하여야 한다. 이를테면 상법은 민법의 특별법이지만, 약관의 규율에 관하여는 「약관의 규제에 관한 법률」이 특별법이 되고, 주권상장법인에 대한 일정한 사항의 규율에 관하여는 「자본시장과 금융투자업에 관한 법률」이 특별법이 된다.   어떤 법이 특정한 영역에 관한 여러 사항을 규율 대상으로 정하여 그에 관한 내용을 전반적으로 정하고 있다면 그 법이 특별법이라고 보아야 한다. 특정한 영역을 다른 영역과 달리 규율하는 것은 그 영역을 강하게 보호할 필요성이 있다거나 다른 측면의 보호가치가 존재하기 때문이다. 따라서 통신비밀보호법은 통신 및 대화의 비밀과 자유에 대한 특별한 보호를 위하여 만들어진 것으로서 위 영역에 관한 여러 사항을 규율하기 위한 특별법이라고 보아야 한다.   나) 대법원은 각 법률규정이 동일한 수범자에 대하여 모순되는 내용의 의무를 부과하는 경우에는 어느 한 법률규정을 우선하여 적용하여야 한다고 판단해 왔으며, 이와 같이 문제되는 특정 쟁점에 관하여 우선 적용되는 법률규정이 특별법의 지위에 있다고 보아 왔다. 예컨대 민사집행법 제246조 제1항 제4호가 퇴직연금은 그 1/2에 한하여 압류하지 못하는 것으로 규정하고 있으나, 이는 구 「근로자퇴직급여 보장법」(2021. 4. 13. 법률 제18038호로 개정되기 전의 것)이 퇴직연금제도의 급여를 받을 권리에 대하여 양도금지 규정(제7조)을 두고 있는 것과 사이에서 일반법과 특별법의 관계에 있으므로 퇴직급여상 퇴직연금채권은 그 전액에 관하여 압류가 금지된다(대법원 2014. 1. 23. 선고 2013다71180 판결 참조). 그 밖에 부과금의 일종인 임금채권부담금의 징수에 있어서 부과금 면제에 관한 특별법인 산림조합법 제8조가 임금채권보장법에 대한 관계에서도 특별법으로 우선 적용된다고 하는 등(대법원 2016. 10. 13. 선고 2015다233555 판결 참조) 다수의 선례는 수범자가 특정 법률규정에서 정한 바에 따라 어떠한 행위를 하게 되면 다른 법률규정에서 정한 의무를 위반하게 되는 상황에 놓이게 될 때에는 특별법을 우선하여 적용함으로써 규범의 충돌을 해결한다.  다) 통신비밀보호법은 전기통신사업자가 제공의무를 부담하는 통신사실 확인자료제공의 대상을 한정하고 그 절차를 엄격히 정함과 더불어 서류 보관의무, 당사자 통지 규정 등을 두어 통신사실 확인자료제공을 예외적으로 허용하면서도 그에 따른 개인의 권리 보호 절차를 마련하여 조화를 꾀하고 있다. 그런데 통신비밀보호법에서 그 제공의무의 대상이나 절차에 관한 규정을 두고 있지 않은 민사소송법상 문서제출명령에 따라 통신사실확인자료가 제공될 경우 그 제공의 대상이 된 당사자는 그 사실을 통지받을 권리 등의 보호에서 제외되게 된다. 그러므로 통신사실확인자료는 특별법인 통신비밀보호법에서 예외로 정한 경우에 한하여 그 법이 정한 절차에 따라서 제공되어야 한다.  이는 특정 영역의 개인정보의 처리 및 보호에 관하여 규정하고 있는 다른 법률의 경우에도 마찬가지이다. 「금융실명거래 및 비밀보장에 관한 법률」(이하 ‘금융실명법’이라 한다), 국세기본법 및 지방세기본법은 개인정보 중 금융거래정보 또는 과세정보의 비밀유지 및 정보제공에 관하여 특별히 규정하고 있다. 위 법률들은 통신비밀보호법과 달리 ‘법원의 제출명령’을 통해 법원에 해당 정보의 제공이 가능하도록 하면서도 그 법령에서 거래정보를 요구할 때 특정할 사항과 양식, 해당 정보를 제공한 사실에 대한 통보규정, 제공내용의 기록·관리, 제공받은 정보의 안전성 확보조치 등에 관한 별도의 규정을 두고 있다. 담당자는 위 형식과 절차에 위반하여 정보제공을 요구받으면 그 요구를 거부하여야 한다.  대법원 재판예규인 「금융거래정보·과세정보 제출명령에 관한 예규(재일 2005-1)」는 위 각 법률에 따른 제출명령의 형식 및 통보비용의 지급에 관한 사항을 정하고, 이에 따라 법원이 관련 기관에 금융거래정보제출명령, 과세정보제출명령을 발령하고 해당 정보를 회신받는 형태로 재판실무가 이루어져 왔다. 즉 금융거래정보나 과세정보는 민사소송법상 문서제출명령이 아닌 당해 법률규정에서 정한 요건과 절차에 따라 해당 정보의 제공을 요청하여야만 이를 제공받을 수 있고, 이 역시 특별법이 우선 적용되기 때문이라고 할 수 있다.   다. 다수의견에 대한 반박  1) 다수의견은 통신비밀보호법과 민사소송법은 국면을 달리하는 문제로서 각각 적용될 수 있다고 한다.  그러나 위와 같은 두 법률규정은 한편으로는 개인의 사생활 및 대화의 비밀과 자유에 대한 침해를 막기 위하여 그 영역에 관한 업무를 담당하는 전기통신사업자에게 통신사실확인자료에 대한 비밀을 유지하고 이를 제공하지 않을 의무를 부과하고, 다른 한편으로는 소송에서 대립하는 당사자 일방이 소지하고 있지 않은 영역의 증거를 수집할 수 있도록 상대방 당사자뿐만 아니라 제3자에 대하여도 업무상 보관하는 문서를 제출할 의무를 부과하는 것으로서 실질적·경험적으로 적용국면을 달리할 수 없고 각 법률규정이 동일한 수범자에게 모순되는 명령을 하고 있는 것으로 보아야 한다.  2) 다수의견은 통신비밀보호법 제13조의2의 해석상 민사소송법 제294조보다 엄격한 절차를 거쳐 발령되는 문서제출명령에 따른 제공이 허용된다고 한다.  그러나 충돌되는 규범을 모두 적용하는 것은 수범자에 대하여 양립불가능한 의무의 이행을 요구하는 것이어서 부당하다. 통신비밀보호법과 문서제출명령에 관한 민사소송법의 규정은 수범자인 전기통신사업자에게 ‘어떠한 행위를 해도 되는지에 대한 지시’라는 규범의 본질적 기능을 수행할 수 없도록 만드는 규범 충돌의 관계에 있다.   다수의견의 해석론은 일부 형사법 영역에서는 타당할 수 있다. 형법 제257조는 사람의 신체를 상해한 자에 대한 처벌규정이고, 「폭력행위 등 처벌에 관한 법률」 제2조 제2항은 요건을 가중하여 더 높은 법정형을 규정하는 형법의 특별법이다. 그렇지만 검사는 형이 가벼운 일반법을 우선 적용하여 형법상 상해죄로 기소할 수 있고, 법원 역시 이에 따라 판단할 수 있다. 수범자인 국민에게 ‘타인에게 상해를 입히는 행위를 금지’하는 것에서는 형법과 「폭력행위 등 처벌에 관한 법률」은 동일하므로 양 법률 사이에는 규범의 충돌이 발생하지 않는다.  이처럼 형사법에서 일반법이 특정한 내용의 행위를 지시하면서 특별법이 같은 의무에 관하여 특정한 행위에 대한 지시를 추가로 규정하더라도 수범자에게 요구되는 의무는 동일할뿐더러 일반법의 적용이 금지되지도 않으므로 이러한 경우에도 양 법률이 상호 모순·저촉되지 않고 법원은 두 규정을 각각 적용할 수 있다. 이를테면 대법원은 구 「공공기관의 운영에 관한 법률」(2016. 3. 22. 법률 제14076호로 개정되기 전의 것, 이하 같다) 제53조가 공공기관의 임직원 등을 형법상 뇌물죄 규정을 적용할 때 공무원으로 보도록 규정한 것과, 2010. 7. 23. 신설된 도로교통법 제129조의2가 도로교통공단의 임직원이 운전면허시험의 관리 등 공무의 성격을 가지는 일정한 업무에 관하여 형법 등에 따른 벌칙을 적용할 때에는 공무원으로 보도록 한 것에 대하여, 양 법률은 입법 목적, 입법연혁, 규정사항 및 적용 범위 등을 달리하여 서로 모순·저촉되는 관계에 있다고 볼 수 없고, 도로교통법 제129조의2에 대하여 구 「공공기관의 운영에 관한 법률」 제53조의 적용이 배제된다고 볼 수 없다고 판단한 바 있다(대법원 2016. 11. 25. 선고 2014도14166 판결 참조). 위 각 법률규정은 그 수범자인 도로교통공단 임직원이 일정한 영역의 업무를 할 때 공무원의 지위로 보게 되는 의무를 각각 부과할 뿐이지 그가 각 법률규정에 의하여 부담하는 의무 사이에 모순·충돌이 있는 것은 아니므로 어느 법률규정이 특별법에 해당하여 우선한다고 볼 수는 없다는 것이다.   3) 다수의견은 신법인 개정 민사소송법의 문서제출명령에 관한 규정이 우선 적용되어야 한다고도 한다.   특별법이 제정된 이후 일반법의 해당 조문이 개정된 경우 어느 법이 우선하는지는 입법자의 의도에 따라야 할 것이지만, 원칙적으로 입법자가 관련 법영역을 통일적으로 규율하기 위하여 새롭게 일반규범을 제정하지 않는 한 일반법이 개정되었다 하여 기존의 특별규범에 우선할 수 없다.   따라서 특별한 사정에 의하여 규정한 특별법은 그와 같은 특별한 사정의 변경이 없는 한 일반법보다 먼저 적용된다(대법원 1969. 7. 22. 선고 69누33 판결 참조). 가령 형법의 특별법인 소년법 제60조는 장기는 10년, 단기는 5년을 초과하지 않는 범위에서 부정기형을 선고하여야 한다고 정한다. 형법이 2010년 개정으로 유기징역형의 상한을 30년으로 높였지만, 형법의 개정조항이 아니라 소년법이 여전히 특별법으로서 우선 적용된다.   이 사건에서 일반적 제출의무를 부과하는 내용으로 민사소송법이 개정된 것이 더 늦은 시점이더라도 그 입법의도가 명백히 통신비밀보호법의 우선 적용을 배제하기 위한 것임을 인정할 사정이 없는 이상 여전히 특별법인 통신비밀보호법이 우선하여야 한다.   4) 다수의견은 법원이 신중하게 제도를 운용하면 되고 열람·복사를 제한하는 등의 조치를 취할 수 있다고 하나, 이 역시 수긍하기 어렵다.  가) 이 사건의 쟁점은 당사자가 아닌 제3자에 대한 문서제출명령이다. 제3자인 전기통신사업자는 해당 소송의 내용을 알지 못하므로 문서제출명령 대상 통신사실확인자료가 신청인의 주장사실과 관련성이 있는지, 그 신청이 모색적·포괄적인 것이어서 부당한지를 판단하기가 사실상 불가능하다. 반면 상대방 당사자는 의견을 진술할 기회를 가질 여지는 있더라도 일단 문서제출명령이 발령되면 이에 대해 불복할 권한이 없다.   나아가 통신비밀보호법에서 정한 통신사실 확인자료제공 절차에 의하여 취득한 통신사실확인자료는 그 제공요청의 목적이 된 범죄나 이와 관련된 범죄에 관한 것이 아닌 한 증거능력이 부정되므로(대법원 2014. 10. 27. 선고 2014도2121 판결 참조) 절차적 통제가 가능하다. 그러나 민사소송에서 통신사실확인자료에 대한 문서제출명령이 허용된다면 주장사실과 관련성이 없는 자료를 증거로 쓸 수 없는 제한이 있다고 보기도 어렵고, 법원이 자유심증에 의하여 그 내용을 제출자의 이익으로 판단하는 데에도 법령상 및 해석상 제한이 없다고 보인다. 결국 다수의견이 제시하는 내용은 이를 담당하는 재판부에 일응의 심리 및 판단 기준을 제시하는 것에 불과할 뿐 통신비밀의 침해로부터 당사자를 보호할 구체적이고도 실질적인 의미나 효력을 가진다고 보기가 어렵다.    나) 또한 민사소송의 당사자는 제한 없이 소송기록의 열람·복사 등을 신청할 수 있다(민사소송법 제162조 제1항). 당사자의 사생활에 관한 중대한 비밀이 적혀 있는 부분이라도 ‘당사자의 신청’에 따라 해당 부분의 열람·복사를 신청할 수 있는 자를 ‘당사자’로 한정할 수 있을 뿐이다(민사소송법 제163조 제1항). 법원이 민사소송의 당사자에게 그의 신청에 따른 제출문서의 열람·복사를 제한할 법률상 근거를 찾기 어렵다. 가사소송법이 적용되는 재판에 한하여 가사소송법 제10조의2 제2항에 따라 법원이 열람·복사가 제한되는 부분을 정할 수 있을 뿐이다.  대법원 재판예규인 「문서 등의 반환·폐기 등에 관한 예규(재민 2006-1)」 제2조에 따르더라도 참여사무관 등은 재판장의 지시를 받아 법원에 제출된 문서 중 당사자가 서증으로 제출하지 아니하거나 서증으로 제출하였으나 증거로 채택되지 아니한 문서 등을 제출자에게 반환하거나 폐기할 수 있다고 정하고 있을 뿐이다. 당사자가 문서제출명령에 따라 제출된 자료를 열람하기도 전에 법원이 주장사실과의 관련성을 임의로 먼저 판단하여 이를 폐기할 수는 없고, 또 당사자는 해당 자료가 주장사실과 관련성이 있다고 하는데도 법원이 관련성이 없다고 보아 당사자의 서증제출의사를 무시하고 이를 폐기할 수는 없다고 할 것이다.    5) 다수의견은 대법원이 정보공개법에서 정하고 있는 비공개대상정보도 문서제출명령의 대상이 된다고 판단한 선례를 통신사실확인자료가 문서제출명령의 대상이 된다고 볼 수 있다는 근거로 든다. 그러나 위 사건은 당사자가 소송에서 인용한 문서에 대해 제출을 명한 것일뿐더러, 정보공개법은 공공기관이 보유·관리하는 정보에 대한 국민의 공개 청구 등에 관한 사항을 정함으로써 국민의 알권리를 보장하기 위한 목적에서 제정된 것으로서 공공기관은 국민의 정보공개 청구권과 같은 권리 실현을 위하여 법에서 정한 의무를 다할 위치에 있다는 점에서 이 사건과는 사안을 달리한다.  라. 결론  1) 이 사건은 법률의 문언 자체가 비교적 명확한 개념으로 구성되어 있어 원칙적으로 더 이상 다른 해석방법은 활용할 필요가 없거나 제한될 수밖에 없는 경우(대법원 2009. 4. 23. 선고 2006다81035 판결 참조)에 해당한다고 할 것이다. 통신비밀보호법 제3조가 민사소송법을 포함하고 있지 않음은 문언 자체로 명확하다. 통신비밀보호법 제13조의2는 법원이 민사소송법 제294조에 의하여 전기통신사업자에게 통신사실확인자료제공을 요청할 수 있다고 규정한다. 민사소송법 제294조는 법원이 공공기관 등에 조사·송부의 촉탁을 할 수 있음을 정한 규정일 뿐이며 통신비밀보호법에서는 전기통신사업자에게 협조의무를 규정하지 않는다. 즉 통신비밀보호법의 각 규정은 민사소송법 제344조 이하에서 정한 문서제출명령을 통신사실확인자료를 제공할 수 있는 예외로 규정하고 있지 않음이 명확하다. 따라서 전기통신사업자에게 문서제출명령에 관한 민사소송법 규정에 따라 통신사실확인자료를 법원에 제출할 의무가 있다고 해석하는 것은 가능한 문언해석의 한계를 벗어나는 것이다. 더욱이 과태료는 국가가 법령에서 정한 의무를 위반한 국민에게 부과하는 질서벌로서 규정의 위반에 대하여 제재를 가하는 것이며 과태료의 재판은 검사의 명령으로 집행된다. 따라서 법이 정하고 있는 과태료의 부과 대상이 되는 의무 및 그 위반행위를 함부로 유추해석하거나 확대해석하는 것은 적절하다고 볼 수 없다.    2) 민사소송법 제351조는 제3자가 문서를 제출하지 않은 때에 제318조의 규정을 준용한다고 규정하고 제318조는 제311조 제1항, 제8항을 준용한다고 규정하므로, 제3자가 문서제출명령에 응하지 않아 문서를 제출하지 않으면 과태료의 제재를 받을 수 있고, 과태료를 부과하는 결정에 대하여는 즉시항고를 하여 다툴 수 있다. 과태료는 법령에서 정한 의무를 위반한 자에 대하여 국가가 부과하는 질서벌이므로, 과태료를 납부할 의무가 없는 경우임에도 과태료가 부과되었다면 당사자가 그러한 과태료 부과가 헌법과 법률에 위반되는 것임을 주장하는 것은 적법한 재항고사유에 해당한다.   3) 원심은 문서제출명령의 대상이 되지 않는 통신사실확인자료에 대한 제출을 명하는 문서제출명령이 발령되었음에도 그 위반을 이유로 한 과태료 부과가 정당하다고 판단하였다. 이러한 원심결정에는 통신비밀보호법상 통신사실확인자료의 제공 및 문서제출명령에 관한 법리를 오해하여 필요한 심리를 다하지 않음으로써 재판에 영향을 미친 헌법·법률 위반의 잘못이 있으므로, 원심결정은 파기되어야 한다.  이상과 같은 이유로 다수의견에 찬성할 수 없음을 밝힌다.   7. 다수의견에 대한 대법관 이흥구, 대법관 천대엽의 보충의견  다수의견에서 든 논거를 보충하면서 별개의견과 반대의견이 들고 있는 논거에 대하여 필요한 범위에서 반박하기로 한다.  가. 통신사실확인자료의 제공에 관한 통신비밀보호법의 규정은 통신사실확인자료에 대한 문서제출명령을 허용하고 있다고 해석하여야 하고, 통신비밀보호법과 민사소송법의 관련 규정이 상호 모순·저촉된다거나 규범의 충돌이 있다고 볼 수 없다.   1) 통신비밀보호법은 헌법이 보장하는 기본권에 해당하는 사생활 및 통신의 비밀과 자유를 보호하기 위하여 제정된 법률이고, 통신비밀보호법이 통신사실확인자료 제공에 관한 일반적 금지의무를 부과한 것은 이러한 기본권에 대한 제한은 법률이 정한 요건과 절차에 따라 행해지도록 하기 위함이다.   헌법은 재판청구권 또한 기본권의 하나로 보장하고 있다. 민사소송은 사법(私法)상 권리에 대한 침해의 구제 및 이를 통한 사법질서의 유지를 목적으로 한다. 민사소송은 분쟁을 적정하고 공평하게 해결할 수 있도록 운용되어야 하고, 당사자는 자기의 이익을 주장하고 증거자료를 제출할 기회를 동등하게 부여받을 수 있어야 한다. 그러한 절차를 충분히 보장함으로써 분쟁이 실체적 진실에 더 부합하게 해결될 수 있다. 증거의 편재가 존재하는 사건에서 당사자에게 증거를 수집할 수 있는 수단이 충분히 부여되지 않으면 실체적 진실의 발견과 이를 통한 적정한 재판의 실현과 같은 사법적(司法的) 이익을 확보하기 어렵게 된다. 민사소송법이 모든 문서가 원칙적으로 문서제출의무의 대상이 되도록 문서제출명령 제도를 확대한 것은 민사소송에서 높은 증거가치를 가지고 있는 서증에의 접근가능성을 높이고 이를 통한 실체 진실의 규명 등 사법적 이익을 충실하게 확보하기 위함이다.   이처럼 이 사건에서 문제되는 통신비밀보호법과 민사소송법의 관련 규정은 어느 것이나 헌법이 보장하는 기본권의 실현을 위하여 그 내용을 구체화한 것이다. 그러므로 각 법률의 근거가 되는 헌법상 권리와 가치가 최대한 구현될 수 있도록 규범을 조화롭게 해석함으로써 법체계의 통일성과 정합성을 도모하는 것이야말로 헌법의 기본권보장 정신과 법치주의의 이념에 부응한다.   2) 사생활의 비밀과 개인정보 보호의 중요성이 높아져 가고 있지만 한편으로는 그것이 소송에서 당사자의 주장을 증명할 수 있는 객관적 증거에 대한 접근가능성을 차단하는 측면으로 작용하는 것을 경계할 필요가 있다. 증거의 구조적 편재로 인하여 소송절차에서 열등한 지위에 있는 당사자가 특정한 영역에 있어서 적법한 증거수집 기회를 전혀 부여받지 못하게 될 경우에는 오히려 위법한 증거수집을 위한 행위로 나아가게 되거나 민사 분쟁의 형사사건화를 확대하는 결과에 이를 여지가 크다. 이러한 상황은 적법한 절차에 따른 분쟁의 적정한 해결이라는 공익에 현저히 반한다.   개인정보자기결정권의 측면에서도 문서제출명령을 통한 통신사실확인자료에의 접근을 허용할 필요가 있다. 개인정보자기결정권은 정보주체가 개인정보의 공개와 이용에 관하여 스스로 결정할 권리를 말하며, 사생활의 비밀과 자유, 일반적 인격권 등을 이념적 기초로 하는 독자적 기본권으로서 헌법에 명시되지 않은 기본권이다(헌법재판소 2005. 5. 26. 선고 99헌마513 등 전원재판부 결정 참조). 현재 전기통신사업자들은 한정된 기간 내의 통신사실확인자료만 보관하면서 해당 정보의 주체인 이용자 자신의 통화내역 조회 신청에 대해서도 발신내역만 제공하고 있다. 이러한 상황에서 제한된 기간 안에서라도 재판상 필요가 있다면 이용자에게 자신의 수·발신 정보 모두를 취득하도록 하여 소송상 주장에 대한 증명의 기회를 주는 것은 개인의 자기정보 통제 및 접근의 측면에서 도움이 될 수 있다.   특정한 내용의 문서가 소송에서 어떠한 방법에 의하여 증거로 제출될 수 있는지는 본질적으로 민사소송 제도를 규율하는 절차법에서 정할 문제이다. 문서제출명령과 같이 소지인에게 제출의무를 부과하여 제출을 강제하는 방법으로라도 해당 문서를 소송절차에 현출시켜 달성하려는 이익과 그 문서에 기재된 내용에 비밀을 유지할 필요가 있어 그것이 공개됨으로 인하여 발생할 수 있는 불이익은 개별 문서제출명령의 발령 여부를 결정할 때 비교형량되어야 할 문제일 뿐이다. 사법(私法)상 분쟁의 대상이 되거나 그와 관련한 일정 영역이 비밀의 유지 및 정보 제공에 관하여 정하는 개별 법률의 일반적 적용 대상이 된다는 이유만으로 문서제출명령 제도의 적용이 전면적으로 배제된다고 보는 것은 민사소송 제도 및 이를 규율하기 위한 절차법인 민사소송법이 갖는 공권적(公權的) 성격과 공익적 측면을 고려하지 않은 해석론으로서 타당하다고 볼 수 없다. 통신비밀보호법에 의한 사생활 및 통신의 비밀 보호의 요청과 민사소송법에 의한 실체 진실 발견의 도구로서 통신사실확인자료의 제한적 개시의 요청은, 서로 상충되는 법익이 아니라 상호 보완적으로 작용되어야 할 법익이기 때문이다.  3) 통신비밀보호법은 최초에는 수사기관의 불법감청 및 통신제한조치의 요건과 절차에 관한 내용을 주로 규정하였다. 그 후 휴대전화의 광범위한 보급으로 그 사용이 늘어남에 따라 통신사실확인자료 제공 요청이 많아지면서 통신비밀보호법은 2001년 법 개정을 통해 통신사실확인자료에 대한 수사기관의 제공 요청 및 법원의 허가 등에 관한 요건과 절차를 규정하였다. 이때 신설된 통신비밀보호법 제13조의2는 법원이 재판상 필요한 경우에는 전기통신사업자에게 통신사실확인자료 제공을 요청할 수 있다고 정하였는데, 이는 통신비밀보호법 제3조가 정한 일반적 금지의무의 예외에 해당한다. 이와 같은 법률의 개정은 통신사실확인자료가 일반적으로는 비밀 유지가 필요한 보호 대상이지만 법원의 재판상 필요에 의한 공익적 요청이 있으면 이를 제공받을 수 있는 명시적 근거를 마련하였다는 데에 그 의미를 찾을 수 있다.   한편 개정 민사소송법은 통신비밀보호법 제13조의2가 신설된 이후 문서제출명령에 관하여 일반적 제출의무를 도입하였다. 제3자에 대한 문서제출명령과 조사의 촉탁은 모두 당사자가 소지하고 있지 않은 자료를 증거로 사용하기 위하여 이를 보유한 제3자에게 제출하도록 하는 증거방법이라는 점에서 기본적인 취지를 같이한다. 다만 문서제출명령은 당사자의 증거에의 접근가능성 및 진실 해명 등의 사법적(司法的) 이익을 확보하기 위하여 제출의무가 부과됨을 명시하였고, 이는 민사소송절차에 있어서 증거의 구조적 편재 시정을 위한 핵심적 요소라고 할 수 있다. 법원에 의한 조사의 촉탁 역시 우리나라의 재판권이 미치는 공공기관이나 단체, 개인은 국가 사법질서 유지에 협력해야 할 일반적 공법상의 의무를 부담한다는 점에서 그에 응하여야 할 일반적인 공법상의 의무는 있다고 해석되고, 다만 그에 관한 명시적인 규정 및 불이행에 따른 제재 규정이 마련되어 있지 않다는 점에서 차이가 있을 뿐이다. 중요한 것은 통신비밀보호법이 민사소송에도 법원의 재판상 필요에 의하여 통신사실확인자료가 제공될 수 있는 근거를 마련하였다는 것으로, 조사의 촉탁에 비해 보다 엄격한 심사를 수반하는 문서제출명령 방식에 의한 민사소송에서의 통신사실확인자료 제공이 통신비밀보호법의 관련 규정의 취지를 벗어난 것이라고 볼 수 없다. 그러므로 통신비밀보호법에서 전기통신사업자의 협조의무를 명시하고 있는지 여부를 통신사실확인자료가 문서제출명령의 대상이 되는지를 판단하는 주된 근거로 삼는 것은 적절하지 않다.  4) 금융실명법, 국세기본법 및 지방세기본법 등이 ‘법원의 제출명령’을 통해 법원에 금융거래정보와 과세정보를 제공하는 것이 가능하다는 규정을 두고 있는 것도, 법원이 정보의 제공을 필요로 하는 공익적 요청이 있는 경우에는 그 정보를 제공해 줄 수 있다는 데에 주된 취지가 있다고 보아야 한다. 종전에 법원이 민사소송법에서 정한 증거방법인 조사의 촉탁, 문서송부촉탁, 문서제출명령 등에 근거하여 해당 정보의 제공을 요구하였음에도 세무공무원 등 위 각 법률에 따른 정보를 관리하는 공공기관 등이 해당 법률에서 정한 ‘제출명령’에 근거한 요청이 아니라는 이유로 이를 거절하는 경우가 있었다. 이러한 재판실무상 문제점을 해결하고자「금융거래정보·과세정보 제출명령에 관한 예규(재일 2005-1)」가 민사소송법에서 정한 위 증거방법이 ‘제출명령’에 속함을 확인하고 제출명령의 양식을 사용하여 정보의 제공을 요청하도록 한 것일 뿐이지, 그러한 정보 제공을 요청하는 근거가 민사소송법의 증거에 관한 규정에 있거나 그로부터 유래되는 것임을 부정하는 것이라고 볼 수는 없다.   5) 이상과 같은 통신비밀보호법의 입법 취지와 입법 목적, 법원의 통신사실확인자료에 대한 제공 요청에 관한 통신비밀보호법 제13조의2의 신설 경위와 개정 시기, 민사소송법에서 문서제출명령에 관하여 일반적 제출의무를 도입한 목적과 개정 시기를 종합적으로 고려할 때, 통신비밀보호법 제13조의2가 민사소송법 제294조만을 규정하고 있더라도 통신사실확인자료 역시 문서제출명령의 대상이 된다고 해석함이 타당하고, 이와 달리 법률 조항의 형식만을 중시하여 통신사실확인자료에 대해서는 조사의 촉탁 방법에 의한 제공만 가능하다고 해석하는 것은 통신비밀보호법의 진정한 입법 목적과 배치되는 결과에 이르게 되는 것으로서 부당하다.   반대의견에서 언급하는 규범의 충돌은 법률의 여러 해석방법을 동원하여 법해석의 요청에 부응하는 타당한 해석을 하더라도 각 규범 간의 모순을 합리적으로 해소할 수 없을 때 비로소 문제될 뿐, 위와 같이 통신비밀보호법의 관련 규정을 입법 취지에 맞게 조화롭게 해석할 수 있는 이상 통신비밀보호법과 민사소송법 사이에 규범의 충돌이 있다고 볼 수 없다.  나. 반대의견은 통신비밀보호법에서 정한 통신사실 확인자료제공 요청 절차에 의하지 않는 통신사실확인자료의 제공은 개인의 권리 보호 절차가 미흡하고, 열람·복사를 제한할 근거도 없어 정보의 유출 가능성이 크므로 허용될 수 없다고 한다.   그러나 다수의견은 모색적 증거수집의 일환으로 이루어지는 문서제출명령 신청에 대해서까지 일률적으로 문서제출명령을 허용해야 한다는 취지가 아니다. 통신비밀보호법과 같이 특정한 내용의 정보에 대한 비밀유지와 정보제공에 관한 법률이 있는 경우라면 그러한 법률의 입법 취지까지 고려하여 심문절차에서 제출을 명할 내용과 기간 등을 신중하고 엄격하게 심리하고 이익형량을 거쳐 문서제출명령의 발령 여부를 결정하는 것이 가장 우선되어야 하며, 이를 통해 각 법률이 추구하고자 하는 목적을 조화롭게 구현할 수 있다. 전기통신사업자는 제출을 거부할 법률상 정당한 이유가 있으면 불복절차를 통해 다툴 수 있고, 불복 여부 및 문서제출명령 발령의 타당성은 해당 소송의 당사자와 문서제출명령의 신청취지, 제출을 명하는 통신사실확인자료의 내용과 범위 등을 고려하여 충분히 판단될 수 있기 때문이다. 적법하게 확보된 증거의 유출 위험성과 이를 막기 위한 노력 및 적절한 조치가 취해질 필요는 모든 소송에서 동일하게 문제되는 것으로, 특별히 문서제출명령에 따라 제공된 통신사실확인자료의 유출 우려 때문에 통신사실확인자료에 대해서는 문서제출명령을 아예 발령할 수 없다거나 제3자의 통화내역에 대한 문서제출명령은 전혀 허용될 수 없다고 보는 것은 부당하다.    다. 현재 ‘우리 실정에 맞는 디스커버리 제도’ 도입을 위한 민사소송법 개정 논의가 진행되고 있다. 이러한 시도는 개정 민사소송법이 일반적 제출의무를 도입하여 문서제출명령을 확대하였음에도 여전히 증거의 구조적 편재를 극복하기에 부족하고 그 때문에 약자의 권리 보호 및 실체적 정의에 부합하는 재판의 실현에 어려움이 있음을 방증한다. 우리 실정에 맞는 디스커버리 제도가 도입되더라도 이 사건과 같이 비밀의 유지가 필요한 자료에 대한 문서제출명령에 관하여 제출의무의 존부 및 범위에 대한 해석론은 여전히 문제가 될 수 있다. 자칫 상충되어 보일 수도 있는 두 법익의 조화를 도모하고 각 법률의 입법 취지를 실현할 수 있도록 제도를 운용하는 것이야말로 사법부의 역할이다.    라. 과태료 재판인 이 사건에서 문서제출명령의 발령이 적법·적정하였는지의 문제와는 별개로 그러한 문서제출명령 발령의 전제, 즉 통신사실확인자료가 문서제출명령의 대상이 되는지는 과태료 부과가 법률에 근거하고 있는지와 연관된 문제이다. 위반자에게 문서제출명령에 따라 문서를 제출할 법률상 의무가 없다면 그 자료의 제출을 거부하였음을 이유로 한 과태료 부과 자체가 부당하다고 할 것이고, 따라서 이 사건에서 통신사실확인자료가 문서제출명령의 대상이 될 수 있는지는 적법한 재항고사유가 된다고 볼 수 있다.   이상과 같이 다수의견에 대한 보충의견을 밝힌다.   8. 반대의견에 대한 대법관 민유숙의 보충의견  가. 반대의견은, 전기통신사업자가 통신사실확인자료를 제출할 의무를 부담하는지에 관하여 통신비밀보호법과 민사소송법의 관련 규정이 모순·충돌되고 이는 특별법인 통신비밀보호법을 우선함으로써 해소되어야 하므로, 법원은 민사소송법을 근거로 통신사실확인자료에 대하여 문서제출명령을 할 수 없다는 견해를 밝혔다.  아래에서는 관점을 바꾸어 다수의견에 따라 통신사실확인자료에 대하여 문서제출명령을 할 수 있다고 볼 때 향후 재판절차의 운용 및 문서제출명령 채택 여부에 관한 판단 기준을 제시하고자 한다.  나. 제1심의 문서제출명령 채택 결정 및 범위는 다수의견이 제시한 엄격한 기준을 충족하였다고 볼 수 없다.   이 사건 문서제출명령 신청은 그 대상기간이 장기간이고 제출을 요구하는 내역 또한 모색적이고 포괄적이며, 구체적으로 무슨 이유로 어떠한 내역에 대한 제출이 필요한지도 밝히지 않고 있어 문서제출명령 신청과 증명사항 사이의 관련성에 대한 소명이 매우 부족하다. 즉 이 사건 문서제출명령 신청은 상대방 당사자의 2015. 7. 1.부터 신청일인 2016. 7. 27.까지 1년이 넘는 기간의 통화내역에 대하여 제한 없이 제출을 요청한 것으로서, 전기통신사업자가 통화일시, 통화 개시·종료시각, 착·발신 통신번호 등 통화상대방의 가입자번호 및 사용도수 등을 기계적, 자동적으로 기록한 광범위한 정보 모두가 그 대상에 포함되어 있다.   그럼에도 제1심법원은 신청일로부터 며칠 후 신청을 전면적으로 받아들여 문서제출명령을 발령하였는데 그때까지의 소송절차는 소장 및 답변서 제출, 조정회부결정과 조정위원회의 조정불성립 결정이 있었을 뿐 제1심법원이 문서제출명령의 채택 여부 및 범위에 관하여 심리한 흔적은 보이지 않는다.  이러한 제1심법원의 심리·판단이 다수의견이 제시한 기준에 부합하는지 의문이다. 다수의견의 결론은 ‘통신사실확인자료가 문서제출명령의 대상이 될 수 있다.’는 원심판단을 수긍한 것일 뿐 이 사건 문서제출명령이 다수의견이 제시하는 기준에 부합하는 정당한 판단이라고 인정한 것으로 보이지는 않는다. 향후 재판실무에서 법원이 통신사실확인자료에 대한 문서제출명령 신청의 채택 여부를 판단할 때 이 사건 사안에서의 제1심의 구체적 결론은 결코 그 기준이 될 수 없다는 점을 강조하고자 한다.    다. 향후 재판사무는 헌법상 기본권 보호와 통신비밀보호법의 입법 목적에 따라 운용되어야 한다.   헌법은 사생활의 비밀과 자유 및 통신의 비밀을 침해받지 않을 권리를 국민의 기본권의 하나로 선언하고 있고, 통신비밀보호법의 목적은 통신 및 대화의 비밀과 자유를 제한할 때 그 대상을 한정하고 엄격한 법적 절차를 거치도록 함으로써 통신비밀을 보호하고 통신의 자유를 신장하고자 하는 데에 있으며, 이러한 취지에서 통신비밀보호법은 통신사실확인자료의 제공을 원칙적으로 금지하고 있다. 통신비밀보호법의 입법 취지를 고려할 때 통신사실확인자료에 대한 문서제출명령은 이를 신청하는 당사자 측의 증명 필요나 사생활의 비밀 및 자유와 소송에서의 실체적 진실 발견 사이의 단순한 이익형량만으로는 부족하고, 문서제출명령을 허용함으로써 얻을 수 있는 이익이 더 큰 경우나 조사·송부의 촉탁의 방법에만 의하면 오히려 헌법상 기본권이 침해될 여지가 있는 경우 등 그 입법 목적을 압도하는 법익의 달성이 필요하고 통신사실확인자료로 증명하고자 하는 사실과 주장사실 간에 단순한 개연성을 넘어서는 강한 연관성이 존재하는 때에 한하여 예외적으로만 이를 허용할 수 있다.   헌법이 보장하는 재판청구권은 법관에 의하여 절차법이 정한 절차에 따라 실체법이 정한 내용대로 재판을 받을 권리를 보장한다는 것이며, 입법자는 재판청구권의 본질적 침해가 없는 한 합리적인 입법 재량의 한계를 일탈하지 않는 범위 내에서 그 구체적인 내용을 형성할 수 있다(헌법재판소 1993. 11. 25. 선고 91헌바8 전원재판부 결정, 대법원 2009. 9. 28. 자 2009카기360 결정 참조). 민사소송의 한쪽 당사자가 법원의 강제력 있는 명령에 의하여 자신에게 유리한 증거를 취득할 수 있는지 및 그 허용 요건 또한 입법자가 정한 법률에 의해 구체적으로 형성되는 것이므로, 통신사실확인자료에 대한 문서제출명령에서도 통신비밀보호법의 규정과 그 입법 취지가 충분히 고려되어야 한다.      또한 민사소송은 대등한 당사자의 분쟁을 해결해 주는 수동적인 작용이다. 민사소송은 개인 간의 다툼이 문제되는 것으로서 누구든지 제한 없이 소를 제기할 수 있고 원고가 상대방을 의무이행자로 지목하여 소제기함으로써 소송절차가 시작된다. 심지어 통모에 의한 소제기를 하여 형식적으로 다투더라도 진정한 소제기와 그렇지 않은 것을 판별하는 것은 무척 어렵다. 민사소송법 제162조 제1항에 따르면 소송당사자가 아닌 제3자도 이해관계만 소명하면 누구나 소송기록을 열람할 수 있다.   이와 같은 민사소송의 본질에 비추어, 실체적 진실발견을 위하여 헌법과 법률로 보장되는 상대방 당사자의 권리를 제한하는 재판인 문서제출명령을 허용하는 것에는 본질적 한계가 존재할 수밖에 없고, 이를 허용하지 않으면 재판청구권이 완전히 유명무실해지는 등 공정한 재판을 기대하기 어려운 경우에 한정하여 문서제출명령을 허용하여야 한다.     라. 특히 ‘소송 당사자가 아닌 제3자’가 정보의 귀속주체인 경우 제3자의 통화내역에 대한 문서제출명령 신청은 허용되어서는 안 될 것이다. 반대의견에서 밝힌 것처럼 문서제출명령의 심리 과정에서 심문은 그 제출의무자에 대하여만 행해지고, 통화내역 등 정보의 귀속주체에 대한 통지 절차가 구비되어 있지 않다. 따라서 정보의 귀속주체가 당해 소송의 당사자가 아닌 경우에는 자신의 정보가 타인 간의 소송에 제공된다는 사실조차 통지받지 못하게 되어 통신비밀보호법이 정한 통신사실확인자료의 제공에 관한 원칙과 절차에 현저히 반하게 된다.  마. 통신사실확인자료에 대한 문서제출명령은 엄격한 심리를 거쳐 제한적으로 허용되어야 하고 그 채부 결정에서 통신비밀보호법의 입법 취지가 몰각되지 않도록 유의하여야 한다.     이상과 같이 반대의견에 대한 보충의견을 밝힌다.대법원장 김명수(재판장) 조재연 박정화 안철상 민유숙 김선수 이동원 노정희 노태악 이흥구 천대엽(주심) 오경미 오석준 "
238101,이혼및위자료,2022르5696,의정부지방법원,내용없음,"원고, 항소인 원고 (소송대리인 변호사 이재준)피고, 피항소인 피고 (소송대리인 법무법인 태웅 담당변호사 김수연)사건본인 사건본인 1 외 1인제1심판결 의정부지방법원 고양지원 2022. 7. 5. 선고 2019드단67057 판결변론종결2023. 3. 15.주    문  1. 제1심판결 주문 중 제6항을 취소한다.  2. 이 사건 소 중 재산분할 청구 부분은 원고의 2022. 5. 3.자 소취하로 종료되었다.  3. 원고의 나머지 항소를 기각한다.  4. 소송총비용은 각자 부담한다.청구취지 및 항소취지 1. 청구취지   원고와 피고는 이혼한다. 피고는 원고에게 위자료로 20,000,000원 및 이에 대하여 이 사건 소장 부본 송달일 다음날부터 다 갚는 날까지 연 12%의 비율로 계산한 돈을 지급하라. 사건본인들의 친권자 및 양육자로 원고를 지정한다. 피고는 원고에게 사건본인들의 양육비로 제1심판결 선고일 다음날부터 사건본인들이 각 성년에 이르기 전날까지 사건본인 1인당 월 500,000원을 매월 말일에 지급하라. 피고는 원고에게 재산분할로 57,000,000원 및 이에 대하여 이 사건 판결 확정일 다음날부터 다 갚는 날까지 연 5%의 비율로 계산한 돈을 지급하라.  2. 항소취지   제1심판결 중 위자료청구 부분을 취소한다. 피고는 원고에게 위자료로 20,000,000원 및 이에 대하여 이 사건 소장 부본 송달일 다음날부터 다 갚는 날까지 연 12%의 비율로 계산한 돈을 지급하라. 제1심판결 중 친권자 및 양육자 지정, 양육비지급, 재산분할 청구 부분을 다음과 같이 변경한다. 사건본인들의 친권자 및 양육자로 원고를 지정한다. 피고는 원고에게 사건본인들의 양육비로 이 사건 항소심 판결 선고일 다음날부터 사건본인들이 각 성년에 이르기 전날까지 사건본인 1인당 월 500,000원을 매월 말일에 지급하라. 피고는 원고에게 재산분할로 57,000,000원 및 이에 대하여 이 사건 판결 확정일 다음날부터 다 갚는 날까지 연 5%의 비율로 계산한 돈을 지급하라.이    유1. 인정사실  이 법원이 이 부분에 적을 이유는, 제1심판결 이유 해당 부분 기재와 같으므로, 가사소송법 제12조, 민사소송법 제420조 본문에 의하여 이를 그대로 인용한다.2. 친권자 및 양육자 지정, 양육비지급, 재산분할 청구 부분의 계속 여부  가사비송 절차에 관하여 가사소송법에 특별한 규정이 없으면 비송사건절차법 제1편의 규정을 준용하고(가사소송법 제34조), 비송사건절차법은 소취하에 있어 상대방의 동의를 요하는 민사소송법 제266조 제2항을 준용하고 있지 않다. 따라서 비송사건은 그 취하에 상대방이 동의하였는지와 무관하게 취하로 해당 절차가 종료된다.   이 사건 소 중 재산분할, 친권자 및 양육자 지정, 양육비지급 청구 부분은 모두 마류 가사비송사건에 해당하는데, 이를 가사소송법 제14조에 의하여 나류 가사소송사건인 재판상 이혼 청구에 병합한 것이다. 그런데 원고가 제1심 변론종결 후인 2022. 5. 3. 소취하서를 제출한 사실은 이 법원에 현저한데, 이 사건 소 중 원고의 청구로 절차가 개시된 위 각 가사비송사건 부분은 피고의 부동의와 관계없이 곧바로 종료되었다. 제1심법원은 이를 간과하고 위 각 가사비송사건 부분에 대하여 판결하였는바, 그중 당사자의 청구에 의하여만 절차가 개시되는 재산분할 부분, 즉 제1심판결 주문 제6항은 위법하여 직권으로 이를 취소한다.   다만, 제1심법원이 원고의 재판상 이혼 청구를 인용한 이상, 양육에 관한 사항의 협의가 이루어지지 아니한 때에 해당함을 이유로 직권으로 친권자 및 양육자 지정, 양육비, 면접교섭에 대하여 판단할 수 있는바(민법 제843조, 제837조 제4항. 제1심법원은 면접교섭에 대하여는 원고의 청구가 없음에도 위 규정에 근거하여 직권으로 판단하였다), 제1심법원이 원고의 소취하에도 불구하고 주문 제3, 4,항에서 친권자 및 양육자 지정, 양육비에 대해 판결하였다고 하여 이를 곧바로 위법한 것으로 볼 수는 없으므로, 이에 대하여는 아래 제4항에서 본다.3. 이혼 및 위자료 청구에 관한 판단  이 법원이 이 부분에 적을 이유는 제1심판결 이유 부분 제2항 기재와 같으므로, 가사소송법 제12조, 민사소송법 제420조 본문에 의하여 이를 그대로 인용한다.4. 친권자 및 양육자 지정, 양육비, 면접교섭에 관한 직권 판단  재판상 이혼에 따른 자녀의 양육책임 등에 대하여는 민법 제837조를 준용하는데(민법 제843조), 양육자의 결정, 양육비용의 부담, 면접교섭권의 행사 여부 및 그 방법을 포함한 양육에 관한 사항의 협의가 이루어지지 아니하거나 협의할 수 없는 때에는 가정법원은 직권으로 또는 당사자의 청구에 따라 이에 관하여 결정하되, 이 경우 그 자의 의사·연령과 부모의 재산상황, 그 밖의 사정을 참작하여야 한다(민법 제837조 제1 내지 4항). 원고의 청구로 절차가 개시된 친권자 및 양육자 지정, 양육비 청구 부분이 원고의 2022. 5. 3.자 소취하로 인하여 종료된 사실은 앞서 본 것과 같으나, 원고의 재판상 이혼 청구가 인용되었음에도 양육에 관한 사항의 협의가 이뤄지지 않은 점, 다만 원피고가 양육에 관한 사항에 대해 충분히 공방을 벌여 법원이 그에 관한 결정을 할 수 있을 정도로 충분한 심리가 이뤄진 점 등에 비추어, 직권으로 친권자 및 양육자 지정, 양육비, 면접교섭에 대하여 판단함이 타당하다고 할 것이다.가. 친권자 및 양육자 지정    원고와 피고의 혼인 생활 및 파탄 경위, 사건본인들과의 친밀도, 사건본인들의 나이, 현재까지의 양육 상황, 당사자들의 의사 등 이 사건 변론 과정에서 나타난 모든 사정을 고려하여, 사건본인들의 친권자 및 양육자로 피고를 지정함이 타당하다. 나. 양육비    원고는 사건본인들의 아버지로서 피고와 함께 사건본인들을 양육할 책임이 있다. 원고와 피고의 직업, 소득, 경제상황, 사건본인들의 나이 등 이 사건 변론에 나타난 여러 사정을 고려하여, 원고가 제1심판결 선고일이 속한 2022. 7.부터 피고에게 지급할 양육비를 사건본인 1인당 월 700,000원으로 정함이 타당하다. 다. 면접교섭    원고는 비양육친으로서 사건본인들의 복리에 반하지 않는 한 사건본인들과 면접교섭할 권리가 있다. 면접교섭에 관하여는 사건본인들의 나이, 양육 상황, 당사자들의 의사 등 이 사건 변론에 나타난 여러 사정을 고려하여 제1심판결 주문 제5항 기재와 같이 정함이 타당하다.5. 결론  그렇다면 이 사건 소 중 재산분할 청구 부분은 소취하로 종료되었고, 원고의 이혼 청구는 이유 있어 인용하며, 위자료 청구는 이유 없어 기각하고, 친권자 및 양육자 지정, 양육비, 면접교섭에 관하여는 위와 같이 정하여야 할 것이다. 따라서 제1심판결 주문 중 제6항을 취소하고 이 사건 소 중 재산분할 청구 부분에 대한 소송종료선언을 하며, 제1심판결 중 이를 제외한 나머지 부분은 이 법원과 결론을 같이하여 정당하므로 원고의 나머지 항소를 기각하기로 하여, 주문과 같이 판결한다.판사 박정기(재판장) 박주영 김보현 "
238757,이혼및재산분할등·이혼등,2021르6860,대구가정법원,내용없음,"원고(반소피고), 피항소인 원고(반소피고) (소송대리인 변호사 송선아)원고, 피항소인 원고(반소피고)의 일부 소송수계인 파산채무자 원고(반소피고)의 파산관재인 ○○○피고(반소원고), 항소인 피고(반소원고) (소송대리인 변호사 금정호)사건본인 사건본인 1 외 3인제1심판결 대구가정법원 안동지원 2021. 11. 16. 선고 2020드단10214 판결변론종결2022. 12. 22.주    문  1. 당심에서 제기된 반소 이혼 청구를 포함하여 제1심 판결 중 이혼 및 재산분할 부분을 다음과 같이 변경한다.   가. 본소 및 반소에 의하여 원고(반소피고)와 피고(반소원고)는 이혼한다.   나. 재산분할로,    (1) 원고(반소피고)의 일부 소송수계인 파산채무자 원고(반소피고)의 파산관재인 ○○○은 피고(반소원고)로부터 73,000,000원을 지급받음과 동시에 피고(반소원고)에게 별지1 기재 부동산 지분에 관하여 이 판결 확정일자 재산분할을 원인으로 한 소유권이전등기절차를 이행하고,   (2) 피고(반소원고)는 원고(반소피고)의 일부 소송수계인 파산채무자 원고(반소피고)의 파산관재인 ○○○으로부터 위 (1)항 기재 소유권이전등기절차를 이행 받음과 동시에 원고(반소피고)의 일부 소송수계인 파산채무자 원고(반소피고)의 파산관재인 ○○○에게 73,000,000원을 지급하라.  2. 제1심 판결에 양육비 부분을 다음과 같이 추가한다.    피고(반소원고)는 원고(반소피고)에게 사건본인들의 양육비로 2023. 1.부터 사건본인들이 각 성년에 이르기 전날까지 사건본인 1인당 월 500,000원을 매월 말일에 지급하라.   3. 피고(반소원고)의 나머지 항소를 기각한다.   4. 소송총비용은 본소, 반소를 합하여 각자 부담한다.  5. 제2항의 금원지급 부분은 가집행할 수 있다.청구취지 및 항소취지1. 청구취지  가. 본소  ○ 원고(반소피고, 이하 ‘원고’라 한다)원고와 피고(반소원고, 이하 ‘피고’라 한다)는 이혼한다. 사건본인들의 친권자 및 양육자로 원고를 지정한다.   ○ 원고의 일부 소송수계인 파산채무자 원고의 파산관재인 ○○○(이하 ‘원고 파산관재인’이라 한다)피고는 원고 파산관재인에게 위자료로 10,000,000원 및 이에 대하여 이 사건 소장 부본 송달일 다음날부터 다 갚는 날까지 연 12%의 비율로 계산한 돈을 지급하라. 피고는 원고 파산관재인에게 재산분할로 100,000,000원 및 이에 대하여 이 판결 선고일부터 다 갚는 날까지 연 12%의 비율로 계산한 돈을 지급하라.  나. 반소원고와 피고는 이혼한다. 사건본인 2, 사건본인 4에 대한 친권자 및 양육자로 피고를 지정한다(피고는 당심에 이르러 반소를 제기하였다). 2. 항소취지제1심 판결 중 피고 패소 부분을 모두 취소하고, 그 부분에 해당하는 원고들의 청구를 모두 기각한다. 이    유본소와 반소를 함께 본다. 1. 이 법원의 심판 범위원고는 2020. 3. 5. 피고에 대하여 이혼, 위자료 지급, 재산분할, 사건본인들의 친권자·양육자를 위 원고로 지정해 줄 것을 구하는 이 사건 본소를 제기하였고, 원고가 2020. 10. 13. 인천지방법원 2020하단100607호로 파산선고 결정을 받음에 따라 선임된 원고 파산관재인이 위 소송 중 위자료, 재산분할 청구 부분을 수계하였다. 이에 관하여 제1심 법원은 원고의 이혼 청구를 인용하고 사건본인들의 친권자·양육자로 원고를 지정하면서, 원고 파산관재인의 위자료 청구는 기각하고 재산분할에 관하여 정하는 내용의 판결을 선고하였다. 이에 피고만이 제1심 판결 중 피고 패소 부분에 관하여 항소하였으므로, 제1심 판결 중 다툼이 없는 원고 파산관재인의 피고에 대한 위자료 청구 부분은 이 법원의 심판 범위에서 제외되었다.2. 기초사실  가. 이 법원이 이 부분에 관하여 설시할 이유는 아래 나.항 기재와 같이 추가하거나 고쳐 쓰는 것 외에는 제1심 판결 이유 1.항 기재와 같으므로, 가사소송법 제12조 본문, 민사소송법 제420조 본문에 따라 이를 그대로 인용한다.  나. 추가하거나 고쳐 쓰는 부분○ 제1심 판결 이유 1. 다.항 뒷부분에 아래와 같이 추가한다. 『한편, 피고는 사건본인 2, 사건본인 4에 대한 위 학대행위와 관련하여 2022. 7. 18. 대구가정법원 안동지원 2022동버4호로 40시간 수강명령의 아동보호처분을 받았다. ○ 제1심 판결 이유 1. 라.항을 아래와 같이 고쳐 쓴다.』『원고는 2020. 3. 5. 피고에 대하여 이혼, 위자료 지급, 재산분할 등을 구하는 소(이 사건 본소)를 제기하였고, 피고는 당심이 계속 중인 2022. 4. 15. 원고에 대하여 이혼 등을 구하는 이 사건 반소를 제기하였다.』  ○ 제1심 판결문 제3쪽 인정근거에 ‘갑 제23호증의 기재’를 추가한다.3. 본소 및 반소 각 이혼 청구에 관한 판단  가. 본소 및 반소 각 이혼 청구 : 민법 제840조 제6호의 사유로 이유 있음  나. 판단근거  1) 이 법원이 이 부분에 관하여 설시할 이유는 아래 2)항 기재와 같이 추가하거나 고쳐 쓰는 것 외에는 제1심 판결 이유 2. 다.항 기재와 같으므로, 가사소송법 제12조 본문, 민사소송법 제420조 본문에 따라 이를 그대로 인용한다.  2) 추가하거나 고쳐 쓰는 부분  ○ 제1심 판결 이유 2. 다. 2)항을 아래와 같이 고쳐 쓴다.   『원고와 피고는 가정 내의 여러 문제로 심각한 다툼을 벌였고, 이러한 사유가 원인이 되어 상당기간 별거 중인 점, 원고와 피고가 본소와 반소로 각 이혼을 청구하면서 쌍방 별거기간 동안 서로 관계회복을 위한 구체적·적극적 노력을 기울였다고 보이지 않는 점, 이혼소송이 진행되면서 감정의 골이 더 깊어져 추후 관계가 회복될 가능성이 희박해 보이는 점 등을 종합하여 보면, 원고와 피고의 혼인관계는 더 이상 회복할 수 없을 정도로 파탄에 이르렀다고 판단된다.   한편, 부부는 혼인 생활을 함에 있어서 애정과 신의 및 인내로써 서로를 이해하며 보호하여 혼인 생활의 유지를 위한 최선의 노력을 기울여야 하고, 혼인 생활 중에 그 장애가 되는 여러 사태에 직면하는 경우가 있다 하더라도 그러한 장애를 극복하기 위한 노력을 다하여야 한다(대법원 1999. 2. 12. 선고 97므612 판결 참조).  위 인정사실 및 변론 전체의 취지에 의하면, 원고와 피고는 부부로서 혼인생활 중 발생하는 부부갈등 상황을 이해, 자제 및 설득을 통하여 극복하기 위한 최선의 노력을 다하지 아니한 채 다툼을 반복하다가 관계의 단절에까지 이르게 된 것으로, 혼인관계 파탄의 책임은 원고와 피고 모두에게 대등하게 있다고 봄이 상당하다.』  다. 소결론  따라서 본소 및 반소에 의하여 원고와 피고는 이혼한다.4. 본소 재산분할 청구에 관한 판단  가. 이 법원이 이 부분에 관하여 설시할 이유는 아래 나.항 기재와 같이 고쳐 쓰고, 제1심 판결의 별지 분할재산명세표를 이 판결에 첨부된 별지2 분할재산명세표로 교체하며 별지3 불인정재산명세표를 추가하는 것 외에는 제1심 판결 이유 3.항 기재와 같으므로, 가사소송법 제12조 본문, 민사소송법 제420조 본문에 따라 이를 그대로 인용한다.  나. 제1심 판결문 제5쪽 제17행부터 제7쪽 제1행 ‘지급할 의무가 있다’까지를 아래와 같이 고쳐 쓴다. 『2) 분할대상 재산 및 가액  별지1 분할재산명세표 기재와 같고(가액 100,000원 미만의 재산은 제외한다), 당사자의 주장 중 인정하지 않는 부분은 별지2 불인정재산명세표 기재와 같으며, 당사자의 주장에 관한 판단은 별지2 분할재산명세표의 ‘인정근거’란 및 별지3 불인정재산명세표 ‘판단’란 기재와 같다. 이 판결에서 별도로 언급하지 아니한 원고와 피고의 주장은 모두 받아들이지 아니한다.   또한, 원고와 피고가 혼인기간 중 납부한 국민연금 등 연금은 국민연금법 제64조 등의 취지에 비추어 관련 법률에서 정하는 바에 따라 향후 분할연금수급권을 행사하도록 함이 타당하므로 분할대상으로 삼지 아니한다.  나. 재산분할의 비율과 방법  1) 재산분할의 비율: 원고 20%, 피고 80%  분할대상 재산의 취득 경위, 그 형성 및 유지에 대한 원고와 피고의 기여 정도, 원고와 피고의 나이, 직업, 수입, 가사 노동 및 자녀 양육 분담의 정도와 그 내용, 혼인생활의 과정과 기간, 혼인관계 파탄의 경위, 사건본인들에 대한 양육 상황, 재산분할의 부양적 측면 등 이 사건 기록을 통하여 알 수 있는 여러 사정들을 종합적으로 참작하여 위와 같이 정한다.  2) 재산분할 방법  분할대상 재산의 소유명의와 형태, 취득 및 유지의 경위, 현재 이용 상황, 원고와 피고의 의사 등 기록 및 변론 전체의 취지에 나타난 여러 사정과 분할의 편의성 등을 종합적으로 고려하여, 별지1 기재 부동산 지분(별지2 분할재산명세표 원고 적극재산 순번 1, 이하 ‘이 사건 부동산 지분’이라 한다)은 피고에게 귀속시키고, 그 외에 분할대상이 되는 원고와 피고 명의의 적극재산은 그 명의대로 귀속되는 것으로 확정하고, 그 상태에서 재산분할 비율에 따라 원고에게 궁극적으로 귀속되어야 할 금액 중 부족한 부분을 피고가 원고 파산관재인에게 현금으로 지급하는 방식으로 하되, 원고 파산관재인의 이 사건 부동산 지분에 관한 소유권이전등기절차를 이행할 의무와 피고의 위 정산금 지급의무는 공평의 원칙과 집행의 용이성 등을 고려하여 동시이행관계로 정한다.  3) 피고가 지급하여야 할 재산분할금   가) 원고의 순재산 : (-)42,497,025원(= 72,502,975원 - 이 사건 부동산 지분의 가액 115,000,000원)   나) 피고의 순재산 : 192,312,750원(= 77,312,740원 + 이 사건 부동산 지분의 가액 115,000,000원)   다) 원고와 피고의 순재산 중 재산분할 비율에 따른 원고의 몫 : 29,963,145원 (= 순재산 합계 149,815,725원 × 20%)   라) 재산분할 비율에 따른 원고의 몫과 순재산의 차액(부족분) : 72,460,170원(= 위 29,963,145원 － 원고의 순재산 (-)42,497,025원)   마) 피고가 원고 파산관재인에게 지급하여야 할 재산분할금 : 위 라)항의 금액을 약간 상회하는 73,000,000원이다.  다. 소결론  따라서 재산분할로, 원고 파산관재인은 피고로부터 73,000,000원을 지급받음과 동시에 피고에게 이 사건 부동산 지분에 관하여 이 판결 확정일자 재산분할을 원인으로 한 소유권이전등기절차를 이행하고, 피고는 원고 파산관재인으로부터 위 소유권이전등기절차를 이행 받음과 동시에 원고 파산관재인에게 73,000,000원을 지급할 의무가 있다.』5. 친권자·양육자 지정, 양육비, 면접교섭에 관한 판단  당심에서 추가된 피고의 반소 친권자·양육자 지정 청구를 고려하여 다시 살펴보아도 제1심의 이 부분 청구에 관한 판단은 정당하므로, 이 법원이 이 부분에 관하여 설시할 이유는 제1심 판결 이유 4. 가.항의 판단근거에 ‘이 법원 가사조사관의 가사조사결과’를 추가하고, 제7쪽 제12 내지 16행을 아래와 같이 고쳐 쓰는 외에는 제1심 판결 이유 4.항 기재와 같으므로, 가사소송법 제12조 본문, 민사소송법 제420조 본문에 의하여 이를 그대로 인용한다.『나. 양육비  사건본인들의 친권자 및 양육자로 원고를 지정한 이상, 사건본인들을 직접 양육하지 않는 피고는 사건본인들의 부로서 사건본인들에 대한 양육비를 원고와 분담할 책임이 있고, 당사자 사이에 양육에 관한 사항의 협의가 이루어지지 아니한 때에 가정법원은 민법 제837조 제4항에 따라 직권으로 자의 양육에 관한 사항을 정할 수 있다.   이에 피고가 분담해야 할 양육비에 관하여 직권으로 보건대, 원고와 피고의 나이, 직업 및 소득, 재산 및 생활능력, 사건본인들의 나이 및 양육 상황, 서울가정법원이 제정·공표한 양육비 산정기준, 양육비 부담의 형평성 등을 참작하여, 사건본인들의 양육비로 이 판결 선고일이 속한 달인 2023. 1.부터 사건본인들이 성년에 이를 때까지 사건본인 1인당 500,0000원을 매월 말일에 지급하는 것으로 정한다.  다. 면접교섭  앞서 본 바와 같이 현재 피고에 대하여 아동학대 사건으로 접근금지를 명하는 임시조치결정에 이어 아동보호처분이 있었던 점 등 이 사건 변론에 드러난 여러 사정을 고려하면, 면접교섭에 관해서는 향후 당사자의 협의에 의하거나 별도의 재판절차에서 해결함이 타당할 것으로 보이므로, 이 사건에서는 따로 정하지 아니한다.』6. 결론그렇다면, 본소 및 반소 각 이혼 청구는 각 이유 있어 인용하고, 재산분할, 친권자 및 양육자 지정, 양육비에 관하여는 위와 같이 정하여야 할 것인데, 제1심 판결 중 이혼 및 재산분할 부분은 이와 결론을 일부 달리하여 부당하므로, 피고의 항소를 일부 받아들이고 당심에서 제기된 피고의 반소 이혼 청구를 포함하여 제1심 판결 중 이혼 및 재산분할 부분을 위와 같이 변경하고, 직권으로 양육비에 관하여 위와 같이 정하며, 피고의 나머지 항소는 이유 없어 이를 기각하기로 하여 주문과 같이 판결한다.별지 생략판사 최영은(재판장) 김유경 김경인 "
237071,이혼등,2021므11112,대법원,내용없음,"원고, 상고인 원고 (소송대리인 법무법인(유한) 동헌 담당변호사 최정운)피고, 피상고인 피고원심판결 울산가법 2021. 1. 15. 선고 2020르2456 판결주    문  원심판결을 파기하고, 사건을 울산가정법원에 환송한다.이    유  상고이유를 판단한다.  1. 가. 혼인생활의 파탄에 주된 책임이 있는 배우자는 원칙적으로 그 파탄을 사유로 하여 이혼을 청구할 수 없다. 다만 상대방 배우자도 혼인을 계속할 의사가 없어 일방의 의사에 의한 이혼 내지 축출이혼의 염려가 없는 경우는 물론, 나아가 이혼을 청구하는 배우자의 유책성을 상쇄할 정도로 상대방 배우자 및 자녀에 대한 보호와 배려가 이루어진 경우나 세월의 경과에 따라 혼인파탄 당시 현저하였던 유책배우자의 유책성과 상대방 배우자가 받은 정신적 고통이 점차 약화되어 쌍방의 책임의 경중을 엄밀히 따지는 것이 더 이상 무의미할 정도가 된 경우 등과 같이 혼인생활의 파탄에 대한 유책성이 그 이혼청구를 배척해야 할 정도로 남아 있지 아니한 특별한 사정이 있는 경우에는 예외적으로 유책배우자의 이혼청구를 허용할 수 있다.이와 같이 유책배우자의 이혼청구를 예외적으로 허용할 수 있는지를 판단할 때에는, 유책배우자의 책임의 태양·정도, 상대방 배우자의 혼인계속의사 및 유책배우자에 대한 감정, 당사자의 연령, 혼인생활의 기간과 혼인 후의 구체적인 생활관계, 별거기간, 부부간의 별거 후에 형성된 생활관계, 혼인생활의 파탄 후 여러 사정의 변경 여부, 이혼이 인정될 경우의 상대방 배우자의 정신적·사회적·경제적 상태와 생활보장의 정도, 미성년 자녀의 양육·교육·복지의 상황, 그 밖의 혼인관계의 여러 사정을 두루 고려하여야 한다(대법원 2015. 9. 15. 선고 2013므568 전원합의체 판결, 대법원 2015. 10. 29. 선고 2012므721 판결 등 참조).  나. 민법 제826조 제1항에 따라, 부부는 정신적·육체적·경제적으로 결합된 공동체로서 서로 협조하고 보호하여 부부공동생활로서의 혼인이 유지되도록 상호 간에 포괄적으로 협력할 의무를 부담한다(대법원 2015. 5. 29. 선고 2013므2441 판결 등 참조).  다. 상대방 배우자의 혼인계속의사를 인정하려면 소송 과정에서 그 배우자가 표명하는 주관적 의사만을 가지고 판단할 것이 아니라, 혼인생활의 전 과정 및 이혼소송이 진행되는 중 드러난 상대방 배우자의 언행 및 태도를 종합하여 그 배우자가 악화된 혼인관계를 회복하여 원만한 공동생활을 영위하려는 노력을 기울임으로써 혼인유지에 협조할 의무를 이행할 의사가 있는지 객관적으로 판단하여야 한다(대법원 2022. 6. 16. 선고 2019므14477 판결, 대법원 2022. 6. 16. 선고 2021므14258 판결 참조).  2. 원심판결 이유 및 적법하게 채택된 증거들을 비롯한 기록에 의하면, 다음과 같은 사실을 알 수 있다.  가. 원고와 피고는 1996년 혼인신고를 마친 부부이고, 그 사이에 성인 자녀 2명을 두고 있다.  나. 원고와 피고는 모두 울산에 있는 초등학교 교사로 재직한 상태에서 혼인생활을 시작하였는데, 원고의 부족한 생활비 지급으로 인한 경제적 문제, 원고의 늦은 귀가, 피고의 가사와 육아부담 불만, 서로에 대한 언행 등으로 갈등을 겪어왔다.  다. 피고는 2002년경 일부러 친정이 있는 제주도로 인사발령을 받아 자녀들과 함께 이주한 후 2년 동안 그 곳에서 생활하였다. 위 기간 중 원고와 피고의 관계가 다소 나아졌으나 원고가 피고에게 별도로 양육비 등 생활비를 지급하지는 아니하였다.  라. 원고와 피고는 2004년경부터 다시 울산에서 함께 생활하였는데, 다시 경제적 문제, 자녀들과의 관계, 부부싸움 과정에서의 서로에 대한 폭언 등으로 갈등을 겪었다.  마. 원고는 2007. 8.경 피고와 다투고 자녀들 앞에서 피고에게 모욕당하는 과정에서도 딸이 피고 편만 들었다고 생각한 나머지 혼인생활에 회의를 느끼고 일방적으로 집을 나가 피고와 별거를 시작하였고, 그 이후부터 피고나 자녀들과 별다른 교류 없이 양육비를 지급하지 아니하였다.  바. 피고는 혼인 무렵부터 거주하던 아파트에서 현재까지 계속 자녀들과 거주하고 있고, 원고는 별거 후 임차한 원룸에 거주하면서 위 아파트 취득 관련 대출원리금을 변제하며 위 아파트 관련 세금을 납부해왔다.   사. 원고는 2018. 9.경 이 사건 이혼청구의 소를 제기하였고, 피고는 소송과정에서 이혼하지 않겠다는 의사를 밝혔다.   아. 한편 피고는 가사조사과정에서 자신은 이혼 당할 만한 잘못을 하지 않았고, 무엇보다 자녀들에게 정신적 상처가 될 것 같아 이혼을 원하지 않는다는 뜻을 밝혔다. 그런데 피고는 이 사건 소송 계속 중 소송 외에서 과거 양육비 등에 관한 피고 요구를 들어준다면 원고의 이혼 요구를 들어줄 의사가 있다는 취지로 원고에게 말한 사실이 있고, 자녀들 휴대전화 번호를 알려달라는 원고의 요구에는 거절하였다.  3. 위와 같은 사실관계를 앞서 본 법리에 비추어 살펴본다.  가. 원고와 피고는 혼인 초부터 갈등을 겪으며 원심 변론종결 당시까지 약 24년의 혼인기간 중 13년 이상 별거 중이고, 특히 부모가 그 자녀들 양육과 교육에 협력해야 하는 자녀들 성장기에도 갈등과 별거가 계속되면서 이제는 악화된 혼인관계를 복원하기 어렵게 되었다.  나. 위와 같은 혼인관계 악화가 당초 원고의 잘못에서 비롯된 것일 수도 있지만, 그 동안 원피고 양측 모두 오랜 세월 진지한 노력 없이 방관 내지 적대적인 상태로 지내온 것으로 보일 뿐이고, 피고도 원고가 가정에 복귀할 수 있도록 갈등 원인을 없애거나 줄이면서 관계를 복원하기 위해 실질적인 대화나 조치 등을 시도하였다고 볼 만한 자료를 찾을 수 없다.  다. 피고가 소송상으로는 혼인계속의사를 밝히고 있으나 혼인관계를 복원·유지하기 위하여 했던 적극적이고 구체적인 노력이나 향후 계획을 밝히지 않고 있으며, 위와 같은 소송 외에서 피고의 언행 및 태도 등까지 고려하여 보면, 피고의 혼인계속의사를 인정하기도 곤란하다. 피고의 혼인계속의사 표현은 혼인의 실체가 상실된 현재 상태를 수긍하면서도 단순히 외형상으로만 법률혼관계를 남겨두려는 것에 지나지 않는다고 볼 여지가 있을 뿐이고, 그것이 원피고의 재산 상황, 각자의 사회적 지위·직업, 자녀들의 나이 등에 비추어 볼 때 자신과 자녀들의 정신적·사회적·경제적 상태와 생활보장에 대한 우려에서 기인한 것으로 보기도 어렵다.  라. 원심은, 원고가 집을 나가 자녀들 양육비를 전혀 지급하지 않은 점 등에만 주목하였으나, 긴 별거기간 동안 쌍방 간에 혼인관계 회복을 위한 진지한 노력 없이 계속된 불화와 별거·파탄의 경과를 모두 고려하여 혼인관계 파탄의 책임을 판단하여야 한다. 나아가 혼인생활의 전 과정 및 이혼소송이 진행되는 중에 드러난 피고의 언행 및 태도, 피고와 자녀들이 처해 있는 구체적 상황, 혼인관계의 회복가능성 등에 비추어, 피고에게 혼인계속의사가 있는지를 객관적으로 보아야 한다. 원심의 판단에는 민법 제840조 제6호의 해석 및 유책배우자의 이혼청구에 관한 법리를 오해하여 필요한 심리를 다하지 않음으로써 판결에 영향을 미친 잘못이 있다. 이를 지적하는 상고이유 주장은 이유 있다.  4. 그러므로 원심판결을 파기하고, 사건을 다시 심리·판단하도록 원심법원에 환송하기로 하여, 관여 대법관의 일치된 의견으로 주문과 같이 판결한다.대법관 천대엽(재판장) 조재연 민유숙(주심) 이동원 "
238117,이혼및위자료,2019드단67057,의정부지방법원고양지원,내용없음,"원    고 원고 (소송대리인 법무법인 율재 담당변호사 김호정 외 2인)피    고 피고 (소송대리인 법무법인 태웅 담당변호사 김수연)사건본인 사건본인 1 외 1인변론종결2022. 4. 19.주    문 1. 원고와 피고는 이혼한다. 2. 원고의 위자료 청구를 기각한다.  3. 사건본인들의 친권자 및 양육자로 피고를 지정한다. 4. 원고는 피고에게 사건본인들의 양육비로 2022. 7.부터 사건본인들이 각 성년에 이르기 전날까지 사건본인 1인당 월 700,000원을 매월 말일에 지급하라. 5. 원고와 사건본인들의 면접교섭에 관하여 다음과 같이 정한다.   가. 일정     매월 첫째, 셋째 주 토요일 11:00부터 18:00까지   나. 방법      원고가 사건본인들의 주거지로 와서 사건본인들을 인도받아 책임질 수 있는 장소에서 면접교섭한 후 다시 사건본인들을 위 주거지로 데려다 준다.   다. 주의사항     면접교섭은 사건본인들의 복리와 의사를 최우선으로 고려하여 실시한다. 피고는 원고의 면접교섭에 최대한 협력하고 이를 방해하지 아니한다.  6. 피고는 원고에게 재산분할로 47,000,000원 및 이에 대하여 이 판결 확정일 다음 날부터 다 갚는 날까지 연 5%의 비율로 계산한 돈을 지급하라.  7. 소송비용은 각자 부담한다. 8. 제4항은 가집행할 수 있다. 청구취지  주문 제1항 및 피고는 원고에게 위자료로 20,000,000원 및 이에 대하여 이 사건 소장 부본 송달일 다음 날부터 다 갚는 날까지 연 12%의 비율로 계산한 돈을 지급하라. 피고는 원고에게 재산분할로 57,000,000원 및 이에 대하여 이 사건 판결 확정일 다음 날부터 다 갚는 날까지 연 5%의 비율로 계산한 돈을 지급하라. 사건본인들의 친권자 및 양육자로 원고를 지정한다. 피고는 원고에게 사건본인들의 양육비로 이 사건 판결 선고일 다음 날부터 사건본인들이 각 성년에 이르기 전날까지 사건본인 1인당 월 500,000원을 매월 말일에 지급하라. 이    유1. 인정사실  가. 원고와 피고는 2008. 6. 10. 혼인신고를 마치고, 슬하에 사건본인들을 두고 있는 법률상 부부이다.    나. 원고와 피고는 성격 및 가치관 차이, 종교 및 경제적 문제, 원고의 독단적인 언행 등으로 혼인 기간 중 자주 다투었다.   다. 원고는 2019. 12. 5. 이 사건 소를 제기하였다. 이후 원고는 2022. 5. 3. 소취하서를 제출하였으나, 이에 피고가 부동의하였다.  인정근거 다툼 없는 사실, 갑 제1 내지 5호증(가지번호 있는 것은 각 가지번호를 포함한다, 이하 같다)의 각 기재, 변론 전체의 취지2. 이혼 및 위자료 청구에 관한 판단가. 이혼 청구    1) 이혼 청구 : 민법 제840조 제6호의 사유로 이유 있음    2) 판단 근거      앞서 든 각 증거 및 변론 전체의 취지를 종합하여 알 수 있는 사정, 즉 ① 혼인 기간 중 원고와 피고 사이에 다툼이 많았던 점, ② 원고가 조정조치명령에 따른 상담과정에서 정신병리적인 증상을 드러낸 점, ③ 피고가 이혼 의사를 분명하게 표시하고 있는 점 등을 고려하면, 원고와 피고의 혼인은 파탄되었고, 향후 원고와 피고 사이에 대화와 소통 등을 통하여 갈등을 해결한다거나 향후 원만한 혼인관계를 유지할 것으로 기대하기는 매우 어려울 것으로 판단되므로, 원고와 피고의 혼인관계는 회복할 수 없을 정도로 파탄되었다고 봄이 타당하다.       따라서 원고의 민법 제840조 제6호에 따른 이혼 청구는 이유 있다.       나. 위자료 청구    1) 원고는, 피고의 생활비 낭비, 원고에 대한 부당한 대우 등으로 인하여 혼인이 파탄되었고, 혼인 파탄의 주된 책임이 피고에게 있으므로, 피고가 원고에게 위자료로 20,000,000원을 지급하여야 한다고 주장한다.     2) 혼인생활에서 배우자의 일방 또는 쌍방의 인격적인 약점이 드러남으로써 상호간에 갈등과 불화가 일어 원만한 혼인생활에 지장이 초래되는 경우는 얼마든지 예상되는 일이므로 혼인관계에 있어 부부가 협조하여 그와 같은 장애를 극복하는 일은 부부간의 협조의무에서 우러나는 보편적 과제라 할 것인바, 배우자 쌍방은 부부라는 공동생활체로서의 결합관계를 유지하고자 하는 의지를 가지고 각자 상대방에 대한 애정과 이해, 자제 및 설득을 통하여 그러한 장애를 극복하기 위해 노력할 공동의 의무가 있다. 그렇다면 배우자 중 어느 일방의 성격적 결함이나 비판받을 행동으로 인하여 혼인의 안녕을 해하는 갈등이나 불화가 일어났다 하여도, 단편적인 어느 한, 두개의 행위로 인해 당장 혼인관계가 회복하지 못할 파탄상태에 빠진 것이 아닌 이상, 그와 같은 갈등과 불화를 치유하여 원만한 혼인관계를 유지하기 위해 노력할 의무는 배우자 쌍방에게 있다(대법원 2010. 7. 29. 선고 2008므1475 판결 등 참조).      앞서 인정한 사실과 이 사건 변론에 나타난 여러 사정에 비추어 볼 때, 이 사건 혼인관계 파탄의 원인은 원고나 피고 일방의 책임으로 야기된 것이 아니라 부부간의 불화와 갈등을 상대방에 대한 애정과 이해, 인내 및 이성적인 대화를 통하여 원만하게 해결해 나가려는 노력을 다하지 아니한 채 이 사건 소송에 이르게 된 원고와 피고의 잘못이 모두 기여하였다고 보인다. 따라서 원고와 피고 모두에게 혼인관계 파탄의 책임이 있고 그 책임의 정도는 대등하다고 판단된다.      따라서 원고의 위자료 청구는 받아들일 수 없다.3. 친권자 및 양육자 지정, 양육비, 면접교섭(직권)에 관한 판단가. 친권자 및 양육자 지정    원고와 피고의 혼인 생활 및 파탄 경위, 사건본인들과의 친밀도, 사건본인들의 나이, 현재까지의 양육 상황, 당사자들의 의사 등 이 사건 변론 과정에서 나타난 모든 사정을 고려하여, 사건본인들의 친권자 및 양육자로 피고를 지정한다. 나. 양육비    원고는 사건본인들의 아버지로서 피고와 함께 사건본인들을 양육할 책임이 있다. 원고와 피고의 직업, 소득, 경제상황, 사건본인들의 나이 등 이 사건 변론에 나타난 여러 사정을 고려하여, 원고가 2022. 7.부터 피고에게 지급할 양육비를 사건본인 1인당 월 700,000원으로 정한다. 다. 면접교섭(직권)    원고는 비양육친으로서 사건본인들의 복리에 반하지 않는 한 사건본인들과 면접교섭할 권리가 있다. 면접교섭에 관하여는 사건본인들의 나이, 양육 상황, 당사자들의 의사 등 이 사건 변론에 나타난 여러 사정을 고려하여 주문 제5항 기재와 같이 정한다.4. 재산분할 청구에 관한 판단가. 재산분할의 기준시점    재산분할대상 및 그 가액을 산정하는 기준시점은 원칙적으로 이 사건 변론종결일을 기준으로 하되, 다만 금전과 같이 소비나 은닉이 용이하고, 예금 등 기준시점을 달리할 경우 중복합산의 우려가 있는 경우에는 혼인파탄 시점으로 보이는 이 사건 소제기일인 2019. 12. 5.을 기준으로 그 가액을 정하며, 원고와 피고가 일치하여 그 가액을 진술하거나 금융거래정보제출명령 결과 등으로 나타난 가액에 관하여 명시적인 이의를 제기하지 않고 있는 경우에는 그에 따라 가액을 정하기로 한다. 나. 분할대상 재산 및 가액    이 사건 기록에 현출된 증거에다가, 당사자들의 의사 및 변론 전체의 취지를 종합하면, 재산분할 대상재산은 아래 표 기재와 같다. 아래 표에 기재하지 않은 재산은 혼인 중 공동으로 형성한 재산관계와 무관한 것이거나 당사자들이 분할대상으로 삼지 않는 것으로 보이므로, 재산분할 대상에서 제외한다. 또한 이하에서 별도로 언급하지 아니하는 부분 중 아래 표 기재에 반하는 당사자들의 주장은 모두 배척한다.〈〈 재산분할 대상 표 생략 〉〉다. 재산분할의 비율    ○ 원고: 10%     ○ 피고: 90%        판단근거 원고와 피고의 나이·직업·소득·경제력, 분할대상 재산의 형성과 유지에 대한 기여 정도, 혼인생활의 과정 및 기간, 가사분담 정도, 가족관계 등 변론에 나타난 여러 사정 및 재산분할의 부양적 요소를 참작라. 귀속금액    ○ 원고: 10,026,408원(= 원고와 피고의 순재산 합계 100,264,077원 × 10%, 계산의 편의상 원 미만 반올림, 이하 같다)    ○ 피고: 90,237,669원(= 위 100,264,077원 × 90%) 마. 재산분할의 방법    분할대상 재산의 명의와 형태, 취득경위, 분할의 편의성 등을 고려하여, 원고와 피고의 각 적극재산과 소극재산을 모두 그 명의대로 귀속시키고, 위 분할비율에 따라 원고에게 궁극적으로 귀속되어야 할 몫에서 원고의 순재산을 공제한 나머지 돈을 피고가 원고에게 현금으로 지급하도록 정한다.    현재 피고가 자신의 몫보다 47,464,650원(= 피고의 순재산 137,702,319원 - 피고의 귀속금액 90,237,669원)을 초과하여 재산을 보유하고 있으므로, 원고에게 위 47,464,650원을 다소 하회하는 47,000,000원을 현금으로 지급하면 된다. 바. 소결론    따라서 피고는 원고에게 재산분할로 47,000,000원 및 이에 대하여 이 판결 확정일 다음 날부터 다 갚는 날까지 민법에 정해진 연 5%의 비율로 계산한 지연손해금을 지급할 의무가 있다.5. 결론  원고의 이혼 청구는 이유 있어 인용하고, 위자료 청구는 이유 없어 기각하며, 친권자 및 양육자 지정, 양육비, 면접교섭, 재산분할 청구에 관하여는 위와 같이 정하기로 하여 주문과 같이 판결한다.         판사 노지환 "
237063,이혼및재산분할,2022므10109,대법원,내용없음,"원고, 상고인 원고 (변호사 정새봄)피고, 피상고인 피고 (소송대리인 법무법인(유한) 다담 담당변호사 김옥환 외 1인)원심판결 서울고법 2021. 12. 16. 선고 2021르22138 판결주    문  원심판결을 파기하고, 사건을 서울고등법원에 환송한다.이    유  상고이유를 판단한다.  1. 관련 법리  가. 혼인생활의 파탄에 주된 책임이 있는 배우자는 그 파탄을 사유로 하여 이혼을 청구할 수 없다. 그러나 혼인과 가족생활은 개인의 존엄과 양성의 평등을 지도원리로 하는 것으로, 혼인제도가 추구하는 이상과 신의성실의 원칙에 비추어 그 책임이 이혼청구를 배척해야 할 정도로까지 남아있지 않은 경우라면, 그러한 배우자의 이혼청구는 혼인과 가족제도를 형해화할 우려가 없고 사회의 도덕관·윤리관에 반하지 않는 것이어서 허용될 수 있다. 그리하여 상대방 배우자도 혼인을 계속할 의사가 없어 일방의 의사에 의한 이혼 내지 축출이혼의 염려가 없는 경우는 물론 이혼을 청구하는 배우자의 유책성을 상쇄할 정도로 상대방 배우자 및 자녀에 대한 보호와 배려가 이루어진 것으로 볼 수 있는 경우, 세월의 경과에 따라 최초 혼인파탄 상태 초래 당시 현저하였던 유책배우자의 유책성과 상대방 배우자가 받은 정신적 고통이 약화되어 쌍방의 책임의 경중을 엄밀히 따지는 것이 더 이상 무의미할 정도가 된 경우 등과 같이 혼인생활의 파탄에 대한 당초의 유책성이 상당 기간 경과 후에도 그 이혼청구를 배척해야 할 정도로 남아 있지 아니한 사정이 인정되는 경우에는 예외적으로 유책배우자의 이혼청구를 허용할 수 있다. 이와 같이 유책배우자의 이혼청구를 예외적으로 허용할 수 있는지를 판단함에 있어서는, 유책배우자의 책임의 태양·정도, 상대방 배우자의 온전한 형태로의 혼인관계 회복·유지에 대한 진지한 의사 및 유책배우자에 대한 감정, 당사자의 연령, 혼인생활의 기간과 혼인 후의 구체적인 생활관계, 별거기간, 부부간의 별거 후에 형성된 생활관계 등 혼인생활 파탄 이후의 사정변경 여부, 이혼이 인정될 경우의 상대방 배우자의 정신적·사회적·경제적 상태와 생활보장의 정도, 자녀의 유무·연령·상황 및 그 밖의 혼인관계의 여러 사정을 두루 고려하여야 한다(대법원 2015. 9. 15. 선고 2013므568 전원합의체 판결 등 참조).  나. 혼인파탄 상태 초래의 직접적·일차적 책임이 부부 중 일방에게 있음에도 그 후 상대방의 대처 및 세월의 경과에 따라 그 유책이 희석되거나 상대방의 간접적·이차적인 책임과 불가분적으로 혼합·상쇄되어 최초의 유책배우자에게 파탄의 책임을 온전히 지우기 곤란한 상태인지를 판단함에 있어서는 다음과 같은 사정이 고려되어야 한다. 즉, 혼인은 서로 다른 인격체가 애정과 신뢰에 기초하여 하나의 공동생활체를 이루는 결합조직이므로, 민법 제826조 제1항은 부부의 동거 및 협조의무를 규정함으로써 부부가 동고동락하며 정신적·육체적·경제적인 각 방면에서 서로 협조하여 공동생활을 영위할 의무가 있음을 명시하고 있다. 그런데 단점이나 결함이 없는 인격체는 극히 드문 만큼 혼인생활 도중에 배우자의 일방 또는 쌍방의 인격적인 약점이 드러남으로써 상호간에 갈등과 불화가 일어 원만한 혼인생활에 지장이 초래되는 경우는 당연히 예상되는 일이므로, 혼인관계에서 부부가 협조하여 그와 같은 장애를 극복하는 일은 부부간의 협조의무에서 우러나는 보편적인 과제이다. 따라서 혼인생활 중에 그러한 장애가 발생하였다면 배우자 쌍방은 부부라는 공동생활체로서 결합관계를 유지하기 위한 의지를 갖고 각자 상대방에 대한 애정과 이해, 자제, 설득을 통하여 그러한 장애를 극복하기 위해 노력할 공동의 의무가 있다. 그러므로 배우자 일방의 성격적 결함이나 비판받을 행동으로 말미암아 혼인의 안녕을 해하는 갈등이나 불화가 일어났다고 하여도, 그로써 당장 혼인관계가 회복되지 못할 파탄상태에 빠진 것이 아닌 이상, 그와 같은 갈등과 불화를 치유하여 원만한 혼인관계 유지를 위하여 노력할 의무는 배우자 쌍방 모두에게 있고, 그럼에도 한쪽 배우자의 성격이나 행동에 결함이 있다는 이유로 그 상대방이 원만한 혼인관계를 유지하기 위한 노력을 도외시한 채 대화를 거부하고 적대시하는 등 부부 공동체로서의 혼인생활을 사실상 포기 또는 방기하는 태도로 일관한다면 그 상대방 역시 혼인관계에서 지켜야 할 의무를 다하지 못한 것으로 볼 수 있다. 이와 같은 상황이 개선되지 아니하고 배우자 쌍방이 모두 혼인관계를 유지하기 위한 의욕을 상실한 채 상호 방관 또는 적대하는 상태로 상당한 시간이 경과한 끝에 결국 혼인관계가 돌이킬 수 없을 정도의 파탄에 이르게 되었다면 배우자 쌍방이 혼인관계 파탄에 대한 책임을 나누어 가져야 할 것이고, 당초 어느 일방의 인격적 결함이 그러한 갈등 또는 불화의 단초가 되었다는 사정만으로 그에게 이혼청구를 할 수 없을 정도의 주된 책임이 있다고 단정할 수 없다(대법원 2010. 7. 29. 선고 2008므1475 판결 등 참조).  2. 판단  가. 원심판결 이유와 기록에 따르면 다음 사정을 알 수 있다.  1) 원피고의 혼인관계  가) 원고는 1981년경부터 피고와 동거를 시작한 후 (연월일 생략) 혼인신고를 마쳤고, 현재까지 피고와 사이에 4명의 성년 자녀를 두었다.  나) 원고는 1996년경 피고와 함께 석재무역사업을 시작하여 2003. 4. 8. 지주회사에 해당하는 주식회사 ○○○○(변경 후 상호: 주식회사 △△△△)를 설립하였다. 피고는 2007. 5. 21. 주식회사 △△△△의 이사로 취임하여 2011. 5. 2. 대표이사가 되었고, 2013. 3.경부터는 원고의 부탁에 따라 경영업무에 직접 관여하였다.  다) 원고는 2009년경 피고의 반대에도 불구하고 중국에 체류하면서 공장을 설립하는 등 현지 투자를 하였으나, 2010년경부터 국내외적 요인으로 인한 경영위기에 봉착하여 2012년경 귀국하였다. 원고는 중국에 체류하는 동안 현지법인 소속 직원인 소외인과 내연관계를 유지하다가 그 사이에 성명불상의 아들을 두었고, 피고는 2011년경 자녀들을 통하여 원고의 내연관계 및 혼외자의 존재에 대하여 알게 되었다.  라) 원고는 2016. 10. 19. 임시조치결정에 따라 피고와 별거를 시작한 후 중국을 자주 드나들면서 소외인, 혼외자 및 소외인의 다른 딸과 교류하고 있다.  2) 원피고의 법률분쟁 경과  가) 원피고는 계열사 수익 악화로 세금 체납 등 어려움을 겪게 되자 2015. 3. 6. 별도 회사를 설립하였다. 원고는 2015. 12.경 피고에게 세금 납부 독촉이 심해짐에 따라 주식회사 △△△△를 폐업하고 대부분의 매입·매출을 별도 회사로 이전시킬 것을 요청하였으나, 피고는 폐업에 따른 대표이사의 책임 위험, 회사 대출 문제 등을 이유로 이를 거절하였다.  나) 원고의 주도 아래 주식회사 △△△△는 2016. 4. 28. 임시주주총회에서 피고를 대표이사에서 해임하고 원고를 대표이사로 선임하는 결의를 하였으나, 피고는 그 결의의 효력을 부정하면서 직무를 수행하였다.  다) 원고는 피고가 주식회사 △△△△를 경영하며 자신의 지시에 따르지 아니하자, 2016. 5. 17. 주식회사 △△△△ 인천출장소의 사무용품과 전자제품 등을 손괴하여 그 업무를 방해하였고, 이에 관한 유죄 판결이 그 무렵 확정되었다.  라) 원고는 2016. 6. 3. 주식회사 △△△△ 일산출장소에서 피고가 원고의 대표이사 취임등기 업무에 협조하지 않는다는 등의 이유로 전자제품 등을 손괴하였고, 이에 관한 유죄 판결이 그 무렵 확정되었다.  마) 원고는 2016. 6. 27. 피고를 상대로 원고 모친 명의 임대차계약서를 위조하였다는 혐의로 형사고소를 하였으나, 2016. 11. 25. 혐의 없음 결정이 내려졌다.  바) 주식회사 △△△△는 2016. 6. 28. 피고에 대한 직무집행정지가처분 신청을 하여 2016. 8. 10. 인용 결정이 내려졌다. 피고는 그 무렵 위 임시주주총회에서의 대표이사 해임 등 결의에 관한 부존재확인소송을 제기하였으나, 2017. 1. 18. 패소 판결이 선고되어 그 무렵 확정되었다.  사) 원고는 그 무렵 집에서 피고와 다투다가 가위를 도마에 내려찍은 행위에 대하여 자녀가 경찰에 신고함에 따라 2016. 8. 20. 원고에게 피해자인 피고의 주거지에서 즉시 퇴거하고 2016. 10. 19.까지 주거지에 들어가지 말 것을 명하는 내용의 임시조치결정이 내려졌다. 원피고는 이때부터 별거를 시작하여 현재까지 별거가 계속되고 있다.   아) 원피고의 자녀가 대표자인 별도 회사는 2016. 9. 6. 원고를 상대로 업무방해금지 및 접근금지가처분 신청을 하였고, 2016. 12. 7. 일부 인용 결정이 내려졌다.  자) 원고는 2017. 1. 31. 피고를 상대로 주식회사 △△△△의 전시장·사무실로 사용 중인 부동산에 관한 소유권이전등기 청구의 소를 제기하였으나, 2017. 6. 30. 패소 판결이 선고되어 그 무렵 확정되었다.  차) 원고는 2017. 2. 23. 피고와 자녀 3명 등을 상대로 재산분할 대상으로 주장하는 일부 부동산에 관한 소유권이전등기 청구의 소를 제기하였으나, 2018. 6. 27. 패소 판결이 선고되어 그 무렵 확정되었다.  카) 원고는 2017. 3. 28. 피고 등을 상대로 피고 측이 경영하는 별도 회사가 원고 및 피고의 공유인 부동산을 물건 적재 공간으로 사용하지 못하도록 출입금지 청구의 소를 제기하였다가, 피고가 그 무렵 이에 대항하여 위 공유 부동산에 관한 공유물분할 청구의 소를 제기하자, 2018. 5. 23. 반소로 소유권이전등기 청구의 소를 제기하였다.  타) 원고는 2017. 9.경 피고를 상대로 별도 회사의 경영과 관련한 업무상배임 및 업무방해죄로 고소하였으나, 2018. 5. 25. 혐의 없음 결정이 내려졌다.  파) 원고는 2017. 9. 28. 피고를 상대로 주식회사 △△△△ 주식 63,000주의 양도 청구의 소를 제기하였으나, 2018. 8. 17. 패소 판결이 선고되어 그 무렵 확정되었다.  하) 원고가 대표이사직을 되찾은 주식회사 △△△△는 2020. 11. 30. 피고 및 별도 회사를 상대로 원고의 지시를 무시하고 마음대로 회사를 운영하는 등 불법행위를 원인으로 10억 원의 손해배상청구소송을 제기하여 2022. 2. 11. 패소 판결이 선고되었으나 이에 불복, 항소를 제기하였다.   거) 한편 원심 절차 진행 중에도 피고의 신청에 따라 원고 소유 부동산 및 계열사 소유 동산에 대하여 다수의 경매절차가 진행되는 등, 원피고 측 사이에 재산권과 경영권을 둘러싼 각종 분쟁이 상호 양보·타협 없이 장기간 계속되고 있다.  나. 이러한 사정을 앞서 본 법리에 비추어 보면, 아래와 같이 판단된다.  1) 원피고는 2016. 8.경 피고 측 신고에 따른 임시조치결정으로 원고가 부부 공동주거지에서 퇴거당한 후 현재까지 5년 이상 별거 중이고, 그 기간 동안 회사 경영권 기타 재산권을 둘러싼 다수의 민사소송에서 적대적 당사자로 치열하게 다투었을 뿐만 아니라 상호 간 형사고소를 하여 원고가 형사처벌도 받았으며, 나아가 피고의 조치로 원고 소유 재산에 대해 다수의 경매절차가 진행되고 있다. 그 과정에서 당사자 사이에 서로 이해하거나 관계를 회복하기 위한 특별한 시도나 노력 등 정상적인 부부나 가족 관계 하에서 마땅히 기대되는 수준의 상호교섭도 없이 형식적인 혼인관계만 유지되고 있는 것으로 보인다. 이와 같은 혼인관계 파탄은 당초 원고의 책임에서 비롯된 것으로 볼 수 있지만, 그 후 부부의 동거 및 협조의무에 따른 파탄 상태의 극복 및 혼인관계 지속을 위한 진지한 노력의 필요성이라는 관점에서 쌍방 모두에게 책임이 돌아갈 수 있는 일련의 과정을 통해 결과적으로 더 이상 정상적이고 온전한 부부 공동생활관계를 회복하기 어려울 정도의 파탄상태에 이르렀다고 할 수 있다.  2) 원고는 이혼을 강하게 원하면서 피고와는 실질적인 부부 공동생활을 계속 할 수 없다는 의사를 가지고 있다. 피고는 혼인계속의사를 밝히고 있으나, 부부관계의 회복에 대한 기대와 의지보다는 주로 아직 혼인을 하지 않은 성년 자녀에게 미칠 영향을 우려하고 있는 것으로 보일 뿐, 부부로서의 책임과 의무에 입각한 온전한 상태의 혼인계속의 의사로는 보이지 않는데다가 관계 개선을 위한 실질적인 대화나 조치 등 구체적인 노력을 기울인 것으로도 보이지 않는다. 원고의 내연관계 및 혼외자 존재 사실이 2011년경 밝혀진 후 오랜 기간 그 문제를 해결함으로써 정상적인 혼인관계를 회복하기 위한 쌍방 혹은 일방의 진지한 시도나 노력이 있었다고 볼 만한 자료도 없고, 오로지 회사 경영권과 재산권을 둘러싼 민형사상 치열한 분쟁만 거듭된 것으로 보이며, 혼인생활의 전 과정 및 이 사건 이혼소송이 진행되는 중 드러난 쌍방의 조치·태도·상황 등에 비추어 보더라도 그러하다. 이러한 점들은 정도의 차이는 있을지언정, 원피고 모두 혼인관계 회복을 위한 진지한 노력을 다하지 아니한 것으로 볼 수 있는 사정이자 진정한 의미의 혼인계속의사가 있었다고 보기 어려운 사정이다.   3) 원피고의 재산 상황, 각자의 사회적 지위·직업 등에 비추어 이혼이 인정되더라도 피고의 정신적·사회적·경제적 상태와 생활보장을 악화시킨다거나 성년 자녀들의 복리에 중대한 영향을 미친다고 볼 수는 없고, 그 자녀들도 민형사소송에서 이해관계 있는 당사자 등으로 적극 연루된 상황인 점 등을 보면 형식적인 부부관계를 존속하는 것이 원피고는 물론 그 자녀들의 복리에 도움이 된다고 보기도 어렵다. 오히려 피고 및 성년 자녀들과 원고 사이의 회사 경영권 기타 재산권을 둘러싼 각종 민사소송의 내용 및 경과 등에 비추어 경제적인 측면에서는 원고의 유책성을 상당 부분 상쇄할 정도로 피고 및 성년 자녀들에 대한 보호와 배려가 이루어졌다고 볼 여지도 많다.  4) 2011년경 밝혀진 원고의 내연관계 및 혼외자 존재 사실이 당시에는 원고의 주된 유책사유에 해당하나, 그로부터 주식회사 △△△△가 피고를 대표이사에서 해임한 2016. 4.경까지는 원피고가 상호 협력하면서 회사를 정상적으로 경영해왔던 사정에 비추어 원고의 위 유책사유로 말미암아 원피고 사이의 혼인관계가 파탄에 이르렀다고 단정하기 어렵다. 오히려 2016. 4.경부터 약 6년 동안 지속되고 있는 원피고 사이의 주식회사 △△△△ 및 별도 회사의 경영권 등 재산권을 둘러싼 지속적인 분쟁이야말로 원심 변론종결에 이르기까지 혼인관계 최종 파탄의 직접적·근본적인 원인이 되었을 가능성을 배제할 수 없다. 즉, 원고의 부정행위라는 유책성이 혼인관계 파탄의 계기가 되기는 하였지만, 이를 해소하고 정상적인 혼인관계를 복원·유지하기 위한 원피고 쌍방의 진지한 노력이 없이 상호 방관 내지 적대적인 상태로 오랜 세월이 경과한 끝에 혼인관계가 돌이킬 수 없이 파탄에 이르게 된 것으로, 전체적으로 그 파탄의 책임을 쌍방이 일정 부분 나누어 가져야 할 경우에 해당할 뿐, 어느 일방의 인격적·도덕적인 결함이 그러한 갈등 내지 불화의 단초가 되었다는 사정만으로 그에게 이혼청구를 할 수 없을 정도의 주된 책임이 있다고 보기 어려운 경우에 해당한다는 평가가 가능하다. 나아가 이러한 사정 하에서라면, 원고의 이혼청구를 허용하는 것이 혼인제도가 추구하는 이상과 신의성실의 원칙 및 혼인과 가족제도의 실질적 형해화 우려 등의 관점에서 예외적으로 허용될 수 없는 경우에 해당한다고 단정하기도 어려워 보인다.  5) 그렇다면 원심으로서는 원피고 사이에 있었던 혼인기간 중의 사정을 전 기간에 걸쳐 구체적·실질적으로 살펴 혼인파탄의 실질적 원인이 원고의 내연관계 및 혼외자 존재 때문인지 아니면 경영권 분쟁 등 원피고가 일정 부분 책임을 분담해야 할 다른 사정 때문인지 혹은 그 각 사정이 상호 불가분적으로 어우러진 결과인지 등을 면밀히 심리하여, 결과적으로 원피고 모두가 그 책임의 비율을 떠나 혼인파탄의 원인을 제공한 경우로서, 원칙적 혹은 예외적으로라도 민법 제840조 제6호에서 정한 이혼사유에 해당할 여지가 없는지에 관하여 진지하게 판단했어야 한다.  6) 그런데도 원심은 최초 혼인파탄의 계기가 된 2011년경 밝혀진 원고의 내연관계 등에만 주목한 채, 그 후 쌍방 간에 온전한 형태의 혼인관계 회복을 위한 진지한 노력 없이 계속된 불화와 별거·파탄의 경과를 고려하지 아니한 결과, 혼인파탄의 근본적인 원인이 원고의 내연관계 등에만 있다고 단정하여 유책배우자의 이혼청구라는 이유로 원고의 청구를 배척하였는바, 이러한 원심의 판단에는 민법 제840조 제6호의 해석에 관한 법리 등을 오해함으로써 필요한 심리를 다하지 아니하여 판결에 영향을 미친 잘못이 있다.   3. 결론  그러므로 원심판결을 파기하고, 사건을 다시 심리·판단하도록 원심법원에 환송하기로 하여, 관여 대법관의 일치된 의견으로 주문과 같이 판결한다.대법관 민유숙(재판장) 조재연 이동원 천대엽(주심) "
237061,이혼등,2022므10932,대법원,내용없음,"원고, 상고인 원고피고, 피상고인 피고 (소송대리인 변호사 김태우)사건본인 사건본인원심판결 울산가법 2022. 1. 21. 선고 2021르2736 판결주    문  원심판결을 파기하고, 사건을 울산가정법원에 환송한다.이    유  상고이유를 판단한다.  1. 관련 법리민법 제840조 제6호에서 정한 이혼사유인 ‘혼인을 계속하기 어려운 중대한 사유가 있을 때’란 부부 사이의 애정과 신뢰가 바탕이 되어야 할 혼인의 본질에 상응하는 부부 공동생활관계가 회복할 수 없을 정도로 파탄되고 혼인생활의 계속을 강제하는 것이 한쪽 배우자에게 참을 수 없는 고통이 되는 경우를 말한다. 이에 해당하는지 여부를 판단함에 있어서는 파탄의 계기가 된 초기의 일시적인 사정이나 상황에 국한하여 평가하여서는 아니 되고, 전체 혼인기간, 파탄 상태에 이르게 된 경위 및 지속 기간, 파탄의 원인에 관한 당사자의 책임 유무와 정도, 그 전 과정에 걸쳐 파탄 상태의 극복 및 혼인관계 지속을 위한 진지한 노력 여부, 부부로서의 책임과 의무에 대한 올바른 자각 하에 온전한 상태로 혼인을 계속할 의사·자세의 존부, 자녀 유무, 당사자의 연령, 이혼 후의 생활보장, 그 밖에 혼인관계에 관한 여러 사정을 두루 참작하여야 한다. 나아가 배우자 사이에 출생·성장한 국적이 다른 등 각자의 문화적 특성과 감수성에 상당한 차이가 있는 경우에는 상대방에 대한 더욱 세심한 배려가 필요하므로 그에 대한 이해 또는 존중이 부족한 것이 파탄의 원인으로 작용한 것인지 여부도 파탄 여부와 정도 및 귀책 여부를 평가함에 있어 고려되어야 하고, 특히 성별을 막론하고 부부 일방의 폭행, 상습적 음주 기행, 불건전한 경제적 습벽 등은 건전한 혼인생활의 지속에 중대한 장애사유가 될 뿐만 아니라 상대방이 그 점에 대한 특별한 감수성을 지닌 자로서 심각한 정서적·심리적 피해가 우려되는 경우 이는 혼인관계의 형식과 명분만으로 무시될 수 없는 배려와 보호의 대상이 되어야 하므로 이 역시 파탄 여부와 정도 및 귀책 여부의 평가에 중요한 요소가 될 수 있고, 비록 그것이 민법 제840조 제3호에서 정한 독자적인 이혼사유에 해당할 정도에까지 이르지 않았다고 하여 달리 보아서는 안 된다. 이와 같은 사정에 비추어 혼인관계가 돌이킬 수 없을 정도로 파탄되었다고 인정된다면, 파탄의 원인에 대한 원고의 책임이 피고의 책임보다 실질적으로 더 무겁다고 인정되지 않는 한 이혼 청구가 허용되어야 한다(대법원 1991. 7. 9. 선고 90므1067 판결, 대법원 2021. 3. 25. 선고 2020므14763 판결 등 참조). 나아가, 혼인생활의 파탄에 주된 책임이 있는 배우자는 파탄을 사유로 하여 이혼을 청구할 수 없지만, 혼인과 가족생활은 개인의 존엄과 양성의 평등을 지도원리로 하는 것으로, 혼인제도가 추구하는 이상과 신의성실의 원칙에 비추어 그 책임이 이혼청구를 배척해야 할 정도로까지 보기 어려운 경우라면, 그러한 배우자의 이혼청구는 혼인과 가족제도를 형해화한다거나 사회의 도덕관·윤리관에 반한다고 할 수 없어 허용될 수 있으므로(대법원 2015. 9. 15. 선고 2013므568 전원합의체 판결 등 참조), 파탄의 주된 유책배우자의 이혼청구라 하여도 혼인제도가 추구하는 이상과 신의성실의 원칙 및 혼인과 가족제도의 실질적 형해화 우려 등의 관점에서 앞서 본 여러 사정을 두루 살펴 그 예외적 허용 여부를 판단할 필요가 있다.  2. 판단  가. 원심판결 이유와 기록에 따르면 다음 사정을 알 수 있다.  1) 원피고의 혼인관계  가) 원고는 베트남 국적 여성으로 (연월일 생략) 피고와 혼인신고를 마쳤고, 현재까지 피고와 사이에 미성년 자녀로 사건본인을 두었다.  나) 원고는 2008. 3. 결혼상담소를 통하여 베트남에서 피고를 만나 약 1주일 후에 그곳에서 결혼식을 한 후 2008. 7. 21. 국내로 입국하여 혼인생활을 시작하였다.   다) 원고는 2020. 3.경 부부싸움을 하다가 사건본인과 함께 집을 나가 피고와 별거를 시작한 후 2020. 9. 10. 이 사건 소를 제기하였고, 아래와 같은 사유로 현재까지 일관되게 이혼을 희망하고 있는 반면 피고는 이혼을 거부하고 있다.  2) 원피고의 혼인생활  가) 피고는 혼인기간 동안 지속적으로 상당한 양의 음주를 해왔고, 이로 인하여 잦은 외박을 하거나 집안 곳곳에 다수의 술병 등 음주의 흔적을 치우지 아니함은 물론 인사불성 상태에서 귀가하여 현관 입구에서 잠이 드는 등의 행태로 인하여 원고와 지속적인 갈등·분쟁의 원인이 되었다.   나) 피고는 음주 상태에서 원고와 몸싸움을 하거나 훈육 등을 이유로 사건본인을 폭행하기도 하였다.  다) 원피고는 경제적 문제로 지속적으로 갈등을 겪었고, 특히 피고는 상의도 없이 대출을 받아 제3자에게 대여하거나 제3자로부터 상당한 액수의 돈을 차용함은 물론 노래방·주점·모텔 등에서 유흥비로 적지 않은 돈을 소비하는 행태를 보였다.  라) 위와 같은 행태의 연장선 아래 피고는 2021. 10. 21. 원고에 대한 상해죄·재물손괴죄로 약식명령이 청구되어, 원심판결 선고 무렵 확정되었다. 그 범죄사실은 피고가 별거 중인 원고의 주거지로 찾아가 주먹·무릎·손 등으로 원고의 머리·가슴·어깨를 폭행하여 15일 간의 치료를 요하는 좌측 늑골 염좌·긴장상 및 두피의 표재성 손상 등을 가하였고, 그 과정에서 원고가 다른 사람에게 도움을 요청하려고 하자 휴대전화를 집어 던져 이를 손괴하였다는 것이다.  나. 이러한 사정을 앞서 본 법리에 비추어 보면, 아래와 같이 판단된다.  1) 원피고는 현재까지 2년 이상 별거 중인데, 그 기간 동안 피고가 원고의 의사에 반하여 그 거주지로 지속적으로 찾아가자 원고가 두려움에 경찰에 신고를 하였고, 그 과정에서 형사고소를 하여 피고가 상해·재물손괴죄로 형사처벌까지 받은 반면, 당사자 사이에 정상적인 부부나 가족 관계 하에서 마땅히 기대되는 수준의 상호교섭은 없는 상태로 보인다. 혼인 이후 별거를 시작하기까지 12년간 국내에서 지속된 혼인관계 및 자녀관계에 비추어 외국 출신의 원고의 경우 문화적 차이 내지 생경함에도 불구하고 부부로서의 의무 이행에 필요한 진지한 노력을 한 것으로 볼 수 있는 반면, 원고 및 사건본인에 대한 폭행, 비정상적인 음주 기행, 부적절한 경제적 습관 등을 통해 드러난 피고의 처신은 그에 현저히 미치지 못하는 것으로 보인다.   2) 원고는 이혼을 강하게 원하면서 피고와는 실질적인 부부 공동생활을 계속 할 수 없다는 의사를 가지고 있다. 피고는 혼인계속의사를 밝히고 있으나, 혼인관계의 갈등·분쟁의 원인을 원고에게만 돌리고 있을 뿐 부부관계의 회복에 대한 기대와 적극적인 의지·노력, 관계 개선을 위한 실질적인 대화나 조치 등 구체적인 노력을 기울인 것으로 보이지 않는다. 오히려 피고가 별거 이후에도 원고의 의사에 반하여 주거지에 찾아가 폭력을 행사한 것은 별거 이전에 이미 나타난 피고의 폭력·상습적인 음주 등 비정상적이고 불건전한 피고의 행태를 개선할 진지한 의사가 없음을 극명하게 드러낸 것으로 볼 수 있고, 그 밖에 혼인생활의 전 과정, 다른 가족들 및 이 사건 이혼소송이 진행되는 중 드러난 당사자의 언행·태도·상황 등에 비추어 보더라도 혼인관계 회복과 유지를 위한 노력을 다하지 아니하는 등 진지하고도 진정한 혼인계속의사가 없었다고 볼 여지가 많다.   3) 원피고의 경제적 상황, 각자의 직업·생계수단, 원피고 사이에 자녀로 미성년자인 사건본인만 있는 점, 피고가 사건본인에 대하여도 훈육 등을 이유로 폭력을 행사하였을 뿐만 아니라 혼인관계 중에도 집안에서 상습적인 음주 행태를 지속적으로 보인 점 등에 비추어 보면, 원피고 사이의 혼인관계의 계속을 강제하는 것이 오히려 미성년 자녀인 사건본인의 복리에 부정적인 영향을 미친다고 볼 여지도 많다.  4) 피고가 주장하는 원고의 회식 참석 및 술자리에서의 모습 등이 유책사유에 해당되는지도 의문이거니와, 설령 이에 해당하더라도 앞서 본 피고의 폭력·상습적인 음주·부적절한 경제적 습관 등에 비추어 이러한 원고의 유책사유가 원피고 사이의 혼인관계 파탄에 이르게 된 직접적·근본적인 원인이라고 단정할 수도 없다.   5) 위에서 살펴본 피고의 귀책으로 돌릴 수 있는 여러 사정들은 건전한 혼인생활의 지속을 저해하는 중대한 사유에 해당하는 것이자 이로 인하여 원고와 사건본인이 정서적·심리적·육체적으로 감내하기 힘든 피해를 지속적으로 입을 수 있는 경우에 해당할 수 있어, 원피고 사이의 혼인관계 파탄 여부 및 정도를 평가함에 중요한 요소로 고려하는 것이 필요하다. 나아가 사정이 그러하다면 그 파탄의 원인에 대한 원고의 책임이 피고의 책임보다 실질적으로 더 무겁다거나, 그럼에도 원고의 이혼청구를 허용하는 것이 혼인제도가 추구하는 이상과 신의성실의 원칙 및 혼인과 가족제도의 실질적 형해화 우려 등의 관점에서 예외적으로 허용될 수 없는 경우에 해당한다고 단정하기도 어려워 보인다.  6) 그렇다면 원심으로서는 원피고 사이에 있었던 혼인기간 중의 사정을 전 기간에 걸쳐 구체적·실질적으로 살펴 혼인관계가 주된 부분에 있어 실질적으로 파탄에 이르게 된 것은 아닌지, 나아가 파탄의 주된 원인이 오로지 원고의 귀책사유 때문인지 아니면 피고의 폭력·상습적인 음주·경제적 습관 등 피고의 귀책사유 때문인지 혹은 위 각 사유가 상호 불가분적으로 어우러진 결과인지 등을 면밀히 심리한 다음, 결과적으로 원피고 모두가 책임의 비율을 떠나 혼인파탄의 원인을 제공한 경우로서, 원칙적 혹은 예외적으로라도 민법 제840조 제6호에서 정한 이혼사유에 해당할 여지가 없는지에 관하여 진지하게 판단했어야 한다.  7) 그런데도 원심은 피고의 폭력·상습적인 음주 등으로 인한 피해자이기도 한 원고가 가출한 후 이 사건 소를 제기한 사정만을 중시한 나머지 원피고의 혼인관계가 더 이상 회복하기 어려울 정도로 파탄되었다고 인정할 수 없다고 단정하는 한편, 가정적 판단으로 혼인관계 파탄의 주된 유책배우자의 이혼청구라는 이유로도 원고의 청구를 배척하였는바, 이러한 원심의 판단에는 민법 제840조 제6호의 해석에 관한 법리 등을 오해함으로써 필요한 심리를 다하지 아니하여 판결에 영향을 미친 잘못이 있다.   3. 결론  그러므로 나머지 상고이유에 대한 판단을 생략한 채 원심판결을 파기하고, 사건을 다시 심리·판단하도록 원심법원에 환송하기로 하여, 관여 대법관의 일치된 의견으로 주문과 같이 판결한다.대법관 민유숙(재판장) 조재연 이동원 천대엽(주심) "
235447,이혼,2019므14477,대법원,"
","원고, 피상고인 원고 (소송대리인 변호사 이두구)피고, 상고인 피고 (소송대리인 변호사 이다민)원심판결 서울고법 2019. 8. 14. 선고 2018르22657 판결주    문  상고를 기각한다.  상고비용은 피고가 부담한다.이    유  상고이유를 판단한다.  1. 관련 법리  가. 재판상 이혼원인에 관한 민법 제840조는 원칙적으로 유책주의를 채택하고 있는 것으로 해석되며, 민법 제840조 제6호의 이혼사유에 관하여도 혼인생활의 파탄에 주된 책임이 있는 배우자는 그 파탄을 사유로 하여 이혼을 청구할 수 없는 것이 원칙이다. 그러나 이혼 청구 배우자의 유책성을 상쇄할 정도로 상대방 배우자 및 자녀에 대한 보호와 배려가 이루어진 경우, 세월의 경과에 따라 파탄 당시 현저하였던 유책배우자의 유책성과 상대방 배우자가 받은 정신적 고통이 약화되어 쌍방의 책임의 경중을 엄밀히 따지는 것이 더 이상 무의미할 정도가 된 경우 등 혼인 파탄의 책임이 반드시 이혼청구를 배척해야 할 정도로 남아있지 않은 경우 그러한 배우자의 이혼청구는 예외적으로 허용될 수 있다. 이를 판단할 때에는 유책배우자의 책임의 태양·정도, 상대방 배우자의 혼인계속의사 및 유책배우자에 대한 감정, 당사자의 나이, 혼인기간과 혼인 후의 구체적인 생활관계, 별거기간, 별거 후에 형성된 부부의 생활관계, 혼인생활의 파탄 후 여러 사정의 변경 여부, 이혼이 인정될 경우 상대방 배우자의 정신적·사회적·경제적 상태와 생활보장의 정도, 미성년 자녀의 양육·교육·복지의 상황, 그 밖의 혼인관계의 여러 사정을 두루 고려하여야 한다(대법원 2015. 9. 15. 선고 2013므568 전원합의체 판결 참조).  나. 민법 제826조 제1항에 따라, 부부는 정신적·육체적·경제적으로 결합된 공동체로서 서로 협조하고 보호하여 부부공동생활로서의 혼인이 유지되도록 상호간에 포괄적으로 협력할 의무를 부담한다(대법원 2015. 5. 29. 선고 2013므2441 판결 등 참조).  다. 상대방 배우자의 혼인계속의사를 인정하려면 소송 과정에서 그 배우자가 표명하는 주관적 의사만을 가지고 판단할 것이 아니라, 혼인생활의 전 과정 및 이혼소송이 진행되는 중 드러난 상대방 배우자의 언행 및 태도를 종합하여 그 배우자가 악화된 혼인관계를 회복하여 원만한 공동생활을 영위하려는 노력을 기울임으로써 혼인유지에 협조할 의무를 이행할 의사가 있는지 객관적으로 판단하여야 한다. 따라서 일방 배우자의 성격적 결함이나 언행으로 인하여 혼인관계가 악화된 경우에도, 상대방 배우자 또한 원만한 혼인관계로의 복원을 위하여 협조하지 않은 채 오로지 일방 배우자에게만 혼인관계 악화에 대한 잘못이 있다고 비난하고 대화와 소통을 거부하는 경우, 이혼소송 중 가정법원이 권유하는 부부상담 등 혼인관계의 회복을 위하여 실시하는 조치에 정당한 이유 없이 불응하면서 무관심한 태도로 일관하는 경우에는 혼인유지를 위한 최소한의 노력조차 기울이지 않았다고 볼 여지가 있어, 설령 그 배우자가 혼인계속의사를 표명하더라도 이를 인정함에 신중하여야 한다.  2. 이 사건의 판단   가. 원심판결 이유와 기록에 의하면, 다음의 사정을 알 수 있다.  1) 원고와 피고는 1998년 혼인하여 그 사이에 원심 변론종결일 무렵 21세, 16세의 자녀를 두고 있다.   2) 원고와 피고는 혼인생활 초기부터 원고의 어머니와 피고 사이의 갈등, 경제적 문제, 성격 및 가치관 차이 등으로 다툼이 있어 왔다. 원고와 피고는 직장 관계로 2016. 12.경부터 주말부부로 생활하다가, 원고가 2017. 2.경부터 집에 들어가지 않기 시작하면서 그 무렵부터 현재까지 계속 별거하고 있다. 위 둘째(아들)는 제1심 소송 계속 중인 2018. 2.부터 원고가 양육하여 왔다.  3) 원고는 그간의 혼인생활에서 드러난 갈등과 분쟁이 계속되고 있고 앞으로도 개선될 가능성이 없어서 혼인생활을 유지하는 것이 고통이 될 뿐이라고 주장하면서 이혼을 원하고 있다. 이에 비하여 피고는 원고와 이혼을 할 생각이 없다는 의사를 밝혔다. 그러나 피고는 원고와의 혼인생활에서 발생한 분쟁과 갈등이 모두 고부갈등을 제대로 중재하지 않고 본가만을 우선시한 원고의 잘못에 기한 것이라는 태도를 취하고 있고, 이 사건 소송 계속 중에는 원고와의 공동생활을 청산하기 위한 것으로 보이는 언행을 하기도 하였다. 피고는 제1심법원의 조정조치명령에 따라 실시된 부부 상담에서도 갈등의 원인을 이해하려는 의미 있는 시도나 혼인관계의 회복을 위한 노력을 보이지 않았다.  4) 원피고는 각기 직장생활을 하고 있으며, 원고는 7,400만 여원 상당의 재산을, 피고는 4억 여원 상당의 재산을 보유하고 있다.  나. 앞서 본 법리에 비추어 살펴본다.  1) 원고와 피고 사이의 혼인관계는 회복할 수 없을 정도의 파탄에 이르렀다. 혼인관계가 파탄에 이른 데에는 각자 자신의 생각과 입장만을 강조하면서 악화된 혼인관계를 회복하기 위한 노력을 다하지 않고, 오로지 상대방에게만 모든 잘못이 있다고 비난하면서 혼인생활에서 발생한 갈등과 분쟁을 계속하는 등 법률에서 정한 부부간의 의무를 준수하지 않은 원고와 피고 모두에게 대등한 책임이 있다고 봄이 타당하다.  2) 피고는 원고의 이혼청구에 대하여 혼인계속의사를 밝히고 있기는 하나, 그 언행 및 태도 등에 비추어 볼 때 혼인관계 회복을 위한 노력을 기울이지 않고 있어 혼인계속의사가 있다고 섣불리 인정하기 곤란하다. 또한 그 이혼거절의사가 이혼 후의 자신 및 자녀의 정신적·사회적·경제적 상태와 생활보장에 대한 우려에서 기인한 것으로 보기도 어렵다.  3) 같은 취지에서 이혼 청구를 받아들이고, 재산분할 및 과거 양육비 지급을 명한 원심의 결론에 상고이유 주장과 같이 논리와 경험의 법칙을 위반하여 자유심증주의의 한계를 벗어나거나 민법 제840조 제6호의 해석에 관한 법리를 오해한 잘못이 없다.  3. 결론  그러므로 상고를 기각하고 상고비용은 패소자가 부담하기로 하여, 관여 대법관의 일치된 의견으로 주문과 같이 판결한다.대법관 천대엽(재판장) 조재연 민유숙(주심) 이동원 
"
222695,이혼등,2021므14258,대법원,"  재판상 이혼원인에 관한 민법 제840조는 원칙적으로 유책주의를 채택하고 있는 것으로 해석되며, 민법 제840조 제6호의 이혼사유에 관하여도 혼인생활의 파탄에 주된 책임이 있는 배우자는 그 파탄을 사유로 하여 이혼을 청구할 수 없는 것이 원칙이다. 그러나 이혼청구 배우자의 유책성을 상쇄할 정도로 상대방 배우자 및 자녀에 대한 보호와 배려가 이루어진 경우, 세월의 경과에 따라 파탄 당시 현저하였던 유책배우자의 유책성과 상대방 배우자가 받은 정신적 고통이 약화되어 쌍방의 책임의 경중을 엄밀히 따지는 것이 더 이상 무의미할 정도가 된 경우 등 혼인 파탄의 책임이 반드시 이혼청구를 배척해야 할 정도로 남아있지 않은 경우 그러한 배우자의 이혼청구는 예외적으로 허용될 수 있다. 이를 판단할 때에는 유책배우자의 책임의 태양·정도, 상대방 배우자의 혼인계속의사 및 유책배우자에 대한 감정, 당사자의 나이, 혼인기간과 혼인 후의 구체적인 생활관계, 별거기간, 별거 후에 형성된 부부의 생활관계, 혼인생활의 파탄 후 여러 사정의 변경 여부, 이혼이 인정될 경우 상대방 배우자의 정신적·사회적·경제적 상태와 생활보장의 정도, 미성년 자녀의 양육·교육·복지의 상황, 그 밖의 혼인관계의 여러 사정을 두루 고려하여야 한다.민법 제826조 제1항에 따라, 부부는 정신적·육체적·경제적으로 결합된 공동체로서 서로 협조하고 보호하여 부부공동생활로서의 혼인이 유지되도록 상호 간에 포괄적으로 협력할 의무를 부담한다.  상대방 배우자의 혼인계속의사를 인정하려면 소송 과정에서 그 배우자가 표명하는 주관적 의사만을 가지고 판단할 것이 아니라, 혼인생활의 전 과정 및 이혼소송이 진행되는 중 드러난 상대방 배우자의 언행 및 태도를 종합하여 그 배우자가 악화된 혼인관계를 회복하여 원만한 공동생활을 영위하려는 노력을 기울임으로써 혼인유지에 협조할 의무를 이행할 의사가 있는지 객관적으로 판단하여야 한다. 따라서 일방 배우자의 성격적 결함이나 언행으로 인하여 혼인관계가 악화된 경우에도, 상대방 배우자 또한 원만한 혼인관계로의 복원을 위하여 협조하지 않은 채 오로지 일방 배우자에게만 혼인관계 악화에 대한 잘못이 있다고 비난하고 대화와 소통을 거부하는 경우, 이혼소송 중 가정법원이 권유하는 부부상담 등 혼인관계의 회복을 위하여 실시하는 조치에 정당한 이유 없이 불응하면서 무관심한 태도로 일관하는 경우에는 혼인유지를 위한 최소한의 노력조차 기울이지 않았다고 볼 여지가 있어, 설령 그 배우자가 혼인계속의사를 표명하더라도 이를 인정함에 신중하여야 한다.  과거에 일방 배우자가 이혼소송을 제기하였다가 유책배우자라는 이유에서 기각 판결이 확정되었더라도 그 후로 상대방 배우자 또한 종전 소송에서 문제 되었던 일방 배우자의 유책성에 대한 비난을 계속하고 일방 배우자의 전면적인 양보만을 요구하거나 민형사소송 등 혼인관계의 회복과 양립하기 어려운 사정이 남아 있음에도 이를 정리하지 않은 채 장기간의 별거가 고착화된 경우, 이미 혼인관계가 와해되었고 회복될 가능성이 없으며 상대방 배우자에 대한 보상과 설득으로 협의에 의하여 이혼을 하는 방법도 불가능해진 상태까지 이르렀다면, 종전 이혼소송의 변론종결 당시 현저하였던 일방배우자의 유책성이 상당히 희석되었다고 볼 수 있고, 이는 현재 이혼소송의 사실심 변론종결 시를 기준으로 판단하여야 한다.  다만 이 경우 일방 배우자의 유책성을 상쇄할 정도로 상대방 배우자 및 자녀에 대한 보호와 배려가 이루어졌어야 함은 위에서 본 바와 같으므로, 특히 상대방 배우자가 경제적·사회적으로 매우 취약한 지위에 있어 보호의 필요성이 큰 경우나 각종 사회보장급여 기타 공법상 급여, 연금이나 사적인 보험 등에 의한 혜택이 법률상 배우자의 지위가 유지됨을 전제로 하는 경우에는 유책배우자의 이혼청구를 허용함에 신중을 기하여야 한다. 그러므로 이혼에 불응하는 상대방 배우자가 혼인의 계속과 양립하기 어려워 보이는 언행을 하더라도, 그 이혼거절의사가 이혼 후 자신 및 미성년 자녀의 정신적·사회적·경제적 상태와 생활보장에 대한 우려에서 기인한 것으로 볼 여지가 있는 때에는 혼인계속의사가 없다고 섣불리 단정하여서는 안 된다.  또한 자녀가 미성년자인 경우에는 혼인의 유지가 경제적·정서적으로 안정적인 양육환경을 조성하여 자녀의 복리에 긍정적 영향을 미칠 측면과 더불어 부모의 극심한 분쟁상황에 지속적으로 자녀를 노출시키거나 자녀에 대한 부양 및 양육을 방기하는 등 파탄된 혼인관계를 유지함으로써 오히려 자녀의 복리에 부정적 영향을 미칠 측면에 관하여 모두 심리·판단하여야 한다.
","원고, 상고인 원고 (소송대리인 법무법인 동원 담당변호사 안창근 외 2인)피고, 피상고인 피고 (소송대리인 변호사 이우만)사건본인 사건본인원심판결 인천가법 2021. 7. 16. 선고 2020르11795 판결주    문  원심판결을 파기하고, 사건을 인천가정법원에 환송한다.이    유  상고이유를 판단한다.  1. 사건의 경위와 원심판단  가. 사건의 경위  1) 원고와 피고는 2010. 3. 25. 혼인신고를 마친 부부이고, 그 사이에 2010. 12. 출생한 딸인 사건본인을 두고 있다.  2) 원고는 피고와의 크고 작은 갈등으로 2011년경에는 부부상담을 받고, 2013년경에는 변호사를 선임하여 이혼소송을 준비하였다가 피고 등의 사과를 받고 철회하였는데, 그 후에도 갈등을 극복하지 못하여 2016. 5.말경 집을 나가 피고를 상대로 이혼 등 청구의 소를 제기하였다(이하 ‘종전 이혼소송’이라 한다). 위 소송은 2017. 6. 21. 변론종결되었고, 법원은 2017. 7. 5. ""원고가 주장하는 피고의 귀책사유로 혼인관계가 파탄되었다고 볼 수 없고, 오히려 원고에게 혼인관계 파탄에 대한 더 큰 책임이 있다.""라는 이유로 원고의 청구를 기각하였다. 위 판결은 그 무렵 확정되었다. 피고는 종전 이혼소송이 제기된 직후 원고를 상대로 위자료 및 재산분할청구권을 보전하기 위한 채권가압류를 하면서도 이혼 등의 본안소송을 제기하지 않았고, 오히려 종전 이혼소송에서 이혼에 반대한다는 의사를 밝혔다.  3) 원고는 종전 이혼소송의 변론종결일 이후에도 여전히 피고와 별거한 채 혼인생활로 돌아가지 못하고 있다.  4) 원고는 별거 후 피고에게 사건본인의 양육비를 지급하다가 종전 이혼소송에서 패소하자 2017. 7. 지급을 중단하였으나, 피고의 청구에 의한 부양료 등 사건에서 법원이 부양료 및 양육비로 매월 50만 원의 지급을 명하는 사전처분을 하자 2018. 11.경부터 다시 피고에게 매월 50만 원씩을 지급하였다. 피고는 별거 이전 원고 명의로 임차하였던 아파트에서 별거 이후에도 계속 사건본인과 거주하고 있고, 원고는 2018. 3.경 위 아파트의 소유권을 취득하면서 담보대출 받았던 대출금 채무를 변제해 오고 있다.  5) 원고가 별거 후 피고를 통하지 않고 사건본인과 직접 연락하려고 하면, 피고는 사건본인을 만나기 위해서는 자신에게 연락하고 집으로 들어오라고 요구하였다. 또한 피고는 아파트의 잠금장치를 변경한 후, 원고에게 열쇠 교부를 거절하면서 원고가 먼저 집으로 들어와야 한다는 태도를 바꾸지 않았다. 그러나 원고는 관계 개선이 선행되어야 한다는 입장이어서 쌍방의 견해차를 전혀 좁히지 못하였다.  6) 원고는 2019. 9.경 이 사건 이혼청구의 소를 제기하였다. 피고는 이 사건 소송계속 중 일관하여 이혼할 생각이 없다는 의사를 밝혔다.  나. 원심의 판단  원심은, 원고가 종전 이혼소송에서 패소 판결을 받은 후로도 여전히 가정으로 돌아가지 않은 채 피고와의 혼인관계 개선을 위한 아무런 노력도 하지 않다가 위 판결이 선고된 후 2년 만에 다시 동일한 내용의 소를 제기하면서 이혼을 요구하고 있는 점, 피고는 원고가 가정으로 돌아오기만을 바라면서 이혼의사가 절대로 없음을 밝히고 있는 점 등을 들어 원고의 이혼청구를 배척하였다.  2. 대법원의 판단  가. 관련 법리  1) 재판상 이혼원인에 관한 민법 제840조는 원칙적으로 유책주의를 채택하고 있는 것으로 해석되며, 민법 제840조 제6호의 이혼사유에 관하여도 혼인생활의 파탄에 주된 책임이 있는 배우자는 그 파탄을 사유로 하여 이혼을 청구할 수 없는 것이 원칙이다. 그러나 이혼청구 배우자의 유책성을 상쇄할 정도로 상대방 배우자 및 자녀에 대한 보호와 배려가 이루어진 경우, 세월의 경과에 따라 파탄 당시 현저하였던 유책배우자의 유책성과 상대방 배우자가 받은 정신적 고통이 약화되어 쌍방의 책임의 경중을 엄밀히 따지는 것이 더 이상 무의미할 정도가 된 경우 등 혼인 파탄의 책임이 반드시 이혼청구를 배척해야 할 정도로 남아있지 않은 경우 그러한 배우자의 이혼청구는 예외적으로 허용될 수 있다. 이를 판단할 때에는 유책배우자의 책임의 태양·정도, 상대방 배우자의 혼인계속의사 및 유책배우자에 대한 감정, 당사자의 나이, 혼인기간과 혼인 후의 구체적인 생활관계, 별거기간, 별거 후에 형성된 부부의 생활관계, 혼인생활의 파탄 후 여러 사정의 변경 여부, 이혼이 인정될 경우 상대방 배우자의 정신적·사회적·경제적 상태와 생활보장의 정도, 미성년 자녀의 양육·교육·복지의 상황, 그 밖의 혼인관계의 여러 사정을 두루 고려하여야 한다(대법원 2015. 9. 15. 선고 2013므568 전원합의체 판결 참조).  2) 민법 제826조 제1항에 따라, 부부는 정신적·육체적·경제적으로 결합된 공동체로서 서로 협조하고 보호하여 부부공동생활로서의 혼인이 유지되도록 상호 간에 포괄적으로 협력할 의무를 부담한다(대법원 2015. 5. 29. 선고 2013므2441 판결 등 참조).  3) 상대방 배우자의 혼인계속의사를 인정하려면 소송 과정에서 그 배우자가 표명하는 주관적 의사만을 가지고 판단할 것이 아니라, 혼인생활의 전 과정 및 이혼소송이 진행되는 중 드러난 상대방 배우자의 언행 및 태도를 종합하여 그 배우자가 악화된 혼인관계를 회복하여 원만한 공동생활을 영위하려는 노력을 기울임으로써 혼인유지에 협조할 의무를 이행할 의사가 있는지 객관적으로 판단하여야 한다. 따라서 일방 배우자의 성격적 결함이나 언행으로 인하여 혼인관계가 악화된 경우에도, 상대방 배우자 또한 원만한 혼인관계로의 복원을 위하여 협조하지 않은 채 오로지 일방 배우자에게만 혼인관계 악화에 대한 잘못이 있다고 비난하고 대화와 소통을 거부하는 경우, 이혼소송 중 가정법원이 권유하는 부부상담 등 혼인관계의 회복을 위하여 실시하는 조치에 정당한 이유 없이 불응하면서 무관심한 태도로 일관하는 경우에는 혼인유지를 위한 최소한의 노력조차 기울이지 않았다고 볼 여지가 있어, 설령 그 배우자가 혼인계속의사를 표명하더라도 이를 인정함에 신중하여야 한다.  4) 과거에 일방 배우자가 이혼소송을 제기하였다가 유책배우자라는 이유에서 기각 판결이 확정되었더라도 그 후로 상대방 배우자 또한 종전 소송에서 문제 되었던 일방 배우자의 유책성에 대한 비난을 계속하고 일방 배우자의 전면적인 양보만을 요구하거나 민형사소송 등 혼인관계의 회복과 양립하기 어려운 사정이 남아 있음에도 이를 정리하지 않은 채 장기간의 별거가 고착화된 경우, 이미 혼인관계가 와해되었고 회복될 가능성이 없으며 상대방 배우자에 대한 보상과 설득으로 협의에 의하여 이혼을 하는 방법도 불가능해진 상태까지 이르렀다면, 종전 이혼소송의 변론종결 당시 현저하였던 일방배우자의 유책성이 상당히 희석되었다고 볼 수 있고, 이는 현재 이혼소송의 사실심 변론종결 시를 기준으로 판단하여야 한다.  5) 다만 이 경우 일방 배우자의 유책성을 상쇄할 정도로 상대방 배우자 및 자녀에 대한 보호와 배려가 이루어졌어야 함은 위에서 본 바와 같으므로, 특히 상대방 배우자가 경제적·사회적으로 매우 취약한 지위에 있어 보호의 필요성이 큰 경우나 각종 사회보장급여 기타 공법상 급여, 연금이나 사적인 보험 등에 의한 혜택이 법률상 배우자의 지위가 유지됨을 전제로 하는 경우에는 유책배우자의 이혼청구를 허용함에 신중을 기하여야 한다. 그러므로 이혼에 불응하는 상대방 배우자가 혼인의 계속과 양립하기 어려워 보이는 언행을 하더라도, 그 이혼거절의사가 이혼 후 자신 및 미성년 자녀의 정신적·사회적·경제적 상태와 생활보장에 대한 우려에서 기인한 것으로 볼 여지가 있는 때에는 혼인계속의사가 없다고 섣불리 단정하여서는 안 된다.또한 자녀가 미성년자인 경우에는 혼인의 유지가 경제적·정서적으로 안정적인 양육환경을 조성하여 자녀의 복리에 긍정적 영향을 미칠 측면과 더불어 부모의 극심한 분쟁상황에 지속적으로 자녀를 노출시키거나 자녀에 대한 부양 및 양육을 방기하는 등 파탄된 혼인관계를 유지함으로써 오히려 자녀의 복리에 부정적 영향을 미칠 측면에 관하여 모두 심리·판단하여야 한다.  나. 이 사건의 판단  1) 원고와 피고는 종전 이혼소송의 변론종결 이후에도 5년째 별거 중이고 쌍방의 갈등이 해소되지 않고 있다. 피고는 혼인계속의사를 밝히고 있으나, 원고가 혼인관계를 유지하는데 상당한 고통을 토로함에도 원고가 먼저 가출하였다는 사정만을 들어 원고를 비난하면서 집으로 돌아오라는 요구를 반복할 뿐이다.  피고의 이혼거절의사가 혼인기간 중 가사와 양육만을 담당해온 자신 및 미성년자인 사건본인의 정신적·사회적·경제적 상태와 생활보장에 대한 우려에서 기인한 것으로 볼 여지도 있다. 하지만 원고는 사건본인에 대한 면접교섭의 의지가 있고 양육비를 꾸준히 지급해 오고 있다. 한편 미성년자인 사건본인이 성장하는 동안 원고와 피고 사이에서 갈등과 분쟁 및 이혼소송에 지속적으로 노출되어 왔다.  2) 원심은 혼인생활의 전 과정 및 이혼소송이 진행되는 중에 드러난 피고의 언행 및 태도, 피고와 사건본인이 처해 있는 구체적 상황, 혼인관계의 회복가능성 등을 모두 고려하여 피고에게 혼인계속의사가 있는지를 객관적으로 살펴보지 않은 채, 그 혼인계속의사가 오기나 보복적 감정에 기한 것으로 보이지 않는다고만 판단하였다. 또한 원심은 과거에 원고가 청구한 이혼청구가 기각되었더라도, 그 후로 피고 역시 혼인관계의 회복을 위한 노력을 다하지 않음으로써 혼인관계가 회복될 가능성이 없는 반면 피고 및 사건본인에 대한 보호와 배려가 이루어짐으로써 유책배우자의 유책성이 희석되었다고 볼 수 있는지, 원고와 피고의 분쟁상황을 고려할 때 그 혼인관계의 유지가 미성년자인 사건본인의 정서적 상태와 복리를 저해하고 있는지 및 그 정도 등에 대하여 심리하지 않은 채 이 사건 청구가 유책배우자의 이혼청구가 허용되는 특별한 사정이 있는 경우에 해당된다고 보기 어렵다고 판단하였다. 이러한 원심의 판단에는 민법 제840조 제6호의 해석 및 유책배우자의 이혼청구에 관한 법리를 오해하여 필요한 심리를 다하지 않음으로써 판결에 영향을 미친 잘못이 있다. 이를 지적하는 상고이유 주장은 이유 있다.  3. 결론  그러므로 원심판결을 파기하고, 사건을 다시 심리·판단하도록 원심법원에 환송하기로 하여, 관여 대법관의 일치된 의견으로 주문과 같이 판결한다.대법관 천대엽(재판장) 조재연 민유숙(주심) 이동원 
"
221981,"이혼등원고가 남편인 피고를 상대로 민법 제840조 제1호(배우자의 부정한 행위), 제2호(악의의 유기), 제6호(혼인을 계속하기 어려운 중대한 사유)를 주장하면서 이혼, 위자료, 재산분할 등을 청구한 사안",2021므15480,대법원,"  1 혼인은 일생의 공동생활을 목적으로 하여 부부의 실체를 이루는 신분상 계약으로서, 그 본질은 애정과 신뢰에 바탕을 둔 인격적 결합에 있다. 부부는 동거하며 서로 부양하고 협조하여야 할 의무가 있는데(민법 제826조 제1항), 이는 혼인의 본질이 요청하는 바로서, 혼인생활을 하면서 부부는 애정과 신의 및 인내로써 상대방을 이해하고 보호하여 혼인생활의 유지를 위한 최선의 노력을 기울여야 한다.민법 제840조 제6호에서 정한 이혼사유인 ‘혼인을 계속하기 어려운 중대한 사유가 있을 때’란 부부간의 애정과 신뢰가 바탕이 되어야 할 혼인의 본질에 상응하는 부부공동생활관계가 회복할 수 없을 정도로 파탄되고 혼인생활의 계속을 강제하는 것이 일방 배우자에게 참을 수 없는 고통이 되는 경우를 말한다. 이를 판단할 때에는 혼인계속의사의 유무, 파탄의 원인에 관한 당사자의 책임 유무, 혼인생활의 기간, 자녀의 유무, 당사자의 연령, 이혼 후의 생활보장 등 혼인관계에 관한 여러 사정을 두루 고려하여야 하고, 이러한 사정을 고려하여 부부의 혼인관계가 돌이킬 수 없을 정도로 파탄되었다고 인정된다면 파탄의 원인에 대한 원고의 책임이 피고의 책임보다 더 무겁다고 인정되지 않는 한 이혼 청구를 받아들여야 한다.  2 甲과 乙은 혼인신고를 마친 부부로 乙이 해외 사업을 추진하면서 필리핀과 태국을 자주 드나들었고 상당 기간 해외에 체류하다가 귀국하였는데, 甲이 위 기간에 성병에 감염되자, 乙 때문에 감염된 것이라 의심하게 되었으며, 그 후로 乙이 해외 체류를 빈번하게 하면서도 생활비를 거의 지급하지 않아 甲이 홀로 자녀들의 양육비와 생활비를 책임지게 되었고, 이에 甲이 乙을 상대로 이혼 등을 구한 사안에서, 甲이 성병에 감염되어 치료를 받았고, 乙 때문에 성병에 감염된 것으로 의심하였는데, 乙의 부정한 행위가 증명되지는 않았다고 하더라도 위 사정은 甲과 乙의 혼인관계의 바탕이 되는 신뢰가 훼손될 수 있는 사정에 해당하고, 현재까지도 그 사정이 혼인관계에 영향을 미치고 있는지 살펴볼 필요가 있는 점, 乙로부터 해외 사업에 관한 구체적인 내용을 듣지 못한 甲으로서는 乙을 신뢰하기 어려웠던 것으로 보이고, 해외 체류 사유에 관한 심리를 통하여 乙이 가정을 소홀히 하면서까지 장기간 해외에 체류한 것이 정당화될 수 있는지 살펴볼 필요가 있는 점, 乙이 甲에게 생활비를 제대로 지급하지 않고 가정을 소홀히 한 탓으로 甲은 홀로 생활비를 책임지면서 자녀들의 육아와 가사 및 직장생활을 하여야만 했던 반면, 乙은 장기간 가정을 등한시하면서 경제적인 지원이나 자녀들에 대한 보호, 양육 등의 공동책임에서 완전히 벗어나 있었는데, 乙의 이러한 행위가 악의로 甲과 자녀들을 유기한 것까지는 아니더라도 부모의 의무인 자녀에 대한 양육의무를 성실히 이행하지 않는 것에 해당하는바, 이러한 사정은 甲이 乙에 대한 신뢰를 갖지 못하게 하고 지속적으로 혼인관계를 유지할 수 없다는 생각을 갖게 하기에 충분한 점 등에 비추어, 甲과 乙의 혼인관계는 乙의 책임 있는 사유로 인하여 애정과 신뢰가 상실되어 회복할 수 없을 정도로 파탄되었다고 볼 여지가 충분한데도, 이와 달리 본 원심판결에 심리미진 등의 잘못이 있다고 한 사례.

","원고, 상고인 원고 (소송대리인 법무법인 등정 담당변호사 길명철 외 2인)피고, 피상고인 피고 (소송대리인 법무법인 해람 담당변호사 박지혜 외 2인)사건본인 사건본인 1 외 1인원심판결 수원가법 2021. 9. 16. 선고 2020르1504 판결주    문  원심판결을 파기하고, 사건을 수원가정법원에 환송한다.이    유  상고이유를 판단한다.  1. 가. 혼인은 일생의 공동생활을 목적으로 하여 부부의 실체를 이루는 신분상 계약으로서, 그 본질은 애정과 신뢰에 바탕을 둔 인격적 결합에 있다. 부부는 동거하며 서로 부양하고 협조하여야 할 의무가 있는데(민법 제826조 제1항), 이는 혼인의 본질이 요청하는 바로서, 혼인생활을 하면서 부부는 애정과 신의 및 인내로써 상대방을 이해하고 보호하여 혼인생활의 유지를 위한 최선의 노력을 기울여야 한다(대법원 2015. 9. 15. 선고 2013므568 전원합의체 판결 참조).  나. 민법 제840조 제6호에서 정한 이혼사유인 ‘혼인을 계속하기 어려운 중대한 사유가 있을 때’란 부부간의 애정과 신뢰가 바탕이 되어야 할 혼인의 본질에 상응하는 부부공동생활관계가 회복할 수 없을 정도로 파탄되고 혼인생활의 계속을 강제하는 것이 일방 배우자에게 참을 수 없는 고통이 되는 경우를 말한다. 이를 판단할 때에는 혼인계속의사의 유무, 파탄의 원인에 관한 당사자의 책임 유무, 혼인생활의 기간, 자녀의 유무, 당사자의 연령, 이혼 후의 생활보장 등 혼인관계에 관한 여러 사정을 두루 고려하여야 하고, 이러한 사정을 고려하여 부부의 혼인관계가 돌이킬 수 없을 정도로 파탄되었다고 인정된다면 파탄의 원인에 대한 원고의 책임이 피고의 책임보다 더 무겁다고 인정되지 않는 한 이혼 청구를 받아들여야 한다(대법원 1991. 7. 9. 선고 90므1067 판결, 대법원 2021. 8. 19. 선고 2021므12108 판결 등 참조).  2. 원심판결 이유와 기록에 의하면, 다음과 같은 사실을 알 수 있다.  가. 원고와 피고는 (연월일 생략) 혼인신고를 마친 부부이고, 미성년 딸인 사건본인들을 두고 있다.  나. 원고와 피고는 혼인신고 당시 같은 회사에서 근무하였는데, 피고는 2013. 3.경 퇴사 후 필리핀, 태국 등지에서 해외 사업을 추진하였다가 사업 실패 후인 2014. 4.경 다른 회사에 입사하였고, 2017. 11.경부터 현재까지 소외 회사에서 근무하고 있다.  다. 원고는 2011. 6. 27. ‘(병명 1 생략)’, 2012. 9. 16. ‘(병명 2 생략)’ 각 진단을 받아 치료를 받았다. 그런데 그 기간이 피고의 해외 체류기간과 겹치는데다가, 원고가 첫 번째 진단 직전 유산하고 두 번째 진단 직후 사건본인 2를 임신하는 등의 이유로 원고는 피고 때문에 성병에 감염된 것으로 의심하게 되었다.  라. 피고는 해외 사업을 추진하던 기간을 전후로 하여 2011년부터 이 사건 소제기 전까지 필리핀과 태국을 자주 드나들었고, 상당 기간 해외에 머물렀다. 피고는 2011년 13회 101일, 2012년 11회 69일, 2013년 7회 229일, 2014년 6회 44일, 2015년 14회 85일, 2016년 17회 112일, 2017년 10회 145일을 해외에 머물렀는데, 위 횟수와 기간은 피고가 해외 사업을 추진하던 2013년을 제외하고도 지나치게 많고, 피고는 원고에게 해외 체류 사유 및 사업진행 상황에 관하여 제대로 설명하지 않았다.  마. 또한 피고는 위와 같이 해외 체류를 빈번하게 하면서도 원고와 함께 다니던 회사를 퇴직한 후로는 생활비를 거의 지급하지 않았다. 2015년에는 200만 원, 2016년에는 1,760만 원, 2017년에는 100만 원 정도를 지급하였다. 원고는 위 기간 동안 홀로 사건본인들의 양육비와 생활비를 책임지면서 가사와 육아 및 직장생활을 병행하였다. 특히 피고는 사업과 관계없이 필리핀으로 골프여행을 다녀온 적이 있음을 스스로 인정하고 있는데, 2013. 3. 30. 출국하였다가 2013. 7. 30. 귀국하였고, 다시 2013. 8. 8. 출국하였다가 2013. 10. 1. 귀국하는 등 원고가 사건본인 2를 출산한 2013. 7. 18. 전후로도 원고 및 사건본인들과 함께 있지 않았다.  바. 원고는 위와 같은 문제로 피고에게 상당한 불만을 가지고 있었다. 원고는 이 사건 소제기 이전 피고에게 가족을 위하여 함께 생활할 것을 요청하였던 것으로 보이는데, 그 요청에도 피고의 태도가 바뀌지 않자 이 사건 소제기 이후 피고와의 혼인관계를 유지할 의사가 없음을 명백히 밝히고, 원심 계속 중인 2020. 8. 27. 사건본인들을 데리고 집을 나와 현재까지 피고와 별거하고 있다. 이후 피고는 문자메시지 등을 통하여 원고에게 원고와의 혼인관계 유지를 위하여 노력하겠으니 용서하여 달라고 부탁하였을 뿐, 그 밖의 노력을 한 사정은 보이지 않는다.  3. 위와 같은 사실관계를 앞서 본 법리에 비추어 살펴보면, 원고와 피고의 혼인관계는 피고의 책임 있는 사유로 인하여 애정과 신뢰가 상실되어 회복할 수 없을 정도로 파탄되었다고 볼 여지가 충분하므로, 원심으로서는 원고가 주장하는 사유가 혼인파탄의 원인이 되었고, 그 책임이 피고에게 있는지에 관하여 심리·판단하였어야 한다. 그 이유는 다음과 같다.  가. 원고는 2011년과 2012년 성병에 감염되어 치료를 받았고, 피고 때문에 성병에 감염된 것으로 의심하였다. 비록 피고의 부정한 행위가 증명되지는 않았다고 하더라도 당시 원고의 건강 및 가정상황에 비추어 보면 위 사정은 원고와 피고의 혼인관계의 바탕이 되는 신뢰가 훼손될 수 있는 사정에 해당하고, 현재까지도 그 사정이 혼인관계에 영향을 미치고 있는지 살펴볼 필요가 있다.  나. 피고는 해외 사업을 추진하기 전부터 잦은 출국으로 해외에 체류한 기간이 길었고, 그 사정은 피고가 추진하던 사업을 접고 다시 회사에 입사한 이후로도 지속되었으며, 피고로부터 해외 사업에 관한 구체적인 내용을 듣지 못한 원고로서는 피고를 신뢰하기 어려웠던 것으로 보인다. 아울러 피고의 잦은 해외 체류가 해외 사업을 위하여 불가피한 것이었다고 인정할 자료가 부족하고, 해외 사업과 무관한 골프여행 등의 외유도 포함된 것으로 보이므로, 해외 체류 사유에 관한 심리를 통하여 피고가 가정을 소홀히 하면서까지 장기간 해외에 체류한 것이 정당화될 수 있는지 살펴볼 필요가 있다.  다. 부부의 동거·부양 및 협조의무는 부부관계가 정신적·육체적·경제적 협동체라는 점에서 나오는 본질적인 의무이다. 특히 부모가 자녀에 대하여 가지는 양육을 포함한 친권은 부모의 권리이자 의무이므로(대법원 1993. 3. 4. 자 93스3 결정 참조), 부부가 자녀를 갖게 되면 함께 자녀를 보호하고 교양할 의무가 있다(민법 제913조). 친권자 및 양육자로서의 부모의 자녀에 대한 양육의무는 단순히 비용을 부담하는 것에 그치는 것이 아니라 자녀의 최선의 복리를 위한 실질적 보호·교양의무를 의미하는 것이고, 부부는 협의에 따라 분담된 부모로서의 역할을 다하여야 자녀에 대한 양육의무를 이행하였다고 할 수 있다. 이때 부부 중 어느 일방이 자녀에 대한 양육의무를 소홀히 함으로써 다른 일방이 전적으로 자녀를 양육하는 것은 혼인생활에서의 양성평등의 원칙 및 자녀의 복리의 관점에서 허용될 수 없다.  이 사건에 관하여 보건대, 피고가 원고에게 생활비를 제대로 지급하지 않고 가정을 소홀히 한 탓으로 원고는 홀로 생활비를 책임지면서 사건본인들에 대한 육아와 가사 및 직장생활을 하여야만 했던 반면, 피고는 장기간 가정을 등한시하면서 경제적인 지원이나 사건본인들에 대한 보호, 양육 등의 공동책임에서 완전히 벗어나 있었다. 피고의 이러한 행위가 악의로 원고와 사건본인들을 유기한 것까지는 아니더라도 부모의 의무인 자녀에 대한 양육의무를 성실히 이행하지 않는 것에 해당하는바, 이러한 사정은 원고로 하여금 피고에 대한 신뢰를 갖지 못하게 하고 지속적으로 혼인관계를 유지할 수 없다는 생각을 갖게 하기에 충분하다.  라. 한편 원고가 가정을 소홀히 하거나 피고와의 혼인관계를 훼손할 만한 행동을 하였다는 사정은 기록상 찾아볼 수 없고, 피고도 원고와의 이혼을 원하지 않는다고만 하고 있을 뿐 원고의 책임 있는 사유로 혼인관계 유지가 어렵다는 주장을 하고 있지 않다. 나아가 피고는 이 사건 소송 계속 중 남편과 아버지로서의 역할을 다하겠다고 다짐하였는데도 원고로부터 신뢰를 회복하기 위한 구체적 노력을 기울이고 있지 않다. 반면 원고는 이 사건 소제기 이후 현재까지 피고와의 이혼을 일관되게 원하고 있고, 제1심에서 혼인관계가 파탄에 이르지 않았다는 이유로 원고의 청구가 기각되자 사건본인들과 함께 거주지에서 이사하여 피고와의 별거를 선택하면서 원고와 사건본인들 및 피고 사이에 왕래가 없는 것으로 보인다.  마. 따라서 원심으로서는, 원고와 피고의 혼인기간, 피고가 잦은 해외 체류를 하면서 원고 및 사건본인들을 유기에 가까운 방치에 이르게 한 데 대한 정당한 사유가 있는지, 그에 대하여 원고와의 합의나 양해가 있었는지, 피고의 혼인 유지 의사에 따른 노력과 태도 등을 살펴 원고와 피고의 혼인생활이 회복할 수 없을 정도로 파탄되었는지를 살펴보았어야 한다.  4. 그런데도 원심은 원고가 제출한 증거들만으로는 원고와 피고의 혼인관계가 회복할 수 없을 정도로 파탄에 이르렀다고 단정하기 어렵고, 다시 원만한 부부관계를 되찾을 여지가 있다고 보아 원고의 청구를 모두 기각하였다. 이러한 원심판결에는 필요한 심리를 다하지 않은 채 논리와 경험의 법칙을 위반하여 자유심증주의의 한계를 벗어나거나 민법 제840조 제6호에서 정한 ‘혼인을 계속하기 어려운 중대한 사유’에 관한 법리를 오해하여 판결에 영향을 미친 잘못이 있다. 이를 지적하는 원고의 상고이유 주장은 이유 있다.  5. 그러므로 나머지 상고이유에 관한 판단을 생략한 채 원심판결을 파기하고, 사건을 다시 심리·판단하도록 원심법원에 환송하기로 하여, 관여 대법관의 일치된 의견으로 주문과 같이 판결한다.대법관 노태악(재판장) 박정화(주심) 김선수 오경미 

"
232987,이혼,2021므15398,대법원,내용없음,"원고, 상고인 원고 (소송대리인 변호사 장동섭)피고, 피상고인 피고 (소송대리인 변호사 이명숙 외 4인)원심판결 수원가법 2021. 9. 16. 선고 2020르891 판결주    문  원심판결을 파기하고, 사건을 수원가정법원에 환송한다.이    유  상고이유를 판단한다.  1. 민법 제840조 제6호에서 정한 이혼사유인 ‘혼인을 계속하기 어려운 중대한 사유가 있을 때’란 부부 사이의 애정과 신뢰가 바탕이 되어야 할 혼인의 본질에 상응하는 부부 공동생활관계가 회복할 수 없을 정도로 파탄되고 혼인생활의 계속을 강제하는 것이 한쪽 배우자에게 참을 수 없는 고통이 되는 경우를 말한다. 이를 판단할 때에는 혼인계속의사의 유무, 파탄의 원인에 관한 당사자의 책임 유무, 혼인생활의 기간, 자녀의 유무, 당사자의 연령, 이혼 후의 생활보장, 그 밖에 혼인관계에 관한 여러 사정을 두루 고려해야 하고, 이러한 사정을 고려하여 부부의 혼인관계가 돌이킬 수 없을 정도로 파탄되었다고 인정된다면 파탄의 원인에 대한 원고의 책임이 피고의 책임보다 더 무겁다고 인정되지 않는 한 이혼 청구를 받아들여야 한다(대법원 1991. 7. 9. 선고 90므1067 판결, 대법원 2021. 3. 25. 선고 2020므14763 판결 등 참조).  2. 원심판결 이유와 기록에 따르면 다음 사정을 알 수 있다.  가. 원피고는 1972년 혼인신고를 마치고 그 사이에 2명의 성년 자녀를 두었다. 피고는 경기 양평군에서 원고와 동거하다가 2012년경 딸 소외 1의 이혼소송을 계기로 소외 1이 살고 있는 서울 강남구로 거처를 옮겨 소외 1과 함께 주로 생활함으로써 사실상 별거를 시작하였고, 2014. 1. 20.경에는 소외 1의 거주지로 주소지까지 전출하였다.  나. 원피고는 2013년경부터 피고가 부부 공유 토지인 경기 양평군 (주소 생략) 일대에 태양광발전소를 설치·운영하는 사업을 진행하는 과정에서 서로 중대한 의견 차이가 발생하여 심하게 다투었다. 원고는 2014. 1. 22. 피고를 상대로 위 토지의 분할을 구하는 조정을 법원에 신청하였고, 조정이 결렬되어 이행된 소송에서 피고는 원고를 상대로 토지와 지상 건물의 인도를 구하는 반소를 제기하였다. 위 사건의 제1심법원은 원고의 본소 청구를 받아들여 공유물의 현물분할과 가액 정산을 명하고, 피고의 반소 청구를 기각하는 판결을 선고하였다. 그 후 쌍방 항소로 진행된 항소심에서 2016. 10. 14. 일부 필지는 공유 상태로 두고 나머지는 각자 소유한 토지 지분을 맞교환하는 내용으로 조정이 성립하였다.  다. 원피고는 이 사건 소제기 이후 서로 상대방의 재물손괴행위를 수사기관에 신고하고 처벌을 희망하는 의사를 고수하여 나란히 벌금형을 받았다. 이와 같이 원피고는 혼인기간 중 성격이나 생활습관, 동거 문제, 재산 문제 등을 두고 크고 작은 다툼을 계속하였다. 원고는 이 사건에서 일관되게 이혼을 요구하고 있고, 피고는 이혼을 원하지 않는다고 하면서도 혼인관계의 회복을 위해 특별히 의미 있는 노력이나 행동을 하고 있지는 않다.  3. 이러한 사정을 위에서 본 법리에 비추어 살펴본다.  가. 원피고는 장기간에 걸쳐 별거 생활을 하였고, 혼인기간 중에 서로 재산에 관한 민사소송을 하였으며, 상호 간 형사고소를 하고 끝까지 처벌을 희망하는 의사를 고수하여 함께 형사처벌을 받았다. 또한 위 민사소송이 조정으로 끝난 다음에도 당사자 사이에 서로 이해하거나 관계를 회복하기 위하여 노력하지 않고 통상적 수준의 부부나 가족으로서 상호작용이 없이 기능적이고 형식적인 혼인관계만을 유지하였다.  나. 원고는 이혼을 강력하게 원하고 애정과 신뢰의 상실로 피고와 실질적인 부부 공동생활을 할 수 없다는 의사를 가지고 있다. 피고는 이혼을 원하지 않는다고 하고 있으나, 부부관계의 회복에 대한 기대와 의지보다는 주로 자녀나 손녀에게 미칠 영향을 우려하고 있는 것으로 보인다. 그러나 원피고의 이혼이 성년 자녀나 그 가족 복리에 중대한 영향을 준다고 볼 수 없고, 나아가 형식적인 부부관계를 존속한다고 해서 그것이 이들의 복리에 도움이 된다고 보기도 어렵다.   다. 피고는 원고가 별거 당시 가사도우미로 일했던 소외 2와 부정행위를 하였다고 주장하고 있으나, 피고가 제출한 자료나 기록에 나타난 사정만으로는 그것이 원피고의 혼인관계 파탄에 직접적인 원인이 되었다고 단정하기 어렵다. 오히려 원피고 사이의 혼인기간에 있었던 여러 사정에 비추어 보면, 원피고의 혼인관계는 이미 부부 공동생활관계가 회복할 수 없을 정도로 파탄되고 혼인생활의 계속을 강제하는 것이 원고에게 참을 수 없는 고통이 되는 경우에 해당하며, 파탄의 원인에 대한 책임이 당사자 사이에 동등하거나 비슷하게 있다고 볼 여지가 있다.  라. 원심으로서는 원피고 사이에 있었던 혼인기간 중에 있었던 사정을 종합적으로 살펴 혼인파탄의 원인이 배우자 한쪽이 아닌 양쪽 모두에게 있는 것이 아닌지 심리를 한 다음, 민법 제840조 제6호에서 정한 이혼사유에 해당할 여지가 없는지에 관하여 판단했어야 한다.  4. 그런데도 원심은 혼인파탄의 주된 책임이 원고에게 있다고 단정하고 원고의 이혼 청구를 배척하였다. 원심판결에는 필요한 심리를 다하지 않거나 민법 제840조 제6호와 유책배우자의 이혼청구에 관한 법리 등을 오해하여 판결에 영향을 미친 잘못이 있다. 이를 지적하는 상고이유 주장은 정당하다.  5. 원고의 상고는 이유 있으므로 원심판결을 파기하고 사건을 다시 심리·판단하도록 원심법원에 환송하기로 하여, 대법관의 일치된 의견으로 주문과 같이 판결한다.대법관 노정희(재판장) 김재형(주심) 안철상 이흥구 "
228769,이혼등·이혼등청구의소,2021므15145,대법원,내용없음,"원고(반소피고), 상고인 원고(반소피고)피고(반소원고), 피상고인 피고(반소원고) (소송대리인 변호사 이명화)사건본인 사건본인 1 외 1인원심판결 부산고법 2021. 9. 10. 선고 2021르30366, 30373 판결주    문  원심판결 중 사건본인들의 양육비에 관한 부분을 파기하고, 이 부분 사건을 부산고등법원에 환송한다. 이    유  상고이유를 판단한다.  1. 원심은 판시와 같은 이유로 사건본인들의 친권자 및 양육자로 피고(반소원고, 이하 ‘피고’라고만 한다)를 지정하면서, 원고(반소피고, 이하 ‘원고’라고만 한다)가 피고에게 사건본인들의 양육비로 제1심판결 선고일 다음 날인 2021. 2. 19.부터 사건본인들이 각 성년에 이르기 전날까지 사건본인 1인당 월 30만 원씩으로 산정한 금액을 지급할 의무가 있다고 판단하였다.   2. 그러나 원심의 판단은 다음과 같은 이유로 수긍하기 어렵다.  가. 제1심 가정법원이 이혼 청구를 받아들이면서 변론종결 당시 비양육친이었던 부모 일방을 양육자로 지정하고 제1심판결 선고일 다음 날을 기산점으로 삼아 장래양육비의 분담을 정한 경우, 항소심법원이 양육에 관한 사항을 심리한 결과 여전히 비양육친이 양육하지 않고 있는 사실이 확인된다면 이를 반영하여 장래양육비의 지급을 명하는 기산일을 다시 정하여야 한다.민법 제843조, 제837조 제4항, 제3항은 이혼 소송에서 당사자 사이에 미성년 자녀의 양육에 관한 사항의 협의가 이루어지지 아니하거나 협의할 수 없는 때에 가정법원이 직권으로 자녀의 의사, 연령과 부모의 재산상황, 그 밖의 사정을 참작하여 양육에 관한 사항을 결정하도록 규정하고 있고, 여기에는 양육자의 결정, 양육비용의 부담, 면접교섭권의 행사 여부 및 그 방법이 포함된다. 가사소송규칙 제93조 제2항은 가정법원이 금전의 지급을 구하는 청구에 대하여는 청구의 취지를 초과하여 의무의 이행을 명할 수 없으나, 자의 복리를 위하여 양육에 관한 사항을 정하는 경우에는 그렇지 않은 것으로 규정하고 있다. 따라서 가정법원은 양육비용의 분담을 정함에 있어 자의 복리를 위하여 청구에 구애받지 않고 직권으로 양육비용의 분담에 관한 기산일을 정할 수 있다. 위 양육비용의 분담을 포함하여 가정법원이 양육에 관한 사항을 정함에 있어서는 친자법을 지배하는 기본이념인 ‘자녀의 복리를 위하여 필요한지’를 기준으로 하여야 하고, 그 결정이 궁극적으로 자녀의 복리에 필요한 것인지에 따라 판단하여야 한다.   나. 원심판결 이유와 기록에 의하면 다음과 같은 사실을 알 수 있다.  1) 원고는 피고와 별거하기 시작한 2020. 2. 14.경부터 혼자 사건본인들을 양육하여 왔다.  2) 제1심법원은 2021. 2. 18. 원고의 이혼 청구를 받아들이고 사건본인들의 양육자로 피고를 지정하면서 원고가 피고에게 판결 선고일 다음 날인 2021. 2. 19.부터 사건본인들이 성년에 이르기까지의 장래양육비를 지급하도록 정하였다. 그러나 제1심판결 선고 후에도 원고가 사건본인들을 계속 양육하였다.  3) 피고는 원심 소송계속 중 사건본인들의 인도를 구하는 이행명령 신청을 하였는데, 법원은 인도의무를 명한 확정판결 등이 없다는 이유로 위 신청을 기각하면서, 피고의 신청을 사전처분으로 선해한다고 하더라도 원심판결 선고 시까지 원고가 사건본인들을 양육하는 현재의 상황을 유지하도록 함이 상당하다고 판단하였다.  4) 원심은 장래 양육비용에 관한 제1심의 판단을 그대로 유지하였다.  다. 위와 같이 원심에서 제1심판결에서 양육자로 지정된 피고가 사건본인들을 양육하지 않는 사실이 확인되었다. 게다가 원심에서 기각된 이행명령 신청사건에서 원고가 제1심판결 주문에도 불구하고 적어도 원심판결 선고일까지는 사건본인들을 양육하도록 하는 것이 사건본인들의 복리에 적합하다는 판단이 이루어진 것으로 보인다. 그렇다면 원심은 이를 반영하여 장래양육비의 지급을 명하는 기산일을 다시 정하였어야 한다. 그럼에도 원심은 그와 같은 조치를 취하지 않은 채 여전히 장래양육비의 기산일을 제1심판결 선고일 다음 날인 2021. 2. 19.이라고 판단하였는바, 원심의 이 부분 판단에는 양육비 부담의 기산일에 관한 법리를 오해한 잘못이 있다. 이 점을 지적하는 상고이유 주장은 이유 있다.  3. 그러므로 원심판결 중 사건본인들의 양육비에 관한 부분을 파기하고, 이 부분 사건을 다시 심리·판단하도록 원심법원에 환송하기로 하여, 관여 대법관의 일치된 의견으로 주문과 같이 판결한다.대법관 천대엽(재판장) 조재연 민유숙(주심) 이동원 "
219827,혼인의무효·이혼,2019므11584,대법원,"민법 제815조 제1호가 혼인무효의 사유로 규정하는 ‘당사자 간에 혼인의 합의가 없는 때’란 당사자 사이에 사회관념상 부부라고 인정되는 정신적·육체적 결합을 생기게 할 의사의 합치가 없는 경우를 의미한다. 혼인무효 사건은 가류 가사소송사건으로서 자백에 관한 민사소송법의 규정이 적용되지 않고 법원이 직권으로 사실조사 및 필요한 증거조사를 하여야 하는바(가사소송법 제12조, 제17조), 일방 배우자가 상대방 배우자를 상대로 혼인신고 당시에 진정한 혼인의사가 없었다는 사유를 주장하면서 혼인무효 확인의 소를 제기하는 경우, 가정법원으로서는 직권조사를 통해 혼인의사의 부존재가 합리적·객관적 근거에 의하여 뒷받침되는지 판단하여야 한다.  민법은 혼인성립 이전의 단계에서 성립 요건의 흠결로 혼인이 유효하게 성립하지 않은 혼인무효(민법 제815조)와 혼인이 성립한 후 발생한 사유로 혼인이 해소되는 이혼(민법 제840조)을 구분하여 규정하고 있다. 또한 혼인무효는 이혼의 경우에 비하여 가족관계등록부의 처리 방식이 다르고, 이혼과 달리 혼인무효의 소가 제기되지 않은 상태에서도 유족급여나 상속과 관련된 소송에서 선결문제로 주장할 수 있어 유리한 효과가 부여된다. 따라서 가정법원은 상대방 배우자에게 혼인신고 당시 혼인의사가 없었던 것인지, 혼인 이후에 혼인을 유지할 의사가 없어진 것인지에 대해서 구체적으로 심리·판단하여야 하고, 혼인의사라는 개념이 다소 추상적이고 내면적인 것이라는 사정에 기대어 상대방 배우자가 혼인을 유지하기 위한 노력을 게을리하였다거나 혼인관계 종료를 의도하는 언행을 하는 등 혼인생활 중에 나타난 몇몇 사정만으로 혼인신고 당시 혼인의사가 없었다고 추단하여 혼인무효 사유에 해당한다고 단정할 것은 아니다.   우리나라 국민이 외국인 배우자에 대하여 혼인의 의사가 없다는 이유로 혼인무효 소송을 제기한 경우, 가정법원은 위 법리에 더하여 통상 외국인 배우자가 자신의 본국에서 그 국가 법령이 정하는 혼인의 성립절차를 마친 후 그에 기하여 우리나라 민법에 따른 혼인신고를 하고, 우리나라 출입국관리법령에 따라 결혼동거 목적의 사증을 발급받아 입국하는 절차를 거쳐 비로소 혼인생활에 이르게 된다는 점, 언어장벽 및 문화와 관습의 차이 등으로 혼인생활의 양상이 다를 가능성이 있는 점을 고려하여 외국인 배우자의 혼인의사 유무를 세심하게 판단할 필요가 있다.","원고(반소피고), 피상고인 원고(반소피고)피고(반소원고), 상고인 피고(반소원고) (소송대리인 법무법인 덕수 담당변호사 황준협)원심판결 인천가법 2019. 4. 5. 선고 2018르11853, 11860 판결주    문  원심판결 중 본소의 주위적 청구 중 혼인무효 확인 부분 및 위자료에 관한 피고(반소원고) 패소 부분, 본소의 예비적 청구에 관한 부분, 반소에 관한 부분을 파기하고, 이 부분 사건을 인천가정법원에 환송한다.이    유  상고이유를 판단한다.  1. 관련 법리  가. 민법 제815조 제1호가 혼인무효의 사유로 규정하는 ‘당사자 간에 혼인의 합의가 없는 때’란 당사자 사이에 사회관념상 부부라고 인정되는 정신적·육체적 결합을 생기게 할 의사의 합치가 없는 경우를 의미한다(대법원 2010. 6. 10. 선고 2010므574 판결 등 참조). 혼인무효 사건은 가류 가사소송사건으로서 자백에 관한 민사소송법의 규정이 적용되지 않고 법원이 직권으로 사실조사 및 필요한 증거조사를 하여야 하는바(가사소송법 제12조, 제17조), 일방 배우자가 상대방 배우자를 상대로 혼인신고 당시에 진정한 혼인의사가 없었다는 사유를 주장하면서 혼인무효 확인의 소를 제기하는 경우, 가정법원으로서는 직권조사를 통해 혼인의사의 부존재가 합리적·객관적 근거에 의하여 뒷받침되는지 판단하여야 한다.  나. 민법은 혼인성립 이전의 단계에서 성립 요건의 흠결로 혼인이 유효하게 성립하지 않은 혼인무효(민법 제815조)와 혼인이 성립한 후 발생한 사유로 혼인이 해소되는 이혼(민법 제840조)을 구분하여 규정하고 있다. 또한 혼인무효는 이혼의 경우에 비하여 가족관계등록부의 처리 방식이 다르고, 이혼과 달리 혼인무효의 소가 제기되지 않은 상태에서도 유족급여나 상속과 관련된 소송에서 선결문제로 주장할 수 있어 유리한 효과가 부여된다. 따라서 가정법원은 상대방 배우자에게 혼인신고 당시 혼인의사가 없었던 것인지, 혼인 이후에 혼인을 유지할 의사가 없어진 것인지에 대해서 구체적으로 심리·판단하여야 하고, 혼인의사라는 개념이 다소 추상적이고 내면적인 것이라는 사정에 기대어 상대방 배우자가 혼인을 유지하기 위한 노력을 게을리 하였다거나 혼인관계 종료를 의도하는 언행을 하는 등 혼인생활 중에 나타난 몇몇 사정만으로 혼인신고 당시 혼인의사가 없었다고 추단하여 혼인무효 사유에 해당한다고 단정할 것은 아니다.  다. 우리나라 국민이 외국인 배우자에 대하여 혼인의 의사가 없다는 이유로 혼인무효 소송을 제기한 경우, 가정법원은 위 법리에 더하여 통상 외국인 배우자가 자신의 본국에서 그 국가 법령이 정하는 혼인의 성립절차를 마친 후 그에 기하여 우리나라 민법에 따른 혼인신고를 하고, 우리나라 출입국관리법령에 따라 결혼동거 목적의 사증을 발급받아 입국하는 절차를 거쳐 비로소 혼인생활에 이르게 된다는 점, 언어장벽 및 문화와 관습의 차이 등으로 혼인생활의 양상이 다를 가능성이 있는 점을 고려하여 외국인 배우자의 혼인의사 유무를 세심하게 판단할 필요가 있다.  2. 원심의 판단  원심은 판시와 같은 사실 등을 인정한 후, 원고(반소피고, 이하 ‘원고’라고만 한다)의 본소 중 혼인무효 확인청구에 대해서 ① 피고(반소원고, 이하 ‘피고’라고만 한다)가 자신의 부모 이름을 다르게 알려준 점, ② 원고와 동거한 기간이 40일에 불과하고 외국인 등록증을 발급받은 직후 가출한 점 등을 이유로 민법 제815조 제1호의 혼인무효 사유가 인정된다고 판단하여 이를 인용하고, 원고와 피고의 혼인이 무효임을 전제로 원고의 본소 중 위자료 청구를 일부 인용하면서, 피고의 반소 이혼 청구를 기각하였다.  3. 대법원의 판단  가. 그러나 원심이 든 사정들을 앞서 본 법리에 비추어 살펴보면, 원심의 판단은 다음과 같은 이유로 수긍하기 어렵다.   1) 원심이 혼인무효의 사정으로 들고 있는 사정 중 혼인 전에 있었던 사정은 피고가 부모 이름을 다르게 알려주었다는 사정밖에 없다. 그런데 피고가 자신의 부모 이름을 다르게 알려준 사정이 진정한 혼인의사의 부존재를 추정하게 할 사유에 해당하는지 의문이고, 게다가 피고가 알려준 부모의 이름에 대해 살펴보더라도 아버지의 이름 ‘○○○○ △△△△’를 ‘□□□□□□□ △△△△’로, 어머니의 이름 ‘☆☆☆☆☆☆ ◇◇◇◇’을 ‘▽▽▽▽▽▽ ◇◇◇◇’으로 알려주었다는 것이어서 완전히 다른 이름인지도 불확실하므로 신분위장 등의 목적이 있었다고 보기도 어렵다.  2) 원고는 2016. 12.경 키르기즈 공화국을 방문하여 피고를 소개받아 그 무렵 키르기즈 공화국의 법령이 정하는 혼인의 성립절차에 따라 혼인신고를 마친 후, 2017. 1.경 한국에서의 혼인신고를 마쳤다. 그리고 우리나라 출입국관리법령에 따라 피고에 대한 결혼이민비자가 신청·발급되어, 피고는 2017. 6.경 대한민국에 입국하여 원고와 동거하게 되었다. 이와 같이 원고와 피고가 혼인에 이르기 위해서 들인 시간과 노력, 절차에 소요된 비용 등을 도외시한 채 단지 동거기간이 40일에 불과하다는 사정만으로 혼인의사를 부정할 것은 아니다.   3) 원심이 든 나머지 사정들은 혼인이 성립된 이후의 사정으로서 결국 피고가 혼인 이후 혼인을 유지하기 위한 노력을 하지 않고, 혼인관계의 지속을 쉽게 포기하였다는 이혼 사유에 가까운바, 이러한 사정만을 내세워 애초부터 혼인의사가 없었다고 단정하는 것은 쉽게 수긍하기 어렵다.  나. 그럼에도 원심은 위와 같은 사정만을 내세워 원고와 피고의 혼인이 혼인무효 사유에 해당한다고 판단하였으니, 그와 같은 원심의 판단에는 민법 제815조 제1호에 관한 법리를 오해하여 필요한 심리를 다하지 아니한 잘못이 있다. 이 점을 지적하는 상고이유 주장은 이유 있다.  다. 본소의 주위적 청구 중 혼인무효 확인 부분이 파기되는 이상 이를 전제로 한 본소의 주위적 청구 중 위자료에 관한 피고 패소 부분과 혼인무효 청구가 인용됨을 전제로 한 반소에 관한 부분도 파기되어야 한다. 그리고 위와 같이 본소의 주위적 청구에 관한 부분이 파기되는 이상 본소의 예비적 청구에 관한 부분 역시 파기되어야 한다.   4. 결론  원심판결 중 본소의 주위적 청구 중 혼인무효 확인청구 부분 및 위자료에 관한 피고 패소 부분, 본소의 예비적 청구에 관한 부분, 반소에 관한 부분을 파기하고 이 부분 사건을 다시 심리·판단하도록 원심법원에 환송하기로 하여, 관여 대법관의 일치된 의견으로 주문과 같이 판결한다.대법관 천대엽(재판장) 조재연 민유숙(주심) 이동원 "
238769,이혼및재산분할등,2020드단10214,대구가정법원안동지원,내용없음,"원    고 원고 1 외 1인 (소송대리인 법무법인 반석 담당변호사 송선아)피    고 피고사건본인 사건본인 1 외 3인변론종결2021. 10. 12.주    문  1. 원고 1과 피고는 이혼한다.   2. 원고 1의 일부 소송수계인 파산채무자 원고 1의 파산관재인 ○○○의 위자료 청구를 기각한다.  3. 피고는 원고 1의 일부 소송수계인 파산채무자 원고 1의 파산관재인 ○○○에게 재산분할로 86,467,620원 및 이에 대하여 이 판결 확정일 다음날부터 다 갚는 날까지 연 5%의 비율로 계산한 돈을 지급하라.   4. 사건본인들의 친권자 및 양육자로 원고 1을 지정한다.   5. 소송비용은 각자 부담한다.청구취지 주문 제1, 4항 및 피고는 원고 1의 일부 소송수계인 파산채무자 원고 1의 파산관재인 ○○○(이하 ‘원고 파산관재인’이라고 한다)에게 위자료로 10,000,000원 및 이에 대하여 이 사건 소장부본 송달일 다음날부터 다 갚는 날까지 연 12%의 비율로 계산한 돈을 지급하라. 피고는 원고 1의 일부 소송수계인 파산채무자 원고 1의 파산관재인 ○○○에게 재산분할로 100,000,000원 및 이에 대하여 이 판결 선고일부터 다 갚는 날까지 연 12%의 비율로 계산한 돈을 지급하라.이    유1. 기초사실  가. 원고 1과 피고는 2006. 10. 16. 혼인신고를 마친 법률상 부부로서 슬하에 사건본인들을 자녀로 두고 있다.   나. 원고 1과 피고는 피고 소유의 영주시 (지번 생략) 대 283㎡ 및 위 지상 3층건물에서 피씨방을 운영하였는데, 이후 피고의 도박 등으로 인하여 경영난에 빠졌고 이후 원고 1이 사건본인 1, 사건본인 3을 데리고 가출하게 되면서 현재까지 별거 중에 있다.   다. 피고는 사건본인 2, 사건본인 4를 양육하였으나 사건본인 2, 사건본인 4를 학대하였고, 이로 인하여 2021. 3. 9. 이 법원 2021동저3호 및 2021동저4호로 접근금지를 명하는 임시조치결정이 내려져 이후 원고 1이 사건본인 2, 사건본인 4까지 양육하고 있다.  라. 원고 1이 2020. 3. 5. 이 사건 소를 제기하였다.   마. 원고 1은 2020. 10. 13. 인천지방법원 2020하단100607호로 파산선고 결정을 받았으며, 원고 파산관재인이 선임되었다. 이에 따라 원고 파산관재인이 이 사건 소송 중 위자료, 재산분할 청구 부분을 수계하였다.인정근거 갑 제1 내지 18호증(가지번호 있는 것은 각 가지번호 포함)의 각 기재, 변론 전체의 취지 2. 이혼 및 위자료 청구에 대한 판단  가. 이혼 청구에 관한 판단: 이유 있음(민법 제840조 제6호)  나. 위자료 청구에 관한 판단: 이유 없음  다. 판단근거    1) 민법 제840조 제6호에 정한 이혼사유인 ‘혼인을 계속하기 어려운 중대한 사유가 있을 때’라 함은 부부간의 애정과 신뢰가 바탕이 되어야 할 혼인의 본질에 상응하는 부부공동생활관계가 회복할 수 없을 정도로 파탄되고 그 혼인생활의 계속을 강제하는 것이 일방 배우자에게 참을 수 없는 고통이 되는 경우를 말하며, 이를 판단함에 있어서는 혼인계속의사의 유무, 파탄의 원인에 관한 당사자의 책임 유무, 혼인생활의 기간, 자녀의 유무, 당사자의 연령, 이혼 후의 생활보장, 기타 혼인관계의 여러 사정을 두루 고려하여야 한다.     2) 원고 1과 피고는 가정 내의 여러 문제로 심각한 다툼을 벌였고 이러한 사유가 원인이 되어 상당한 기간 동안 별거 중인 점, 원고 1의 이혼의사가 확고한 점, 피고가 원고 1과 사이의 관계회복을 위해 노력을 기울였다고 볼 만한 자료가 없고, 이 사건 소장 부본을 송달받은 이후에도 답변서를 제출하지도 않고 이 사건 변론기일에 출석하지도 않은 점 등을 종합하여 보면, 원고 1과 피고의 혼인관계는 더 이상 회복할 수 없을 정도로 파탄에 이르렀다고 봄이 상당하다.     3) 원고 파산관재인은, 피고의 원고 1에 대한 폭력, 부당한 대우 등이 이 사건 혼인관계 파탄의 주된 원인이라고 주장하나, 원고 1 및 원고 파산관재인이 제출하는 증거들만으로는 이를 인정하기 부족하고 달리 이를 인정할 증거가 없다. 따라서 원고 파산관재인의 위자료 청구는 이유 없다.3. 재산분할 청구에 대한 판단가. 분할대상 재산 및 가액1) 재산분할 기준시점    재판상 이혼시의 재산분할에 있어 분할대상이 되는 재산과 그 액수는 이혼소송의 사실심 변론종결일을 기준으로 정하는 것이 원칙이지만, 혼인관계가 파탄된 이후 변론종결일 사이에 생긴 재산관계의 변동이 부부 중 일방에 의한 후발적 사정에 의한 것으로서 혼인 중 공동으로 형성한 재산관계와 무관하다는 등 특별한 사정이 있는 경우에는 그 변동된 재산은 재산분할 대상에서 제외하여야 할 것이다(대법원 2013. 11. 28. 선고 2013므1455, 1462 판결 참조).    따라서 이하에서는 이 사건 변론종결일을 기준으로 재산분할의 대상 및 가액을 정하되, 다만 원고 1이 이 사건 소를 제기하여 사실상 혼인관계가 파탄에 이르게 되었다고 봄이 상당한 2020. 3. 5.경을 기준으로 그 후 일방의 후발적인 사정에 의하여 변동된 것으로서 혼인 중 공동으로 형성한 재산관계와 무관한 부분은 제외한다. 특히 현금 및 예금의 경우에는 이를 쉽게 소비하거나 중복계산의 우려가 있으므로 위 2020. 3. 5.경을 기준으로 보유하고 있는 금액이 부부공동생활에 사용되었다는 점에 관한 당사자의 명확한 입증이 없는 한 이를 그대로 보유하고 있는 것으로 추정하여 재산분할 대상 및 가액을 정하기로 한다. 2) 분할대상 재산: 별지 분할재산명세표 기재와 같다. 한편 위 분할재산명세표의 기재에 반하는 원고 파산관재인과 피고의 각 주장은 혼인관계가 파탄된 이후 변론종결일 사이에 생긴 재산관계의 변동에 관한 것으로서 혼인 중 공동으로 형성한 재산과 무관하거나 각 주장사실을 인정할 증거가 부족하고, 달리 이를 인정할 증거가 없으므로, 모두 받아들이지 아니한다.  3) 분할대상 재산의 가액      가) 원고 1의 순재산: -79,497,025원      나) 피고의 순재산: 114,350,000원      다) 원고 1과 피고의 순재산 합계: 34,852,975원      인정 근거 앞서 든 각 증거 및 별지 ‘분할재산명세표’ 기재 각 증거나. 재산분할 비율과 방법    1) 재산분할 비율: 원고 20%, 피고 80%      분할대상 적극재산의 형성 및 유지에 대한 원·피고의 기여 정도, 분할대상 소극재산의 발생 경위와 적극재산의 형성 및 유지와의 관련 정도, 원고 1은 소극재산이 적극재산을 초과하는 점, 원·피고의 나이, 직업, 혼인 생활의 과정과 기간 등 여러 사정을 참작하여 위와 같이 정한다.    2) 재산분할 방법      재산분할 비율에 따라 원고 1에게 궁극적으로 귀속되어야 할 금액 중 부족한 부분을 피고가 원고 파산관재인에게 현금으로 지급하도록 한다.    3) 피고가 원고 파산관재인에게 지급하여야 하는 재산분할금: 86,467,620원= 원고 1에게 궁극적으로 귀속되어야 할 금액 6,970,595원(= 원고 1과 피고의 순재산 합계액 34,852,975원 × 원고 1의 재산분할 비율 20%, 원 미만 버림) - 원고 1의 순재산액 (-79,497,025원)다. 소결   따라서 피고는 원고 파산관재인에게 재산분할로 86,467,620원 및 이에 대하여 이 판결 확정일 다음날부터 다 갚는 날까지 민법이 정한 연 5%의 비율로 계산한 지연손해금을 지급할 의무가 있다원고 파산관재인은 재산분할금에 대하여 이 판결 선고일부터 지연손해금의 지급을 구하나, 재산분할청구권은 이혼을 한 당사자의 일방이 다른 일방에 대하여 재산분할을 청구할 수 있는 권리로서 이혼이 성립한 때에 그 법적 효과로서 비로소 발생하는 것일 뿐만 아니라, 협의 또는 심판에 의하여 그 구체적 내용이 형성되기까지는 그 범위 및 내용이 불명확·불확정하기 때문에 구체적으로 권리가 발생하였다고 할 수 없으므로(대법원 2001. 9. 25. 선고 2001므725, 732 판결 등 참조), 위 인정범위를 초과하는 원고 파산관재인의 지연손해금 청구 부분은 이유 없다.4. 친권자 및 양육자 지정에 관한 판단  가. 친권자 및 양육자 : 원고 1을 지정  판단근거 사건본인들의 나이, 성별, 과거 및 현재의 양육 상황, 원고 1 및 피고와의 유대관계, 기타 여러 사정을 참작  나. 면접교섭   피고의 의사를 확인할 수 없을 뿐만 아니라 현재 피고에 대하여 아동학대 사건으로 접근금지를 명하는 임시조치 결정이 내려진 점 등 제반사정을 고려하면, 면접교섭에 관하여는 향후 당사자의 협의에 의하거나 별도의 재판절차에서 해결함이 타당할 것으로 보이므로, 이 사건에서는 따로 정하지 아니한다.5. 결론  그렇다면, 원고 1의 이혼 청구는 이유 있어 이를 인용하고, 원고 파산관재인의 위자료 청구는 이유 없어 이를 기각하며, 원고 파산관재인의 재산분할 청구 및 친권자 및 양육자 지정에 관하여는 위와 같이 정하기로 하여 주문과 같이 판결한다.별지 생략판사 이승엽 "
223373,이혼및양육자지정,2019므15425,대법원,내용없음,"원고, 상고인 원고 (소송대리인 법무법인 시원 담당변호사 심학섭)피고, 피상고인 피고사건본인 사건본인원심판결 대전고법 2019. 10. 10. 선고 2018르1366 판결주    문  원심판결을 파기하고 사건을 대전고등법원에 환송한다. 이    유  상고이유(상고이유서 제출기간이 지난 다음 제출된 보정서는 이를 보충하는 범위 내에서)를 판단한다.  1. 가사사건에서 국제재판관할의 판단 기준국제사법 제2조는 가사사건에도 적용되므로, 대한민국 법원이 가사사건에 대하여 재판관할권을 가지려면 대한민국이 해당 사건의 당사자 또는 분쟁이 된 사안과 실질적 관련이 있어야 한다. ‘실질적 관련’이 있다는 것은 대한민국 법원이 재판관할권을 행사하는 것을 정당화할 정도로 당사자 또는 분쟁이 된 사안과 관련성이 있는 것을 뜻한다. 이를 판단할 때에는 당사자의 공평, 재판의 적정, 신속과 경제 등 국제재판관할 배분의 이념에 부합하는 합리적인 원칙에 따라야 하고, 특히 가사사건에서는 가족제도와 사회질서의 유지 등 공적 가치를 가지는 요소에 대한 배려도 필요하다. 이처럼 다양한 국제재판관할의 이익 중 어떠한 이익을 보호할 필요가 있는지는 개별 사건에서 실질적 관련성 유무를 합리적으로 판단하여 결정하여야 한다. 이때, 피고가 소장 부본을 적법하게 송달받고 관할위반의 항변을 하지 아니한 채 실제 본안에 관한 주장과 증거를 제출하는 등 적극적으로 응소하였다면 이러한 사정은 대한민국 법원에 관할권을 인정하는 데 긍정적인 요소의 하나로 고려할 수 있다(대법원 2005. 1. 27. 선고 2002다59788 판결, 대법원 2019. 6. 13. 선고 2016다33752 판결, 대법원 2021. 2. 4. 선고 2017므12552 판결 등 참조).  2. 대법원의 판단  가. 원심판결 이유와 기록에 의해 알 수 있는 다음 사정들을 앞서 본 법리에 비추어 살펴보면, 이 사건 당사자 또는 분쟁이 된 사안이 대한민국과 실질적 관련이 있다고 보기에 충분하다.  ① 대한민국 국민인 피고는 원고와 대한민국에서 혼인신고를 하였고, 사건본인도 대한민국에서 출생하여 출생신고까지 이루어졌다.   ② 피고의 어머니와 언니는 대한민국에 주소를 두고 계속 거주하고 있고, 이들의 주소지에 피고와 사건본인의 주민등록을 두고 있다.  ③ 피고는 혼인 이후에도 사업목적 등으로 매년 수차례 대한민국에 입국하여 그때마다 수일 또는 수개월간 체류하고 있다.  ④ 외국인인 원고가 지리상·언어상 불이익을 감수하면서 스스로 대한민국 법원에 이 사건 소를 제기하였다.   ⑤ 피고는 위 주민등록지에서 소송서류를 적법하게 송달받았고, 제1심에서는 소송대리인을 선임하여 원고의 주장을 다투었다. 이 과정에서 피고는 제1심 변론기일, 조정기일 대부분과 원심 변론기일에 직접 출석하여 변론하였다. 피고는 이 사건 변론 과정에서 대한민국 법원에 국제재판관할이 없다는 주장을 명시적으로 한 적은 없고, 오히려 제1심에서 이혼 등의 반소를 제기하기도 하였다.  ⑥ 원고와 피고는 제1심과 원심에서 이혼사유의 존부 등에 관하여 실질적으로 변론하였고, 그 과정에서 쌍방 모두 증거자료 수집·제출의 어려움을 호소한 적은 없다. 그에 따라 제1심법원은 정상적으로 본안심리를 마치고 원고의 청구를 기각하였고, 원심에서도 변론과 심리가 별다른 절차적 어려움 없이 정상적으로 진행되었다.  나. 그럼에도 원심은 이와 달리 그 판시와 같은 이유만으로 이 사건의 당사자나 분쟁이 된 사안이 대한민국과 실질적 관련이 없다고 보아 대한민국 법원의 국제재판관할을 부정하였는데, 거기에는 국제재판관할에 관한 법리를 오해하여 필요한 심리를 다하지 않아 판결에 영향을 미친 잘못이 있다. 이를 지적하는 상고이유 주장은 이유 있다.  한편 기록에 비추어 보면, 이 사건에서는 준거법 지정 시 반정에 관한 국제사법 제9조 제1항에 따라 법정지법인 대한민국 민법이 준거법으로 될 여지도 있어 파기환송 후 원심으로서는 이러한 점을 감안하여 심리하여야 할 것임을 덧붙여둔다.  3. 결론  그러므로 원심판결을 파기하고, 사건을 다시 심리·판단하도록 원심법원에 환송하기로 하여, 관여 대법관의 일치된 의견으로 주문과 같이 판결한다. 대법관 박정화(재판장) 김선수 노태악(주심) 오경미 "
218703,이혼ㆍ이혼및양육자지정,2021므12320,대법원,"1 법원이 민법 제837조 제4항에 따라 미성년 자녀의 양육자를 정할 때에는, 미성년 자녀의 성별과 연령, 그에 대한 부모의 애정과 양육 의사의 유무는 물론, 양육에 필요한 경제적 능력의 유무, 부와 모가 제공하려는 양육방식의 내용과 합리성ㆍ적합성 및 상호 간의 조화 가능성, 부 또는 모와 미성년 자녀 사이의 친밀도, 미성년 자녀의 의사 등의 모든 요소를 종합적으로 고려하여, 미성년 자녀의 성장과 복지에 가장 도움이 되고 적합한 방향으로 판단하여야 한다.별거 이후 재판상 이혼에 이르기까지 상당 기간 부모의 일방이 미성년 자녀, 특히 유아를 평온하게 양육하여 온 경우, 이러한 현재의 양육 상태에 변경을 가하여 상대방을 친권자 및 양육자로 지정하는 것이 정당화되기 위해서는 현재의 양육 상태가 미성년 자녀의 건전한 성장과 복지에 도움이 되지 아니하고 오히려 방해가 되고, 상대방을 친권자 및 양육자로 지정하는 것이 현재의 양육 상태를 유지하는 경우보다 미성년 자녀의 건전한 성장과 복지에 더 도움이 된다는 점이 명백하여야 한다.재판을 통해 비양육친이 양육자로 지정된다고 하더라도 미성년 자녀가 현실적으로 비양육친에게 인도되지 않는 한 양육자 지정만으로는, 설령 자녀 인도 청구를 하여 인용된다고 할지라도 강제집행이 사실상 불가능하다. 미성년 자녀가 유아인 경우 ‘유아인도를 명하는 재판의 집행절차(재판예규 제917-2호)’는 유체동산인도청구권의 집행절차에 준하여 집행관이 강제집행할 수 있으나, 유아가 의사능력이 있는 경우에 그 유아 자신이 인도를 거부하는 때에는 집행을 할 수 없다고 규정하고 있다.위와 같이 양육자 지정 이후에도 미성년 자녀를 인도받지 못한 채 현재의 양육 상태가 유지된다면 양육친은 상대방에게 양육비 청구를 할 수 없게 되어, 결국 비양육친은 미성년 자녀를 양육하지 않으면서도 양육비를 지급할 의무가 없어지므로 경제적으로는 아무런 부담을 갖지 않게 되는 반면, 양육친은 양육에 관한 경제적 부담을 전부 부담하게 된다. 이러한 상황은 자의 건전한 성장과 복지에 도움이 되지 않는다.따라서 비양육친이 자신을 양육자로 지정하여 달라는 청구를 하는 경우, 법원은 양육자 지정 후 사건본인의 인도가 실제로 이행될 수 있는지, 그 이행 가능성이 낮음에도 비양육친을 양육자로 지정함으로써 비양육친이 경제적 이익을 누리거나 양육친에게 경제적 고통을 주는 결과가 발생할 우려가 없는지 등에 대해 신중하게 판단할 필요가 있다.2 대한민국 국민과 혼인을 한 후 입국하여 체류자격을 취득하고 거주하다가 한국어를 습득하기 충분하지 않은 기간에 이혼에 이르게 된 외국인이 당사자인 경우, 미성년 자녀의 양육에 있어 한국어 소통능력이 부족한 외국인보다는 대한민국 국민인 상대방에게 양육되는 것이 더 적합할 것이라는 추상적이고 막연한 판단으로 해당 외국인 배우자가 미성년 자녀의 양육자로 지정되기에 부적합하다고 평가하는 것은 옳지 않다.대한민국은 공교육이나 기타 교육여건이 확립되어 있어 미성년 자녀가 한국어를 습득하고 연습할 기회를 충분히 보장하고 있으므로, 외국인 부모의 한국어 소통능력이 미성년 자녀의 건전한 성장과 복지에 있어 중요한 의미를 가진다고 보기 어렵다. 오히려 가정법원은 양육자 지정에 있어 한국어 소통능력에 대한 고려가 자칫 출신 국가 등을 차별하는 의도에서 비롯되거나 차별하는 결과를 낳게 될 수 있다는 점, 외국인 부모의 모국어 및 모국문화에 대한 이해 역시 자녀의 자아 존중감 형성에 중요한 요소가 된다는 점 등에 대해서도 유의하여야 한다. 문화다양성의 보호와 증진에 관한 법률은 모든 사회구성원은 문화적 표현의 자유와 권리를 가지며, 다른 사회구성원의 다양한 문화적 표현을 존중하고 이해하기 위하여 노력하여야 한다(제4조)고 규정하고 있다.나아가 외국인 배우자가 국제결혼 후 자녀의 출산 등으로 한국어를 배우고 활용할 시간이 부족하였다는 사정 등을 외면한 채 이혼 시점에 한국어 소통능력이 다소 부족하다는 사정에만 주목하여, 외국인 배우자의 한국어 소통능력 역시 사회생활을 해 나가면서 본인이 의식적으로 노력한다면 계속하여 향상될 수 있다는 점을 놓쳐서는 안 된다. 특히 다문화가족지원법은 국가와 지방자치단체가 다문화가족에 대한 사회적 차별 및 편견을 예방하고 사회구성원이 문화적 다양성을 인정하고 존중할 수 있도록 다문화 이해교육을 실시하고 홍보 등 필요한 조치를 취하도록 할 책임이 있음을 규정하고 있고(제5조 제1항), 결혼이민자 등이 대한민국에서 생활하는 데 필요한 기본적 정보를 제공하는 것은 물론 언어소통 능력 향상을 위한 한국어교육 등을 받을 수 있도록 필요한 지원을 할 수 있으며(제6조 제1항), 해당 법률이 다문화가족이 이혼 등의 사유로 해체된 경우에도 그 구성원이었던 자녀에 대해 적용되는 것으로(제14조의2) 규정하고 있다.3 가정법원은 혼인 파탄의 주된 원인이 누구에게 있는지에 대한 당사자들 사이의 다툼에만 심리를 집중한 나머지 친권자 및 양육자 지정 등에 관한 심리와 판단에 있어 소홀해지는 것을 경계할 필요가 있다. 특히 가정법원은 가사소송법 제6조, 가사소송규칙 제8조 내지 제11조에 따라 가사조사관에게 조사명령을 하고, 이에 따라 사실조사를 마친 가사조사관이 작성한 조사보고서를 보고받는 방법으로도 양육 상태나 양육자의 적격성 심사에 필요한 자료 등을 얻을 수 있다. 가정법원은 충실한 심리를 통해 실제의 양육 상태와 양육자의 적격성을 의심케 할 만한 사정이 있는지에 관하여도 구체적으로 확인하여야 한다.","원고(병합피고), 피상고인 원고(병합피고)피고(병합원고), 상고인 피고(병합원고) (소송대리인 변호사 이영원)사건본인 사건본인 1 외 1인원심판결 전주지법 2021. 4. 8. 선고 2020르293, 309 판결주    문원심판결 중 사건본인 1에 관한 친권자ㆍ양육자 지정 및 양육비, 면접교섭에 관한 부분을 파기하고, 이 부분 사건을 전주지방법원에 환송한다.  나머지 상고를 기각한다.이    유  상고이유를 판단한다.  1. 위자료 청구 부분  원심은 혼인관계 파탄의 원인이 원고(병합피고, 이하 ‘원고’라고만 한다)와 피고(병합원고, 이하 ‘피고’라고만 한다) 모두에게 대등하게 있다고 보아, 혼인 파탄의 주된 책임이 원고에게 있음을 전제로 한 피고의 위자료 청구를 기각하였다.  위와 같은 원심의 판단에 상고이유 주장과 같이 혼인 파탄의 귀책사유에 관해 필요한 심리를 다하지 아니한 채 논리와 경험의 법칙을 위반하여 자유심증주의의 한계를 벗어난 잘못이 없다.  2. 양육에 관한 처분 부분  가. 원심의 판단  원심은 판시와 같은 증거 및 가사조사관의 조사보고서 내용 등을 종합하여, 베트남 국적의 피고가 2015. 9.경 원고와 혼인신고를 마치고 2015. 12.경 대한민국에 입국하여 원고와 사이에 2016. 10.경 사건본인 1을, 2018. 5.경 사건본인 2를 낳은 사실, 피고는 원고와의 불화로 2018. 8.경 사건본인 1을 데리고 가출하여 베트남을 다녀오면서 원고와 별거를 하게 된 사실 등을 인정한 후, 피고가 별거 기간 동안 현재까지 사건본인 1을 양육하여 온 사정 및 사건본인 1이 원고보다 피고와 친밀도가 높아 보이는 사정까지 인정하면서도 피고 및 양육보조자인 피고의 어머니에게 한국어 소통능력이 부족하다는 점, 피고의 거주지 및 직장이 안정적이지 않다는 점, 원고가 피고보다 경제적으로 안정되어 있다는 점 등을 들어 사건본인들에 대한 친권자 및 양육자로 원고를 지정하고, 양육비 및 면접교섭에 관한 사항을 정하였다.  나. 대법원의 판단  1) 원심이 ① 사건본인 1에 대한 현재의 양육 상태를 변경하여 원고를 친권자ㆍ양육자로 지정한 부분, ② 피고의 양육적합성에 대해 부정적으로 판단하면서 그 근거로 한국어 소통능력이 부족한 외국인이라는 사정을 든 부분, ③ 위와 같은 판단을 하면서 실질적이고 직접 심리를 하였는지 여부에 관하여 차례로 살펴본다.  2) 관련 법리  가) 양육자 지정의 기본 원칙 및 양육 상태의 변경을 가져오는 양육자 지정  (1) 법원이 민법 제837조 제4항에 따라 미성년 자녀의 양육자를 정할 때에는, 미성년 자녀의 성별과 연령, 그에 대한 부모의 애정과 양육 의사의 유무는 물론, 양육에 필요한 경제적 능력의 유무, 부와 모가 제공하려는 양육방식의 내용과 합리성ㆍ적합성 및 상호 간의 조화 가능성, 부 또는 모와 미성년 자녀 사이의 친밀도, 미성년 자녀의 의사 등의 모든 요소를 종합적으로 고려하여, 미성년 자녀의 성장과 복지에 가장 도움이 되고 적합한 방향으로 판단하여야 한다(대법원 2020. 5. 14. 선고 2018므15534 판결 등 참조).별거 이후 재판상 이혼에 이르기까지 상당 기간 부모의 일방이 미성년 자녀, 특히 유아를 평온하게 양육하여 온 경우, 이러한 현재의 양육 상태에 변경을 가하여 상대방을 친권자 및 양육자로 지정하는 것이 정당화되기 위해서는 현재의 양육 상태가 미성년 자녀의 건전한 성장과 복지에 도움이 되지 아니하고 오히려 방해가 되고, 상대방을 친권자 및 양육자로 지정하는 것이 현재의 양육 상태를 유지하는 경우보다 미성년 자녀의 건전한 성장과 복지에 더 도움이 된다는 점이 명백하여야 한다(대법원 2008. 5. 8. 선고 2008므380 판결, 대법원 2010. 5. 13. 선고 2009므1458, 1465 판결 등 참조).  (2) 재판을 통해 비양육친이 양육자로 지정된다고 하더라도 미성년 자녀가 현실적으로 비양육친에게 인도되지 않는 한 양육자 지정만으로는, 설령 자녀 인도 청구를 하여 인용된다고 할지라도 강제집행이 사실상 불가능하다. 미성년 자녀가 유아인 경우「유아인도를 명하는 재판의 집행절차(재판예규 제917-2호)」는 유체동산인도청구권의 집행절차에 준하여 집행관이 강제집행할 수 있으나, 유아가 의사능력이 있는 경우에 그 유아 자신이 인도를 거부하는 때에는 집행을 할 수 없다고 규정하고 있다.위와 같이 양육자 지정 이후에도 미성년 자녀를 인도받지 못한 채 현재의 양육 상태가 유지된다면 양육친은 상대방에게 양육비 청구를 할 수 없게 되어(대법원 2006. 4. 17. 자 2005스18, 19 결정 등 참조), 결국 비양육친은 미성년 자녀를 양육하지 않으면서도 양육비를 지급할 의무가 없어지므로 경제적으로는 아무런 부담을 갖지 않게 되는 반면, 양육친은 양육에 관한 경제적 부담을 전부 부담하게 된다. 이러한 상황은 자의 건전한 성장과 복지에 도움이 되지 않는다.따라서 비양육친이 자신을 양육자로 지정하여 달라는 청구를 하는 경우, 법원은 양육자 지정 후 사건본인의 인도가 실제로 이행될 수 있는지, 그 이행 가능성이 낮음에도 비양육친을 양육자로 지정함으로써 비양육친이 경제적 이익을 누리거나 양육친에게 경제적 고통을 주는 결과가 발생할 우려가 없는지 등에 대해 신중하게 판단할 필요가 있다.  나) 외국인 배우자의 한국어 소통능력과 양육적합성대한민국 국민과 혼인을 한 후 입국하여 체류자격을 취득하고 거주하다가 한국어를 습득하기 충분하지 않은 기간에 이혼에 이르게 된 외국인이 당사자인 경우, 미성년 자녀의 양육에 있어 한국어 소통능력이 부족한 외국인보다는 대한민국 국민인 상대방에게 양육되는 것이 더 적합할 것이라는 추상적이고 막연한 판단으로 해당 외국인 배우자가 미성년 자녀의 양육자로 지정되기에 부적합하다고 평가하는 것은 옳지 않다.대한민국은 공교육이나 기타 교육여건이 확립되어 있어 미성년 자녀가 한국어를 습득하고 연습할 기회를 충분히 보장하고 있으므로, 외국인 부모의 한국어 소통능력이 미성년 자녀의 건전한 성장과 복지에 있어 중요한 의미를 가진다고 보기 어렵다. 오히려 가정법원은 양육자 지정에 있어 한국어 소통능력에 대한 고려가 자칫 출신 국가 등을 차별하는 의도에서 비롯되거나 차별하는 결과를 낳게 될 수 있다는 점, 외국인 부모의 모국어 및 모국문화에 대한 이해 역시 자녀의 자아 존중감 형성에 중요한 요소가 된다는 점 등에 대해서도 유의하여야 한다.「문화다양성의 보호와 증진에 관한 법률」은 모든 사회구성원은 문화적 표현의 자유와 권리를 가지며, 다른 사회구성원의 다양한 문화적 표현을 존중하고 이해하기 위하여 노력하여야 한다(제4조)고 규정하고 있다.나아가 외국인 배우자가 국제결혼 후 자녀의 출산 등으로 한국어를 배우고 활용할 시간이 부족하였다는 사정 등을 외면한 채 이혼 시점에 한국어 소통능력이 다소 부족하다는 사정에만 주목하여, 외국인 배우자의 한국어 소통능력 역시 사회생활을 해 나가면서 본인이 의식적으로 노력한다면 계속하여 향상될 수 있다는 점을 놓쳐서는 안 된다. 특히 다문화가족지원법은 국가와 지방자치단체가 다문화가족에 대한 사회적 차별 및 편견을 예방하고 사회구성원이 문화적 다양성을 인정하고 존중할 수 있도록 다문화 이해교육을 실시하고 홍보 등 필요한 조치를 취하도록 할 책임이 있음을 규정하고 있고(제5조 제1항), 결혼이민자 등이 대한민국에서 생활하는 데 필요한 기본적 정보를 제공하는 것은 물론 언어소통 능력 향상을 위한 한국어교육 등을 받을 수 있도록 필요한 지원을 할 수 있으며(제6조 제1항), 해당 법률이 다문화가족이 이혼 등의 사유로 해체된 경우에도 그 구성원이었던 자녀에 대해 적용되는 것으로(제14조의2) 규정하고 있다.  다) 양육자 지정에 있어 실질적이고 직접적인 심리의 필요성가정법원은 혼인 파탄의 주된 원인이 누구에게 있는지에 대한 당사자들 사이의 다툼에만 심리를 집중한 나머지 친권자 및 양육자 지정 등에 관한 심리와 판단에 있어 소홀해지는 것을 경계할 필요가 있다. 특히 가정법원은 가사소송법 제6조, 가사소송규칙 제8조 내지 제11조에 따라 가사조사관에게 조사명령을 하고, 이에 따라 사실조사를 마친 가사조사관이 작성한 조사보고서를 보고받는 방법으로도 양육 상태나 양육자의 적격성 심사에 필요한 자료 등을 얻을 수 있다. 가정법원은 충실한 심리를 통해 실제의 양육 상태와 양육자의 적격성을 의심케 할 만한 사정이 있는지에 관하여도 구체적으로 확인하여야 한다.  3) 원심판결 이유를 위와 같은 법리에 비추어 살펴보면, 원심이 사건본인 1의 친권자 및 양육자로 원고를 지정한 부분은 다음과 같은 이유로 수긍하기 어렵다.  가) 사건본인 1에 대한 현재의 양육 상태에 변경을 가하여 원고를 친권자 및 양육자로 지정하는 것이 정당화될 만한 사정을 찾아보기 어렵다.  피고는 원고와 별거 당시 만 2세인 사건본인 1을 별거 이후 사실심 변론종결 시까지 2년이 넘는 기간 동안 계속하여 평온하게 양육하고 있는 것으로 보인다. 피고의 양육 환경, 애정과 양육 의사, 경제적 능력, 사건본인 1과의 친밀도 등에 어떠한 문제가 있다거나 원고에 비해 적합하지 못하다고 볼 만한 구체적인 사정을 찾아보기 어렵다. 원심 역시 원고보다 피고가 사건본인 1과 친밀도가 높다는 사정을 인정하고 있다.  한편 원고는 자신을 사건본인 1의 양육자로 지정하여 줄 것을 구하고 있으나, 별다른 경제활동을 하고 있지 않은 데다가 추후 경제활동을 하더라도 자신의 어머니에게 사건본인들의 양육을 대부분 맡길 의사를 표시하였고, 가사조사 과정에서도 피고가 양육하게 될 경우 양육비를 지급할 의사가 없다고 밝힌 바 있다. 여기에 원심이 인정한 사실관계 등을 종합하여 보면, 자칫 사건본인 1의 인도가 이루어지지 않은 채 원고는 양육비 지급의무를 면하는 반면 실제로는 피고가 양육비를 부담하게 되는 결과가 발생할 우려가 적지 않다.  나) 피고의 한국어 소통능력이 부족하다는 점이 원고에 비해 양육자로서 부적합하다고 볼 만한 주요한 사정에 해당한다고 단정하기 어렵다.  원심은 양육을 보조할 피고의 어머니가 한국어 소통능력이 부족하여 사건본인 1의 언어습득, 향후 유치원, 학교생활 적응이 우려스럽다고 하나, 막연한 추측을 넘어서 실제로 사건본인 1의 건전한 성장과 복지에 있어 바람직하지 못하다고 볼 만한 어떠한 사정들이 있는지에 대해 납득할 만한 이유를 제시하고 있지 못하다.  게다가 원심이 피고의 한국어 소통능력 부족 상태가 그대로 유지될 것이라고 쉽게 단정한 것도 의문이다. 피고는 혼인하여 한국에 입국하자마자 사건본인 1을 임신하였고, 출산 후 얼마 되지 않아 다시 사건본인 2를 임신하여 출산하였다. 외국인인 피고가 위와 같이 임신과 출산을 반복하면서 한국어를 제대로 습득할 기회를 가졌을 것이라고는 보이지 않고, 원고로부터 교육기회를 제공받은 일도 없는 것으로 보인다. 이혼 소송이 진행된 시점에서 피고의 한국어 소통능력이 부족하다고 하더라도 시간이 지남에 따라 향상될 수 있다는 사정을 쉽게 배제하기 어렵다.  다) 원심이 피고의 거주지와 직장의 안정성, 경제적 능력, 한국어 소통능력 등에 관하여 직접적이고 실질적인 심리를 하였는지 의문이다.  원심은 피고의 거주지 및 직장이 원고에 비해 안정적이지 않다고 판단하였으나, 기록상 원고는 자신의 명의로 된 집이 있기는 하나 별다른 경제적 활동을 하지 않고 있는 것으로 보이는 반면(피고는 원고가 집을 담보로 대출을 받아 생활하고 있다고 주장하고 있다), 피고는 원고와 별거한 이후 스스로 직장에 다니면서 매월 고정적인 수입을 얻고 있고 월세이기는 하나 주거지 역시 확보하고 있는 것으로 보인다.  또한 앞서 살펴본 원심의 친권자 및 양육자 지정에 관한 판단의 근거는 제1심에 제출된 가사조사관의 조사보고서 내용과 유사함을 알 수 있는바, 원심은 위 조사보고서의 내용에 상당 부분 의존한 것으로 보인다. 그런데 조사보고서의 내용 등을 살펴보면 가사조사관은 이혼에 있어 혼인 파탄의 책임자가 누구인지에 대해 집중적으로 조사를 수행하였을 뿐 양육 상태나 양육자의 적격성에 대해서는 당사자들에 대한 면접 또는 방문 등을 통해 직접 조사하는 과정을 수행하지 않은 것으로 보인다(피고 소송대리인이 상고심에서 최근 피고와 주고받은 문자메시지 내용을 제출하며 피고의 한국어 소통능력이 향상되었음을 주장하고 있어서 이에 대해서도 확인이 필요할 것으로 보인다).  4) 그럼에도 원심은 앞서 본 이유만을 들어 사건본인 1의 친권자 및 양육자로 원고를 지정하고 이를 전제로 양육비, 면접교섭에 관하여 정한 제1심판결을 그대로 유지하고 말았으니, 원심의 이 부분 판단에는 친권자 및 양육자 지정에 관한 법리를 오해하고 필요한 심리를 다하지 아니함으로써 판결에 영향을 미친 잘못이 있다. 이 점을 지적하는 취지의 상고이유 주장은 이유 있다.  5) 한편 원심판결 이유를 위와 같은 법리에 비추어 살펴보면, 원심이 사건본인 2의 친권자 및 양육자로 원고를 지정하고 면접교섭에 관하여 정한 부분은 상고이유 주장과 같이 친권자 및 양육자 지정에 관한 법리를 오해하고 필요한 심리를 다하지 아니한 잘못이 없다(사건본인 2는 별거 기간 중에도 원고가 계속하여 양육하여 왔고, 피고도 상고이유에서 명확하게 다투는 것으로는 보이지 않는다).  3. 결론  원심판결 중 사건본인 1에 관한 친권자ㆍ양육자 지정 부분 및 양육비, 면접교섭에 관한 부분을 파기하고, 이 부분 사건을 다시 심리ㆍ판단하도록 원심법원에 환송하며, 나머지 상고를 기각하기로 하여, 관여 대법관의 일치된 의견으로 주문과 같이 판결한다.대법관 천대엽(재판장) 조재연 민유숙(주심) 이동원 "
222865,이혼등,2020르1504,수원가정법원,내용없음,"원고, 항소인 원고 (소송대리인 법무법인 등정 담당변호사 길명철)피고, 피항소인 피고 (소송대리인 법무법인 해람 담당변호사 최미진)사건본인 사건본인 1 외 1인제1심판결 수원가정법원 2020. 5. 27. 선고 2018드단507148 판결변론종결2021. 7. 8.주    문  1. 원고의 항소를 기각한다.  2. 항소비용은 원고가 부담한다. 청구취지 및 항소취지  제1심 판결을 취소한다. 원고와 피고는 이혼한다. 피고는 원고에게 위자료로 50,000,000원을 지급하고, 재산분할로 제1심 별지 목록 기재 부동산에 관하여 소유권이전등기절차를 이행한다. 사건본인들의 친권자 및 양육자로 원고를 지정하고, 피고는 원고에게 사건본인들의 양육비로 이 사건 판결 선고일부터 2025. 9. 11.까지는 월 300만 원씩을, 2025. 9. 12.부터 2033. 7. 17.까지는 월 150만 원씩을 매월 말일에 지급하라. 이    유1. 제1심 판결의 인용  원고의 항소이유는 제1심에서의 주장과 크게 다르지 않고, 제1심에서 제출된 증거에다가 이 법원에서 제출된 증거를 더하여 다시 살펴보더라도 제1심의 사실인정과 판단은 정당하다(원고가 제1심 판결 선고 후인 2020. 8. 27.경 사건본인들을 데리고 집을 나가 그 무렵부터 피고와 별거하고 있는 사실이 인정되나, 별거의 경위, 기간 등에 비추어 보면, 그러한 사정을 더하여 보더라도 원고와 피고의 혼인관계가 파탄에 이르렀다고 보기 어렵다).   이에 이 법원이 설시할 판결 이유는 제1심판결 이유 기재와 같으므로, 가사소송법 제12조, 민사소송법 제420조 본문에 따라 이를 그대로 인용한다.2. 결론  그렇다면 제1심 판결은 정당하므로, 원고의 항소를 기각하기로 하여 주문과 같이 판결한다.판사 문홍주(재판장) 김경윤 박혜민 
"
217313,이혼위자료및재산분할청구,2021므12108,대법원,"1 민법 제840조 제6호에서 정한 이혼사유인 ‘혼인을 계속하기 어려운 중대한 사유가 있을 때’란 부부간의 애정과 신뢰가 바탕이 되어야 할 혼인의 본질에 상응하는 부부공동생활관계가 회복할 수 없을 정도로 파탄되고 혼인생활의 계속을 강제하는 것이 일방 배우자에게 참을 수 없는 고통이 되는 경우를 말한다. 이를 판단할 때에는 혼인계속의사의 유무, 파탄의 원인에 관한 당사자의 책임 유무, 혼인생활의 기간, 자녀의 유무, 당사자의 연령, 이혼 후의 생활보장 등 혼인관계에 관한 여러 사정을 두루 고려하여야 하고, 이러한 사정을 고려하여 부부의 혼인관계가 돌이킬 수 없을 정도로 파탄되었다고 인정된다면 파탄의 원인에 대한 원고의 책임이 피고의 책임보다 더 무겁다고 인정되지 않는 한 이혼 청구를 받아들여야 한다.2 甲과 乙은 혼인신고를 마친 법률상 부부로서, 甲의 외도 사실을 알고도 乙이 가정을 유지하겠다는 선택을 하여 오랜 기간 부부관계를 유지해 왔는데, 이후에 乙의 甲에 대한 불신과 비난 등이 지속되자, 甲이 乙을 상대로 혼인관계가 파탄되었다고 주장하며 이혼 등을 구한 사안에서, 甲의 과거 외도로 당시 甲과 乙의 혼인관계는 파탄상황에 있었다고 할 수 있으나, 乙이 이를 알게 된 다음에도 甲을 다시 받아들여 가정을 유지하겠다는 선택을 하였고 오랜 기간 부부관계를 유지하였으며, 甲이 그 이후에 다른 부정행위를 하였다고 볼 증거가 없는 이상, 과거에 있었던 甲의 외도 사실이 현재 혼인관계 파탄의 직접적인 원인이라고 볼 수 없고, 甲의 외도 문제가 끝난 후 오랜 시간이 지난 과정에서 甲과 乙 사이에 있었던 사정들을 종합적으로 살펴보아, 현재 혼인 파탄의 원인이 배우자 일방이 아닌 양측 모두에게 있는 것이 아닌지 심리를 한 다음, 민법 제840조 제6호에서 정한 이혼사유에 해당할 여지가 없는지에 관하여 판단했어야 하는데도, 혼인 파탄의 주된 책임이 甲에게 있다고 단정하고 甲의 이혼 청구를 배척한 원심판결에 법리 등을 오해한 잘못이 있다고 한 사례.","원고, 상고인 원고 (소송대리인 변호사 홍경령)피고, 피상고인 피고 (소송대리인 변호사 최애숙)원심판결 서울고법 2021. 3. 25. 선고 2020르20470 판결주    문원심판결을 파기하고, 사건을 서울고등법원에 환송한다.이    유상고이유를 판단한다.  1. 민법 제840조 제6호에서 정한 이혼사유인 ‘혼인을 계속하기 어려운 중대한 사유가 있을 때’란 부부간의 애정과 신뢰가 바탕이 되어야 할 혼인의 본질에 상응하는 부부공동생활관계가 회복할 수 없을 정도로 파탄되고 혼인생활의 계속을 강제하는 것이 일방 배우자에게 참을 수 없는 고통이 되는 경우를 말한다. 이를 판단할 때에는 혼인계속의사의 유무, 파탄의 원인에 관한 당사자의 책임 유무, 혼인생활의 기간, 자녀의 유무, 당사자의 연령, 이혼 후의 생활보장 등 혼인관계에 관한 여러 사정을 두루 고려하여야 하고, 이러한 사정을 고려하여 부부의 혼인관계가 돌이킬 수 없을 정도로 파탄되었다고 인정된다면 파탄의 원인에 대한 원고의 책임이 피고의 책임보다 더 무겁다고 인정되지 않는 한 이혼 청구를 받아들여야 한다(대법원 1991. 7. 9. 선고 90므1067 판결, 대법원 2021. 3. 25. 선고 2020므14763 판결 등 참조).  2. 원심판결 이유와 기록에 따르면 다음 사실을 알 수 있다.  가. 원고와 피고는 1992. 5. 1. 혼인신고를 마친 부부이고, 그 사이에 성년이 된 아들 소외 1과 딸 소외 2를 두고 있다.  나. 원고는 2003년경 빵집에 근무하면서 사장인 소외 3을 알게 되었고, 그때부터 약 8년 동안 소외 3과 성관계를 갖고 자신의 나체 사진을 소외 3에게 보내기도 하였다. 원고가 빵집을 그만두자 소외 3은 원고의 집에 찾아와 만나자고 하며 원고를 스토킹하였다. 원고는 소외 3과 사이의 문제 등으로 2012. 8. 22. 수면제를 먹고 자살시도를 하였고, 그 후 2012. 10.경까지 ○○대학교병원 정신건강의학과에 입원하여 치료를 받았다.  다. 원고는 2014. 7. 23. 피고와 다툰 뒤 식칼로 손목을 그었고, ○○대학교병원 정신건강의학과에 입원하여 2014. 9.경까지 치료를 받았다. 원고는 2015년경 소외 4로부터 성폭행을 당하였고, 소외 4는 위 범행으로 징역 8년형을 선고받았다. 원고는 2017. 1. 9.경 피고와 카드사용 문제로 다툰 뒤 칼로 손목을 그어 △△△△병원에서 약 2주 동안 입원치료를 받았다.  라. 피고는 원고가 성폭행을 당한 피해자였는데도 원고 스스로 원인을 제공한 것이라고 원고를 비난하였다. 또한 피고는 원고에게 되도록 외출을 하지 말고 집을 지킬 것, 외출할 때 짧은 옷을 입지 말고 정숙한 복장을 할 것, 나들이 외에는 화장을 하지 말 것 등을 요구하였으나 원고가 말을 듣지 않는다는 이유로 원고와 갈등을 빚었다.  마. 원피고와 함께 살고 있는 소외 1은 2018. 8. 9. 새벽 2시경 집 근처에서 원고가 어떤 남자와 담배를 피우고 있는 모습을 목격하고 현장사진을 촬영하였다. 원고는 같은 날 저녁 소외 1에게 위 사실을 피고에게 알리지 말아달라는 문자메시지를 보냈으나, 소외 1은 피고에게 현장사진과 함께 문자메시지까지 모두 전송하였다. 원고는 같은 날 밤 피고와 다툰 후 집을 나갔고, 2018. 10. 19. 이혼 등을 청구하는 이 사건 소를 제기하였다.   3. 위와 같은 사실관계를 위에서 본 법리에 비추어 살펴본다.  가. 원고는 과거 소외 3과 성관계를 맺었고 당시 원피고의 혼인관계는 파탄상황에 있었다고 할 수 있다. 그러나 피고가 이를 알게 된 다음에도 원고를 다시 받아들여 가정을 유지하겠다는 선택을 하였고 오랜 기간 부부관계를 유지해 왔다. 원고가 그 이후에 다른 부정행위를 하였다고 볼 증거가 없는 이상, 과거에 있었던 원고와 소외 3의 관계가 현재 혼인관계 파탄의 직접적인 원인이라고 볼 수 없다.   나. 피고는 위와 같이 가정을 유지하겠다는 선택을 하였으나 과거 사건에서 비롯된 원고에 대한 불신감과 의심을 거두지 못하고 원고의 외출, 복장, 화장 등 행동의 자유를 통제하려 하고 성폭행 피해자인 원고를 오히려 비난하였다. 피고는 이 사건 가사조사과정이나 변론과정에서 원고가 버스 운전기사, 호프집 사장, 동창생 등 많은 남자와 수시로 연락하며 부정행위를 하였다고 주장하였으나 별다른 증거를 제시하지 못하였다. 이처럼 원고와 소외 3의 관계가 끝나고 오랜 시간이 지났는데도 과거 사건에서 비롯된 갈등과 불화가 여전히 계속되고 있다.  다. 위에서 보았듯이 소외 1은 2018. 8. 9. 새벽 원고가 다른 남자와 담배를 피우는 현장을 촬영하였고, 원고가 피고에게 알리지 말아달라고 부탁하였는데도 현장사진과 부탁 내용까지 모두 피고에게 전송하였다. 원고는 그날 피고와 아들이 함께 자신을 공격하여 견딜 수 없어 가출하였다고 하고 있고, 피고는 원고 스스로 자식 볼 낯이 없어 집을 나간 것이라고 하고 있다. 원고는 가족 구성원에게 아내나 어머니로서 존중받을 수 없는 상태라고 할 수 있다.   라. 원고는 그동안 여러 차례 자살ㆍ자해 시도를 하였고 정신건강의학과 입원을 반복하였다. 물론 이러한 사태는 원고가 자초한 측면이 있으나, 피고가 과거를 딛고 부부관계를 회복하기로 했으면서도 실제로는 원고를 불신하고 비난하는 태도를 보이고, 원고에게 정신적인 중압감을 준 것도 중요한 원인이라고 볼 여지가 있다.  마. 원심으로서는 원고와 소외 3의 관계가 끝난 후 오랜 시간이 지난 과정에서 원피고 사이에 있었던 사정들을 종합적으로 살펴보아, 현재 혼인 파탄의 원인이 배우자 일방이 아닌 양측 모두에게 있는 것이 아닌지 심리를 한 다음, 민법 제840조 제6호에서 정한 이혼사유에 해당할 여지가 없는지에 관하여 판단했어야 한다.  4. 그런데 원심은 혼인 파탄의 주된 책임이 원고에게 있다고 단정하고 원고의 이혼 청구를 배척하였다. 원심판결에는 필요한 심리를 다하지 않거나 민법 제840조 제6호, 유책배우자에 관한 법리 등을 오해하여 판결에 영향을 미친 잘못이 있다. 이를 지적하는 상고이유 주장은 정당하다.  5. 결론  원고의 상고는 이유 있어 원심판결을 파기하고, 사건을 다시 심리ㆍ판단하도록 원심법원에 환송하기로 하여, 대법관의 일치된 의견으로 주문과 같이 판결한다.대법관 노정희(재판장) 김재형(주심) 안철상 이흥구 "
223465,이혼등,2020르11795,인천가정법원,내용없음,"원고, 항소인 원고 (소송대리인 법무법인 에스에이치 담당변호사 장아람 외 1인)피고, 피항소인 피고 (소송대리인 변호사 이우만)사건본인 사건본인제1심판결 인천가정법원 부천지원 2020. 8. 19. 선고 2019드단105293 판결변론종결2021. 5. 28.주    문  1. 원고의 항소를 기각한다.   2. 항소비용은 원고가 부담한다. 청구취지 및 항소취지  제1심판결을 취소한다. 원고와 피고는 이혼한다. 피고는 원고에게 위자료로 3,000만 원 및 이에 대하여 이 사건 소장부본 송달일 다음날부터 다 갚는 날까지 연 12%의 비율로 계산한 금원을 지급하라. 사건본인의 친권자 및 양육자로 피고를 지정한다. 이    유1. 제1심판결의 인용  원고의 항소이유는 제1심법원에서의 주장과 크게 다르지 않고, 원고가 제1심법원 및 이 법원에 제출한 증거를 다시 한번 살펴보더라도 제1심법원의 사실인정과 판단은 정당한 것으로 인정된다.  이에 이 법원이 이 사건에 관하여 설시할 판결의 이유는 제1심판결문의 기재와 같으므로, 가사소송법 제12조, 민사소송법 제420조 본문에 의하여 이를 그대로 인용한다. 2. 결론  그렇다면 제1심판결은 정당하므로, 원고의 항소는 이유 없어 이를 기각하기로 하여 주문과 같이 판결한다.         판사 김형작(재판장) 강란주 장현석 "
216857,이혼및위자료,2021므10898,대법원,"일방 당사자가 특정한 방법으로 재산분할을 청구하더라도 법원은 이에 구속되지 않고 타당하다고 인정되는 방법에 따라 재산분할을 명할 수 있다. 그러나 재산분할심판은 재산분할에 관하여 당사자 사이에 협의가 되지 아니하거나 협의할 수 없는 때에 한하여 하는 것이므로(민법 제843조, 제839조의2 제2항), 쌍방 당사자가 일부 재산에 관하여 분할방법에 관한 합의를 하였고, 그것이 그 일부 재산과 나머지 재산을 적정하게 분할하는 데 지장을 가져오는 것이 아니라면 법원으로서는 이를 최대한 존중하여 재산분할을 명하는 것이 타당하다. 그 경우 법원이 아무런 합리적인 이유를 제시하지 아니한 채 그 합의에 반하는 방법으로 재산분할을 하는 것은 재산분할사건이 가사비송사건이고, 그에 관하여 법원의 후견적 입장이 강조된다는 측면을 고려하더라도 정당화되기 어렵다.","원고, 상고인 원고피고, 피상고인 피고 (소송대리인 법무법인 세상 담당변호사 차종선 외 2인)원심판결 전주지법 2020. 12. 17. 선고 2019르372 판결주    문원심판결을 파기하고, 사건을 전주지방법원에 환송한다.이    유상고이유를 판단한다.일방 당사자가 특정한 방법으로 재산분할을 청구하더라도 법원은 이에 구속되지 않고 타당하다고 인정되는 방법에 따라 재산분할을 명할 수 있다(대법원 2010. 12. 23. 선고 2009므3928 판결 참조). 그러나 재산분할심판은 재산분할에 관하여 당사자 사이에 협의가 되지 아니하거나 협의할 수 없는 때에 한하여 하는 것이므로(민법 제843조, 제839조의2 제2항), 쌍방 당사자가 일부 재산에 관하여 분할방법에 관한 합의를 하였고, 그것이 그 일부 재산과 나머지 재산을 적정하게 분할하는 데 지장을 가져오는 것이 아니라면 법원으로서는 이를 최대한 존중하여 재산분할을 명하는 것이 타당하다. 그 경우 법원이 아무런 합리적인 이유를 제시하지 아니한 채 그 합의에 반하는 방법으로 재산분할을 하는 것은 재산분할사건이 가사비송사건이고, 그에 관하여 법원의 후견적 입장이 강조된다는 측면을 고려하더라도 정당화되기 어렵다.  원심 제5차 변론조서에 의하면 그 변론기일에서 당사자 쌍방이 원심판결 별지 목록 기재 부동산에 관하여 피고 소유로 재산분할하는 것과 그 시가가 177,500,000원이라는 점에 관하여 모두 동의하였음을 알 수 있다. 그럼에도 원심은 아무런 합리적인 이유를 제시하지 아니한 채 원고가 위 부동산을 소유하는 형태로 재산분할을 명하였다.  원심의 이러한 판단에는 재산분할에 관한 법리를 오해하여 판결에 영향을 미친 잘못이 있다.  그러므로 원심판결을 파기하고, 사건을 다시 심리ㆍ판단하도록 원심법원에 환송하기로 하여, 관여 대법관의 일치된 의견으로 주문과 같이 판결한다.대법관 조재연(재판장) 민유숙 이동원(주심) 천대엽 "
218403,이혼ㆍ이혼및양육자지정,2020르293,전주지방법원,내용없음,"원고(병합피고), 피항소인 원고(병합피고)피고(병합원고), 항소인 피고(병합원고)(소송대리인 변호사 이영원)사 건 본 인 사건본인 1 외 1인제1심판결 전주지방법원 2020. 3. 10. 선고 2018드단6047, 2018드단7361(병합) 판결변론종결2021. 3. 9.주    문1. 피고(병합원고)의 항소를 기각한다.2. 항소비용은 피고(병합원고)가 부담한다.청구취지 및 항소취지1. 청구취지본소: 원고(병합피고, 이하 원고라 한다)와 피고(병합원고, 이하 피고라 한다)는 이혼한다. 사건본인들의 친권자 및 양육자로 원고를 지정한다. 병합된 소: 원고와 피고는 이혼한다. 원고는 피고에게 위자료로 30,000,000원을 지급하라. 사건본인들에 대한 친권자 및 양육자로 피고를 지정한다. 원고는 피고에게 사건본인들의 양육비로 이 사건 소장 부본 송달일 다음 날부터 사건본인들이 각 성년이 될 때까지 사건본인 1인당 월 391,800원씩을 매월 말일에 지급하라.2. 항소취지  제1심 판결 중 병합된 소의 위자료 청구에 관한 피고 패소 부분을 취소한다. 원고는 피고에게 위자료로 30,000,000원을 지급하라. 제1심판결 중 친권자 및 양육자 지정, 양육비에 관한 부분을 다음과 같이 변경한다. 사건본인들에 대한 친권자 및 양육자로 피고를 지정한다. 원고는 피고에게 사건본인들의 양육비로 이 사건 소장 부본 송달일 다음 날부터 사건본인들이 각 성년이 될 때까지 사건본인 1인당 월 391,800원씩을 매월 말일에 지급하라.이    유1. 제1심판결의 인용  피고의 항소이유는 제1심에서의 주장과 크게 다르지 않고, 제1심에서 제출된 증거에다가 피고가 추가로 제출한 증거를 면밀히 살펴보아도 제1심에서의 사실인정과 판단은 정당한 것으로 인정된다. 따라서 이 법원이 이 사건에 관하여 설시할 이유는, 제1심판결문 제2의 나항, 제3의 가항을 아래와 같이 고쳐 쓰는 외에는 제1심판결 이유와 같으므로, 가사소송법 제12조, 민사소송법 제420조 본문에 의하여 이를 그대로 인용한다.2. 고쳐쓰는 부분“나. 피고의 위자료 청구    1) 피고의 주장       피고는 사건본인들을 출산한 이후에 집에서 쫓겨나는 등 원고로부터 정신적, 육체적 학대를 받아왔고, 원고는 혼인기간 중 지속적으로 피고에 대한 폭행, 폭언을 하였다. 따라서 이 사건 혼인관계는 원고의 귀책사유로 인하여 파탄되었으므로, 원고는 피고에게 위자료로 3,000만 원 및 이에 대한 지연손해금을 지급하여야 한다.     2) 판단      가) 관련 법리         혼인은 서로 다른 인격체가 애정과 신뢰에 기초하여 하나의 공동생활체를 이루는 결합조직으로서, 민법 제826조 제1항은 부부의 동거 및 협조의무를 규정함으로써 부부는 동고동락하면서 정신적ㆍ육체적ㆍ경제적인 각 방면에서 서로 협조하여 공동생활을 영위할 의무가 있음을 명시하고 있다. 그런데 인간으로서 단점이나 결함이 없는 인격체는 극히 드문 만큼 혼인생활 도중에 배우자의 일방 또는 쌍방의 인격적인 약점이 드러남으로써 상호간의 갈등과 불화가 일어 원만한 혼인생활에 지장이 초래되는 경우는 얼마든지 예상되는 일이므로, 혼인관계에 있어 부부가 협조하여 그와 같은 장애를 극복하는 일은 부부간의 협조의무에서 우러나는 보편적 과제라 할 것이다. 따라서 혼인생활에 그러한 장애가 발생하였다면 배우자 쌍방은 부부라는 공동생활체로서의 결합관계를 유지하고자 하는 의지를 가지고 각자 상대방에 대한 애정과 이해, 자제 및 설득을 통하여 그러한 장애를 극복하기 위해 노력할 공동의 의무가 있다 할 것이다. 그렇다면 배우자 중 어느 일방의 성격적 결함이나 비판받을 행동으로 인하여 혼인의 안녕을 해하는 갈등이나 불화가 일어났다 하여도, 단편적인 어느 한, 두 개의 행위로 인해 당장 혼인관계가 회복하지 못할 파탄상태에 빠진 것이 아닌 이상, 그와 같은 갈등과 불화를 치유하여 원만한 혼인관계를 유지하기 위해 노력할 의무는 배우자 쌍방에게 있다 할 것이다(대법원 2010. 7. 29. 선고 2008므1475 판결 등 참조).      나) 판단        앞서 든 증거들, 이 법원 증인 소외인의 증언에 의하면 원고는 언어와 문화가 낯선 대한민국에서 결혼생활을 하며 적응에 어려움을 겪는 피고를 적극적으로 이해하고 배려하려는 노력을 소홀히 한 사실은 인정된다.   그러나 앞서 든 증거들에 변론 전체의 취지를 종합하여 알 수 있는 다음과 같은 사실 또는 사정 즉, ① 피고는 2016. 10. 초순경 피고의 모를 한국으로 데려와 2018. 7.경까지 함께 생활하며, 피고의 모에게 사건본인들에 대한 양육 및 가사노동을 맡긴 채 대부분 베트남어로 피고의 모와 대화하며, 원고와 소통하기 위한 노력을 하지 않았던 것으로 보이는 점, ② 이로 인하여 원고와 피고의 관계가 더욱 악화되었던 것으로 보이는 점, ③ 피고는 원고와 혼인한 때로부터 약 6년이 지났음에도 기본적인 한국어를 구사하지 못해 원고를 비롯한 가족들과 의사소통을 하는 데 큰 어려움을 겪는 등 대한민국의 언어와 문화를 배우고 이해하려는 노력을 소홀히 하였던 점, ④ 피고는 가출한 상태에서 일방적으로 2018. 8. 15. 사건본인 1을 데리고 베트남으로 출국하였던 점 등을 종합하면, 피고에게도 이 사건 혼인관계 파탄에 대한 귀책사유가 있는 것으로 보이고, 을 제21, 22호증의 각 기재만으로는 이 사건 혼인관계가 원고의 주된 귀책사유로 인하여 파탄되었다고 인정하기에 부족하고 달리 이를 인정할 증거가 없다.   오히려 위와 같은 법리에 변론 전체의 취지를 종합하여 알 수 있는 다음과 같은 사정들 즉, 원고는 한국 국적, 피고는 베트남 국적으로 각 국적이 다르고, 나이도 20년 정도 차이가 나므로 가정을 유지함에 있어 보통의 가정보다 더 각별한 존중과 세심한 배려를 기울일 필요가 있고, 갈등이 발생하더라도 보다 많은 애정과 신뢰를 바탕으로 이를 해결하기 위해 노력하여야 하는 점 등에 비추어 보면, 원고와 피고의 혼인관계가 파탄된 것은 공동체로서 부부의 결합을 위하여 노력하여야 할 의무를 위와 같이 쌍방 모두 저버린 것에 기인한 것으로, 그 책임은 원고와 피고 모두에게 대등하게 있다고 봄이 상당하다.  따라서 이와 다른 전제에 선 피고의 위자료 청구는 더 나아가 살필 필요 없이 이유 없다.“ “가. 사건본인들에 대한 친권자 및 양육권자 지정    피고는 사건본인들에 대한 친권자 및 양육권자로 피고가 지정되어야 한다고 주장하므로 살피건대, 사건본인 1을 현재 피고가 양육하고 있는 사실은 당사자 사이 다툼이 없고, 을 제24호증의 1·2 각 영상에 의하면 사건본인 1은 원고보다 피고와 친밀도가 높아 보이기는 한다.   그러나 앞서 든 증거들에 변론 전체의 취지를 종합하여 알 수 있는 다음과 같은 사실 또는 사정, 즉 ① 피고는 사건본인들의 양육에 필요한 기본적인 한국어 소통능력이 부족한 점, ② 현재 피고의 거주지 및 직장이 안정적이지 아니하여 사건본인들의 양육환경, 양육능력에 의문이 드는 점, ③ 피고가 직장생활을 하는 동안 피고의 어머니가 사건본인의 양육을 보조할 것으로 보이는데, 피고의 어머니는 한국어를 사용하지 않아 사건본인들의 언어습득 및 향후 유치원, 학교생활 적응에 우려스려운 측면이 있는 점, ④ 원고가 피고보다 경제적으로 안정되어 사건본인의 양육에 적절한 환경을 제공할 수 있을 것으로 보이고, 원고의 어머니가 양육을 보조하게 될 것으로 보이는 점, 그 밖에 원고와 피고의 나이, 직업, 재산, 양육 의사 등 이 사건 변론에 나타난 여러 사정을 종합적으로 참작 하면, 사건본인들의 성장과 복리를 위하여 그 친권자 및 양육자로 원고를 지정하기로 한다.”3. 결론  그렇다면 제1심판결은 이와 결론을 같이하여 정당하므로, 피고의 항소를 기각하기로 하여, 주문과 같이 판결한다.판사 김진선(재판장) 김진웅 곽지영 "
217653,이혼ㆍ위자료및재산분할청구,2020르20470,서울고등법원,내용없음,"원고, 피항소인 겸 항소인 원고(소송대리인 변호사 홍경령)피고, 항소인 겸 피항소인 피고(소송대리인 변호사 최애숙)제1심판결 의정부지방법원 고양지원 2020. 1. 17. 선고 2019드합60886 판결변론종결2021. 3. 4.주    문1. 제1심판결을 다음과 같이 변경한다.   원고의 청구를 모두 기각한다. 2. 소송총비용은 원고가 부담한다. 청구취지 및 항소취지1. 청구취지  원고와 피고는 이혼한다. 피고는 원고에게 위자료로 30,000,000원 및 이에 대하여 이 사건 소장 부본 송달 다음 날부터 다 갚는 날까지 연 15%의 비율로 계산한 돈을 지급하라. 피고는 원고에게 재산분할로 204,157,062원 및 이에 대하여 이 판결 확정일 다음 날부터 다 갚는 날까지 연 5%의 비율로 계산한 돈을 지급하라. 2. 항소취지  가. 원고    제1심판결 중 위자료, 재산분할 부분에 관한 원고 패소 부분을 취소한다. 피고는 원고에게 위자료로 30,000,000원 및 이에 대하여 이 사건 소장 부본 송달 다음 날부터 다 갚는 날까지 연 15%의 비율로 계산한 돈을 지급하라. 피고는 원고에게 재산분할로 49,657,062원 및 이에 대하여 이 판결 확정일 다음 날부터 다 갚는 날까지 연 5%의 비율로 계산한 돈을 지급하라.   나. 피고    제1심판결 중 피고 패소 부분을 취소하고, 그 취소 부분에 해당하는 원고의 청구를 기각한다. 이    유1. 인정사실  가. 원고와 피고는 1992. 5. 1. 혼인신고를 마친 부부로서, 성년 자녀 두 명(1993년생 아들, 1996년생 딸)을 두고 있다. 원고는 가사를 담당하면서 빵집이나 마트 종업원 등 소득활동을 한 바 있고, 피고는 경찰공무원으로 재직하여 왔다.   나. 원고는 2003년경 빵집에 근무하면서 사장인 소외 3을 알게 되었는데, 약 8년 동안 소외 3과 성관계를 가지거나 소외 3에게 원고의 알몸사진을 찍어 보내는 등의 일이 있었다. 원고가 빵집을 그만두자, 소외 3이 원고의 집을 찾아와 만남을 요구하기도 하였다.   다. 원고는 소외 3과 사이의 문제 등으로 2012. 8. 22. 수면제를 먹고 자살을 시도하여 2012. 10.경까지 ○○대학교병원 정신건강의학과에서 입원 치료를 받았다. 원고는 피고와 다툼 등으로 2014. 7. 22. 손목을 그어 2014. 9.경까지 위 병원에서 입원 치료를 받고, 2017. 1. 9. 손목을 그어 2017. 1. 23.까지 △△△△병원에서 입원 치료를 받았다.   라. 원고는 2018. 8. 9. 새벽 2시경 집 근처에서 어떤 남자와 담배를 피우고 있었는데, 아들이 이 모습을 목격하고 원고와 그 남자의 모습을 촬영하였다. 원고는 ‘그 남자가 누구인지’를 묻는 아들에게 ‘원고가 영업하는 □□□ 고객’이라고 말하였다.   마. 원고는 2018. 8. 9. 저녁에 아들에게 ‘아빠에게 엄마 얘기 할 거니’라고 묻고, 이에 아들이 ‘할 거야. 이게 몇 번째야. 난 더 못 보겠어.’라고 답하자, ‘그럼 내가 나가고 말지. 어쩌겠어. 내가 나간다. 내가 뭘 잘못해서 몇 번째라는 거니.’라고 다시 답하는 등 메시지를 서로 주고받았다.   바. 그 후 아들은 피고에게 새벽에 촬영한 사진들 및 원고와의 대화내용 등을 메시지로 보냈다. 원고는 2018. 8. 9. 밤에 피고와 다툰 후 집을 나갔고, 2018. 10. 19. 이 사건 소를 제기하였다.   인정근거 갑 제1, 3, 4, 5, 9호증, 을 제1, 2, 3호증(가지번호 있는 것은 각 가지번호 포함)의 각 기재 또는 영상, 항소심법원 가사조사관의 조사보고서, 변론 전체의 취지2. 이혼 청구에 관한 판단  가. 당사자의 주장     원고는, 피고의 의처증, 폭언, 폭행, 경제적ㆍ정신적ㆍ성적 학대, 불륜 행위 및 시아버지, 시댁 식구의 폭언 등 부당한 대우를 받았고, 그로 인하여 혼인관계가 파탄되었는데, 이는 민법 제840조 제3, 6호에서 정한 재판상 이혼사유에 해당한다고 주장한다.     이에 대하여 피고는, 원고 주장과 같은 사실이 없을 뿐만 아니라, 원고가 부정행위와 일방적인 가출 등으로 혼인관계 파탄의 주된 책임이 있는 유책배우자이므로, 원고의 이혼 청구를 받아들여서는 아니 된다고 주장한다.   나. 판단    1) 먼저, 원고가 제출한 증거만으로는 피고와 시아버지, 시댁 식구 등으로부터 그 주장과 같은 부당한 대우를 받았음을 인정하기에 부족하고, 달리 이를 인정할 증거가 없으므로, 원고의 이 부분 주장은 이유 없다.     2) 앞서 든 증거들 및 변론 전체의 취지를 종합하면, 원고는 이혼의사를 밝히고 있는 반면에 피고는 이 사건 소송 과정에서 일관하여 혼인계속의사를 밝히고 있는 점, 원고와 피고가 항소심 변론종결일 기준 약 2년 7개월 정도 별거 중인 점, 이들 사이의 관계가 원만하다고 보기 어려운 점 등의 사정을 알 수 있다. 다만, 이 사건 변론에 나타난 아래의 사정에 비추어 보면, 원고는 혼인관계 파탄의 주된 책임이 있는 유책배우자라고 보는 것이 타당하다.       ○ 원고는 2003년경부터 약 8년 동안 소외 3과 성관계를 가지거나 소외 3에게 원고 자신의 알몸사진을 찍어 보냈다. 또한 원고가 2018. 8. 9. 새벽 2시경 집 근처에서 어떤 남자와 담배를 피우던 중에 아들이 이를 목격하였는데, 원고는 아들에게 목격한 내용을 피고에게 알리지 말라는 취지로 이야기하였다. 이러한 행동들을 통해 원고는 혼인관계에 갈등과 불화를 초래하였다.       ○ 아들이 목격한 내용을 피고에게 알리겠다고 하자, 원고는 아들에게 집을 나가겠다고 이야기하였다. 아들은 2018. 8. 9. 저녁에 피고에게 새벽에 촬영한 사진들 및 원고와의 대화내용 등을 메시지로 보냈고, 원고는 같은 날 밤에 피고와 다툰 후 실제로 집을 나가 별거를 시작하고 이 사건 소를 제기하기에 이르렀다. 이러한 경위에 비추어 보면, 원고가 갑작스럽게 일방적으로 가출함으로써, 정당한 이유 없이 서로 동거, 부양, 협조하여야 할 부부로서의 의무를 스스로 먼저 저버렸다고 봄이 상당하다.       ○ 피고는 원고에게 2018. 8. 9. 새벽 및 그 전 시점의 상황과 경위에 대한 합리적인 설명을 줄곧 요청하여 왔다. 그러나 원고는 현재까지 자신의 주장 내용을 뒷받침할 수 있는 별다른 자료를 제시하지 아니하고 있다. 원고는 이와 같이 피고의 원고에 대한 신뢰 회복을 어렵게 하면서, 가정불화를 해소하기 위한 노력을 기울이지 아니하고 있다.      3) 이에 대하여 원고는, 설령 원고가 유책배우자라 하더라도 피고도 혼인생활을 계속할 의사가 없음이 객관적으로 명백하고 오기나 보복적 감정에서 이혼에 응하지 아니하고 있을 뿐이므로, 이혼 청구가 받아들여져야 한다는 취지로 주장한다.        혼인생활의 파탄에 대하여 주된 책임이 있는 배우자는 원칙적으로 그 파탄을 사유로 하여 이혼을 청구할 수 없고, 다만 상대방도 그 파탄 이후 혼인을 계속할 의사가 없음이 객관적으로 명백한데도 오기나 보복적 감정에서 이혼에 응하지 아니하고 있을 뿐이라는 등 특별한 사정이 있는 경우에 예외적으로 유책배우자의 이혼 청구가 허용되고(대법원 2010. 12. 9. 선고 2009므844 판결 참조), 혼인생활의 파탄에 대한 유책성이 이혼 청구를 배척해야 할 정도로 남아 있지 아니한 특별한 사정이 있는 경우에는 예외적으로 유책배우자의 이혼 청구를 허용할 수 있다(대법원 2015. 9. 15. 선고 2013므568 전원합의체 판결 참조). 그러나 피고의 혼인계속의사, 혼인생활기간과 별거기간, 원고의 피고 및 자녀들에 대한 보호와 배려의 정도 등 이 사건 변론에 나타난 여러 사정에 비추어 보면, 원고가 제출한 증거만으로는 피고에게 혼인생활을 계속할 의사가 없음이 객관적으로 명백한데도 피고가 오기나 보복적 감정에서 이혼에 응하지 아니하고 있다고 보기 어렵고, 혼인생활의 파탄에 대한 유책성이 이혼 청구를 배척해야 할 정도로 남아 있지 아니한 특별한 사정이 있다고 보기도 어렵다. 따라서 원고의 위 주장은 이유 없다.     4) 그러므로 원고의 이혼 청구는 받아들일 수 없다. 3. 위자료 및 재산분할 청구에 관한 판단  위와 같이 원고의 이혼 청구를 받아들이지 아니하는 이상, 이혼을 전제로 하는 원고의 위자료, 재산분할 청구는 더 나아가 살펴볼 필요 없이 이유 없다. 4. 결론  그렇다면 원고의 청구는 이유 없으므로 이를 모두 기각하여야 한다. 제1심판결은 이와 결론을 일부 달리하여 부당하므로, 피고의 항소를 받아들여 제1심판결을 위와 같이 변경한다.판사 김대웅(재판장) 곽윤경 성원제 "
215145,이혼및위자료,2020므14763,대법원,"1 민법 제840조 제3호에서 정한 이혼사유인 ‘배우자로부터 심히 부당한 대우를 받았을 때’라 함은 혼인관계의 지속을 강요하는 것이 가혹하다고 여겨질 정도의 폭행이나 학대 또는 모욕을 받았을 경우를 말한다.2  민법 제840조 제6호에서 정한 이혼사유인 ‘혼인을 계속하기 어려운 중대한 사유가 있을 때’란 부부간의 애정과 신뢰가 바탕이 되어야 할 혼인의 본질에 상응하는 부부공동생활관계가 회복할 수 없을 정도로 파탄되고 혼인생활의 계속을 강제하는 것이 일방 배우자에게 참을 수 없는 고통이 되는 경우를 말한다. 이를 판단할 때에는 혼인계속의사의 유무, 파탄의 원인에 관한 당사자의 책임 유무, 혼인생활의 기간, 자녀의 유무, 당사자의 연령, 이혼 후의 생활보장, 기타 혼인관계의 여러 사정을 두루 고려하여야 하고, 이러한 사정을 고려하여 부부의 혼인관계가 돌이킬 수 없을 정도로 파탄되었다고 인정된다면 그 파탄의 원인에 대한 원고의 책임이 피고의 책임보다 더 무겁다고 인정되지 않는 한 이혼 청구를 인용해야 한다.3 베트남 국민 甲과 대한민국 국민 乙은 혼인신고를 마친 법률상 부부인데, 甲이 乙을 상대로 乙의 계속된 폭행 등으로 혼인이 파탄되었다고 주장하며 이혼 등을 구한 사안에서, 乙은 대한민국 국민으로서 대한민국에 상거소를 두고 있으므로 국제사법 제39조 단서에 따라 이혼에 관한 준거법은 대한민국 민법인데, 乙이 반복적으로 甲에게 폭력을 행사하였고 폭력 행사의 정도도 무거우며 당사자의 혼인계속의사 유무, 파탄의 원인에 관한 당사자의 책임 유무와 경중, 혼인생활의 기간, 자녀의 유무, 당사자의 연령 등 甲과 乙의 혼인관계에 관한 여러 사정을 두루 고려하면 甲과 乙은 더 이상 乙의 폭력 행사 이전의 관계로 회복될 수 없다고 보이는 등 제반 사정에 비추어 乙의 행위는 甲에 대한 부당한 대우에 해당할 뿐만 아니라, 甲과 乙의 혼인관계는 乙의 폭력 행사 이래 그 바탕이 되어야 할 애정과 신뢰가 상실되어 회복할 수 없을 정도로 파탄되었으므로 민법 제840조 제3호 또는 제6호의 재판상 이혼사유에 해당하는데도, 甲에게 乙의 폭력 행사를 유발한 책임이 있다는 등의 이유로 甲의 이혼 청구를 배척한 원심판결에 법리오해 등의 잘못이 있다고 한 사례.","원고, 상고인 원고 (소송대리인 변호사 권오훈 외 1인)피고, 피상고인 피고원심판결 대구가법 2020. 10. 8. 선고 2020르5976 판결주    문원심판결을 파기하고, 사건을 대구가정법원에 환송한다.이    유상고이유를 판단한다.  1. 사실관계  원심판결 이유와 기록에 따르면 다음 사실을 알 수 있다.  가. 대한민국 국민인 피고는 2016. 10.경 베트남 국민인 원고를 만나 2017. 8. 17. 혼인신고를 마쳤고 그 사이에 자녀는 두지 않았다.  나. 피고는 2018. 2.경 부부싸움을 한 뒤 원고로부터 ‘이혼하자.’는 문자메시지를 받고 화가 나 원고의 뺨을 때려 폭행하였다.  다. 원피고는 2018. 5.경 원고가 취업한 다음 원고의 잦은 외출이나 귀가시간 문제로 자주 다투었고, 피고는 2019. 3. 13. 원고가 늦게 귀가한다는 이유로 원고의 뺨을 때려 폭행하였다.  라. 원피고는 2019. 3. 14. 법원에 협의이혼신청서를 제출하고 돌아왔으나 피고가 이혼하지 말자고 하면서 재차 다투는 과정에서 원고의 머리를 때리고 원고의 배와 머리를 발로 걷어 차 상해를 입혔고, 주방에 있던 부엌칼을 양손에 한 자루씩 들고 “앞으로 같이 잘 살아보든지 안 그러면 오늘 같이 죽자.”라고 하면서 원고를 위협하였다. 원고는 위 폭행을 계기로 집을 나와 귀가하지 않고 있다.  마. 피고는 2019. 10. 31. 대구지방법원 2019고정768호로 2019. 3. 13.자 폭행, 2019. 3. 14.자 상해와 특수협박을 이유로 벌금 500만 원을 선고받았다.  2. 원심판단  원심은 피고의 폭력 행사를 인정하면서도 아래 사정을 들어 원고가 피고로부터 심히 부당한 대우를 받았다거나 원피고의 혼인관계가 더 이상 회복될 수 없을 정도로 파탄에 이르렀다고 단정하기 어렵다는 이유로 원고의 이혼 청구를 받아들이지 않았다.  가. 원피고는 2018. 2.경 피고의 폭행 이후 원고 사촌언니의 중재로 화해하였고, 2018. 4. 22. 결혼식을 올리기도 하였다.  나. 원고는 2018. 5.경 생산직으로 취업하여 같은 국적의 직장동료들과 친분을 쌓게 되면서 피고와 약속한 귀가시간을 계속하여 어겼고 이로 인해 원피고 사이의 갈등이 끊이지 않았다.  다. 원고는 피고로부터 잦은 외출, 귀가시간 또는 외박 장소에 관하여 지속적인 지적을 받으면서도 부부 일방으로서 혼인관계 유지에 책임감을 가지고 자신의 행동을 개선하려고 노력하기보다는 피고에게 일방적인 이해를 구하거나 이혼을 요구하는 방법으로 대응함으로써 갈등을 격화시켰다.  라. 이러한 사정에 비추어 보면, 피고의 폭행은 원고의 잘못으로 유발된 부부싸움 중 일시적, 우발적으로 감정이 악화되어 발생한 것으로 보이므로 이를 들어 원고가 혼인기간 중 피고로부터 혼인의 지속을 강요하는 것이 가혹할 정도의 폭행이나 학대를 받아온 것이라고 인정하기 부족하다. 이처럼 원피고가 별거하게 된 원인을 피고의 탓으로만 돌리기 어려울 뿐만 아니라 피고는 원고의 가출 이후부터 이 사건 소송 과정에 이르기까지 일관되게 원고와의 이혼을 원하지 않는다는 의사를 밝히고 있는 점 등에 비추어 보면 원피고의 혼인관계가 더 이상 회복될 수 없을 정도로 파탄에 이르렀다고 단정하기도 어렵다.  3. 대법원 판단  그러나 원심판결은 다음과 같은 이유로 받아들이기 어렵다.  가. 민법 제840조 제3호에서 정한 이혼사유인 ‘배우자로부터 심히 부당한 대우를 받았을 때’라 함은 혼인관계의 지속을 강요하는 것이 가혹하다고 여겨질 정도의 폭행이나 학대 또는 모욕을 받았을 경우를 말한다(대법원 1999. 2. 12. 선고 97므612 판결 참조).민법 제840조 제6호에서 정한 이혼사유인 ‘혼인을 계속하기 어려운 중대한 사유가 있을 때’란 부부간의 애정과 신뢰가 바탕이 되어야 할 혼인의 본질에 상응하는 부부공동생활관계가 회복할 수 없을 정도로 파탄되고 혼인생활의 계속을 강제하는 것이 일방 배우자에게 참을 수 없는 고통이 되는 경우를 말한다. 이를 판단할 때에는 혼인계속의사의 유무, 파탄의 원인에 관한 당사자의 책임 유무, 혼인생활의 기간, 자녀의 유무, 당사자의 연령, 이혼 후의 생활보장, 기타 혼인관계의 여러 사정을 두루 고려하여야 하고, 이러한 사정을 고려하여 부부의 혼인관계가 돌이킬 수 없을 정도로 파탄되었다고 인정된다면 그 파탄의 원인에 대한 원고의 책임이 피고의 책임보다 더 무겁다고 인정되지 않는 한 이혼 청구를 인용해야 한다(대법원 1991. 7. 9. 선고 90므1067 판결, 대법원 2010. 7. 15. 선고 2010므1140 판결 등 참조).  나. 피고는 대한민국 국민으로서 대한민국에 상거소를 두고 있으므로 국제사법 제39조 단서에 따라 이혼에 관한 준거법은 대한민국 민법이다.   위에서 본 바와 같이 피고는 반복적으로 원고에게 폭력을 행사하였고, 특히 2019. 3. 14.자 폭행 당시에는 원고의 배와 머리를 발로 걷어차고 양손에 각각 부엌칼을 들고 원고의 생명에 위해를 가할 것처럼 협박까지 한 사실을 알 수 있어 그 폭력 행사의 정도도 무겁다.  원심은 피고의 폭력 행사에 관하여, 원고가 피고로부터 지속적으로 지적을 받으면서도 자신의 행동을 개선하려고 노력하기 보다는 피고에게 지속적인 이혼을 요구함으로써 피고를 자극하였다고 판단하여 원고에게 피고의 폭력 행사에 상당 부분의 책임이 있는 것으로 본 듯하다. 그러나 이러한 사정만으로는 원고의 이혼 청구를 배척할 사유가 된다고 볼 수 없다.  오히려 기록에 나타난 당사자의 혼인계속의사 유무, 파탄의 원인에 관한 당사자의 책임 유무와 경중, 혼인생활의 기간, 자녀의 유무, 당사자의 연령 등 원피고의 혼인관계에 관한 여러 사정을 두루 고려하면 원피고는 더 이상 피고의 폭력 행사 이전의 관계로 회복될 수 없다고 판단된다.  이러한 사정을 위에서 본 법리에 비추어 보면, 피고의 행위는 원고에 대한 부당한 대우에 해당할 뿐만 아니라, 원피고 사이의 혼인관계는 피고의 폭력 행사 이래 그 바탕이 되어야 할 애정과 신뢰가 상실되어 회복할 수 없을 정도로 파탄되었다고 봄이 타당하고, 민법 제840조 제3호 또는 제6호의 재판상 이혼사유에 해당한다.  그런데도 원심은 원고에게 피고의 폭력 행사를 유발한 책임이 있다는 등의 이유로 원고의 이 사건 이혼 청구를 받아들이지 않았다. 원심판결에는 민법 제840조 제3호와 제6호에서 정한 이혼사유에 관한 법리 등을 오해하여 판결에 영향을 미친 잘못이 있다. 이를 지적하는 상고이유 주장은 정당하다.  4. 결론  원고의 상고는 이유 있어 원심판결을 파기하고, 사건을 다시 심리ㆍ판단하도록 원심법원에 환송하기로 하여, 대법관의 일치된 의견으로 주문과 같이 판결한다.대법관 이동원(재판장) 김재형(주심) 민유숙 노태악 "
214589,이혼,2020므11658,대법원,"보충송달제도는 본인 아닌 그의 사무원, 피용자 또는 동거인, 즉 수령대행인이 소송서류를 수령하여도 그의 지능과 객관적인 지위, 본인과의 관계 등에 비추어 사회통념상 본인에게 소송서류를 전달할 것이라는 합리적인 기대를 전제로 한다. 동일한 수령대행인이 이해가 대립하는 소송당사자 쌍방을 대신하여 소송서류를 동시에 수령하는 경우가 있을 수 있다. 이런 경우 수령대행인이 원고나 피고 중 한 명과도 이해관계의 상충 없이 중립적인 지위에 있기는 쉽지 않으므로 소송당사자 쌍방 모두에게 소송서류가 제대로 전달될 것이라고 합리적으로 기대하기 어렵다. 또한 이익충돌의 위험을 회피하여 본인의 이익을 보호하려는 데 취지가 있는 민법 제124조 본문에서의 쌍방대리금지 원칙에도 반한다. 따라서 소송당사자의 허락이 있다는 등의 특별한 사정이 없는 한, 동일한 수령대행인이 소송당사자 쌍방의 소송서류를 동시에 송달받을 수 없고, 그러한 보충송달은 무효라고 봄이 타당하다.","원고, 피상고인 원고피고, 상고인 피고원심판결 대구가법 2020. 5. 7. 선고 2020르18 판결주    문  원심판결을 파기하고, 사건을 대구가정법원에 환송한다.이    유  상고이유를 판단한다.  1. 송달은 원칙적으로 송달받을 사람의 주소ㆍ거소ㆍ영업소 또는 사무소에서 송달받을 사람 본인에게 교부하는 교부송달이 원칙이나(민사소송법 제178조 제1항, 제183조 제1항), 송달기관이 위와 같은 장소에서 송달받을 사람을 만나지 못한 때에는 그 사무원, 피용자 또는 동거인으로서 사리를 분별할 지능이 있는 사람에게 하는 보충송달에 의할 수도 있다(같은 법 제186조 제1항).보충송달제도는 본인 아닌 그의 사무원, 피용자 또는 동거인, 즉 수령대행인이 소송서류를 수령하여도 그의 지능과 객관적인 지위, 본인과의 관계 등에 비추어 사회통념상 본인에게 소송서류를 전달할 것이라는 합리적인 기대를 전제로 한다. 동일한 수령대행인이 이해가 대립하는 소송당사자 쌍방을 대신하여 소송서류를 동시에 수령하는 경우가 있을 수 있다. 이런 경우 수령대행인이 원고나 피고 중 한 명과도 이해관계의 상충 없이 중립적인 지위에 있기는 쉽지 않으므로 소송당사자 쌍방 모두에게 소송서류가 제대로 전달될 것이라고 합리적으로 기대하기 어렵다. 또한 이익충돌의 위험을 회피하여 본인의 이익을 보호하려는 데 취지가 있는 민법 제124조 본문에서의 쌍방대리금지 원칙에도 반한다. 따라서 소송당사자의 허락이 있다는 등의 특별한 사정이 없는 한, 동일한 수령대행인이 소송당사자 쌍방의 소송서류를 동시에 송달받을 수 없고, 그러한 보충송달은 무효라고 봄이 타당하다(대법원 2016. 11. 10. 선고 2014다54366 판결 참조).  2. 원심이 인용한 제1심판결 이유에 의하면, 원고가 피고를 상대로 이혼을 청구한 이 사건에서 제1심법원은 원고와 피고가 이혼한다는 내용의 화해권고결정(이하 ‘이 사건 결정’이라 한다)을 한 사실, 이 사건 결정 정본은 원고와 피고의 성년 자녀이자 동거인인 소외인이 원고와 피고를 대신하여 동시에 송달받은 사실을 알 수 있다.   3. 위와 같은 사실관계를 앞서 본 법리에 비추어 본다. 소외인은 이해가 대립하는 소송당사자 쌍방인 원고와 피고를 대신하여 이 사건 결정 정본을 동시에 송달받았는데, 소외인이 이해상충 관계에 있는 원고와 피고 모두에게 소송서류를 제대로 전달할 것이라고 합리적으로 기대하기 어렵다. 따라서 소외인이 피고의 허락을 받았다는 등의 특별한 사정이 없는 한, 소외인이 원고와 피고를 대신하여 이 사건 결정 정본을 동시에 송달받은 것은 부적법한 송달로서 무효이다.  그런데도 원심은 그 판시와 같은 이유로, 소외인이 피고의 동거인으로서 이 사건 결정 정본을 보충송달받은 것은 유효하다고 보아 이 사건 소송이 이 사건 결정의 확정으로 종료되었다고 판단하였다. 이러한 원심의 판단에는 보충송달에 관한 법리를 오해하여 판결에 영향을 미친 잘못이 있다. 이를 지적하는 취지의 상고이유 주장은 이유 있다.  4. 그러므로 나머지 상고이유에 대한 판단을 생략한 채 원심판결을 파기하고, 사건을 다시 심리ㆍ판단하도록 원심법원에 환송하기로 하여, 관여 대법관의 일치된 의견으로 주문과 같이 판결한다.대법관 이기택(재판장) 박정화 김선수(주심) 이흥구 "
226783,이혼및위자료등,2017므12552,대법원,"1 국제사법 제2조 제1항은 “법원은 당사자 또는 분쟁이 된 사안이 대한민국과 실질적 관련이 있는 경우에 국제재판관할권을 가진다. 이 경우 법원은 실질적 관련의 유무를 판단함에 있어 국제재판관할 배분의 이념에 부합하는 합리적인 원칙에 따라야 한다.”라고 정하고 있다. ‘실질적 관련’은 대한민국 법원이 재판관할권을 행사하는 것을 정당화할 정도로 당사자 또는 분쟁이 된 사안과 관련성이 있는 것을 뜻한다. 이를 판단할 때에는 당사자의 공평, 재판의 적정, 신속과 경제 등 국제재판관할 배분의 이념에 부합하는 합리적인 원칙에 따라야 한다. 구체적으로는 당사자의 공평, 편의, 예측가능성과 같은 개인적인 이익뿐만 아니라, 재판의 적정, 신속, 효율, 판결의 실효성과 같은 법원이나 국가의 이익도 함께 고려하여야 한다. 이처럼 다양한 국제재판관할의 이익 중 어떠한 이익을 보호할 필요가 있는지는 개별 사건에서 실질적 관련성 유무를 합리적으로 판단하여 결정하여야 한다.2 국제사법 제2조 제2항은 “법원은 국내법의 관할 규정을 참작하여 국제재판관할권의 유무를 판단하되, 제1항의 규정의 취지에 비추어 국제재판관할의 특수성을 충분히 고려하여야 한다.”라고 정하고 있다. 따라서 국제재판관할권을 판단할 때 국내법의 관할 규정을 가장 기본적인 판단 기준으로 삼되, 해당 사건의 법적 성격이나 그 밖의 개별적ㆍ구체적 사정을 고려하여 국제재판관할 배분의 이념에 부합하도록 합리적으로 수정할 수 있다.국제재판관할권에 관한 국제사법 제2조는 가사사건에도 마찬가지로 적용된다. 따라서 가사사건에 대하여 대한민국 법원이 재판관할권을 가지려면 대한민국이 해당 사건의 당사자 또는 분쟁이 된 사안과 실질적 관련이 있어야 한다. 그런데 가사사건은 일반 민사사건과 달리 공동생활의 근간이 되는 가족과 친족이라는 신분관계에 관한 사건이거나 신분관계와 밀접하게 관련된 재산, 권리, 그 밖의 법률관계에 관한 사건으로서 사회생활의 기본토대에 중대한 영향을 미친다. 가사사건에서는 피고의 방어권 보장뿐만 아니라 해당 쟁점에 대한 재판의 적정과 능률, 당사자의 정당한 이익 보호, 가족제도와 사회질서의 유지 등 공적 가치를 가지는 요소도 고려할 필요가 있다. 따라서 가사사건에서 ‘실질적 관련의 유무’는 국내법의 관할 규정뿐만 아니라 당사자의 국적이나 주소 또는 상거소(常居所), 분쟁의 원인이 되는 사실관계가 이루어진 장소(예를 들어 혼인의 취소나 이혼 사유가 발생한 장소, 자녀의 양육권이 문제 되는 경우 자녀가 생활하는 곳, 재산분할이 주요 쟁점인 경우 해당 재산의 소재지 등), 해당 사건에 적용되는 준거법, 사건 관련 자료(증인이나 물적 증거, 준거법 해석과 적용을 위한 자료, 그 밖의 소송자료 등) 수집의 용이성, 당사자들 소송 수행의 편의와 권익보호의 필요성, 판결의 실효성 등을 종합적으로 고려하여 판단하여야 한다.3 재판상 이혼과 같은 혼인관계를 다투는 사건에서 대한민국에 당사자들의 국적이나 주소가 없어 대한민국 법원에 국내법의 관할 규정에 따른 관할이 인정되기 어려운 경우라도 이혼청구의 주요 원인이 된 사실관계가 대한민국에서 형성되었고(부부의 국적이나 주소가 해외에 있더라도 부부의 한쪽이 대한민국에 상당 기간 체류함으로써 부부의 별거상태가 형성되는 경우 등) 이혼과 함께 청구된 재산분할사건에서 대한민국에 있는 재산이 재산분할대상인지 여부가 첨예하게 다투어지고 있다면, 피고의 예측가능성, 당사자의 권리구제, 해당 쟁점의 심리 편의와 판결의 실효성 차원에서 대한민국과 해당 사안 간의 실질적 관련성을 인정할 여지가 크다.","원고, 피상고인 원고 (소송대리인 법무법인 숭인 담당변호사 양소영 외 1인)피고, 상고인 피고 (소송대리인 법무법인 서우 담당변호사 고대현 외 1인)원심판결 서울고법 2017. 7. 11. 선고 2016르22226 판결주    문상고를 기각한다.  상고비용은 피고가 부담한다.이    유상고이유를 판단한다.1. 가사사건에서 국제재판관할권의 존부  가. 쟁점  원고는 피고를 상대로 피고가 국적국인 캐나다가 아닌 대한민국에 머물면서 원고와 1년 이상 별거하여 원고를 악의로 유기하고 종전 혼인관계와 재산의 사용에 관하여 기망하는 등 정신적 고통을 입혔다는 이유로 이혼을 청구함과 함께 그에 따른 위자료와 재산분할을 청구하고 있다. 원심은 대한민국 법원에 재판관할권이 있다는 전제에서 원고의 이혼청구를 받아들이고 재산분할을 명하되 위자료청구는 기각하였다. 피고는 상고이유에서 이 사건은 캐나다 법원에서 판단하는 것이 타당하고 대한민국 법원에 재판관할권이 없다고 주장한다.  이 사건의 주된 쟁점은 원피고의 국적과 주소지가 모두 캐나다인 이 사건에 대하여 대한민국 법원이 국제재판관할권을 가지는지 여부이다.  나. 가사사건에서 국제재판관할권에 관한 판단 기준국제사법 제2조 제1항은 “법원은 당사자 또는 분쟁이 된 사안이 대한민국과 실질적 관련이 있는 경우에 국제재판관할권을 가진다. 이 경우 법원은 실질적 관련의 유무를 판단함에 있어 국제재판관할 배분의 이념에 부합하는 합리적인 원칙에 따라야 한다.”라고 정하고 있다. ‘실질적 관련’은 대한민국 법원이 재판관할권을 행사하는 것을 정당화할 정도로 당사자 또는 분쟁이 된 사안과 관련성이 있는 것을 뜻한다. 이를 판단할 때에는 당사자의 공평, 재판의 적정, 신속과 경제 등 국제재판관할 배분의 이념에 부합하는 합리적인 원칙에 따라야 한다. 구체적으로는 당사자의 공평, 편의, 예측가능성과 같은 개인적인 이익뿐만 아니라, 재판의 적정, 신속, 효율, 판결의 실효성과 같은 법원이나 국가의 이익도 함께 고려하여야 한다. 이처럼 다양한 국제재판관할의 이익 중 어떠한 이익을 보호할 필요가 있는지는 개별 사건에서 실질적 관련성 유무를 합리적으로 판단하여 결정하여야 한다(대법원 2005. 1. 27. 선고 2002다59788 판결, 대법원 2008. 5. 29. 선고 2006다71908, 71915 판결, 대법원 2019. 6. 13. 선고 2016다33752 판결 참조).국제사법 제2조 제2항은 “법원은 국내법의 관할 규정을 참작하여 국제재판관할권의 유무를 판단하되, 제1항의 규정의 취지에 비추어 국제재판관할의 특수성을 충분히 고려하여야 한다.”라고 정하고 있다. 따라서 국제재판관할권을 판단할 때 국내법의 관할 규정을 가장 기본적인 판단 기준으로 삼되, 해당 사건의 법적 성격이나 그 밖의 개별적ㆍ구체적 사정을 고려하여 국제재판관할 배분의 이념에 부합하도록 합리적으로 수정할 수 있다(위 대법원 2016다33752 판결 참조).국제재판관할권에 관한 국제사법 제2조는 가사사건에도 마찬가지로 적용된다. 따라서 가사사건에 대하여 대한민국 법원이 재판관할권을 가지려면 대한민국이 해당 사건의 당사자 또는 분쟁이 된 사안과 실질적 관련이 있어야 한다(대법원 2014. 5. 16. 선고 2013므1196 판결 참조). 그런데 가사사건은 일반 민사사건과 달리 공동생활의 근간이 되는 가족과 친족이라는 신분관계에 관한 사건이거나 신분관계와 밀접하게 관련된 재산, 권리, 그 밖의 법률관계에 관한 사건으로서 사회생활의 기본토대에 중대한 영향을 미친다. 가사사건에서는 피고의 방어권 보장뿐만 아니라 해당 쟁점에 대한 재판의 적정과 능률, 당사자의 정당한 이익 보호, 가족제도와 사회질서의 유지 등 공적 가치를 가지는 요소도 고려할 필요가 있다. 따라서 가사사건에서 ‘실질적 관련의 유무’는 국내법의 관할 규정뿐만 아니라 당사자의 국적이나 주소 또는 상거소(常居所), 분쟁의 원인이 되는 사실관계가 이루어진 장소(예를 들어 혼인의 취소나 이혼 사유가 발생한 장소, 자녀의 양육권이 문제 되는 경우 자녀가 생활하는 곳, 재산분할이 주요 쟁점인 경우 해당 재산의 소재지 등), 해당 사건에 적용되는 준거법, 사건 관련 자료(증인이나 물적 증거, 준거법 해석과 적용을 위한 자료, 그 밖의 소송자료 등) 수집의 용이성, 당사자들 소송 수행의 편의와 권익보호의 필요성, 판결의 실효성 등을 종합적으로 고려하여 판단하여야 한다.  가사소송법은 피고의 보통재판적이 있는 곳의 가정법원이 가사소송을 관할하는 것을 원칙으로 정하되(제13조 제1항), 혼인관계소송의 관할에 관한 특별규정(제22조)을 두고 있다. 이에 따르면 재판상 이혼의 소는 부부가 같은 가정법원의 관할 구역 내에 보통재판적이 있을 때에는 그 가정법원, 부부가 마지막으로 같은 주소지를 가졌던 가정법원의 관할 구역 내에 부부 중 어느 한쪽의 보통재판적이 있을 때에는 그 가정법원의 전속관할이 인정되고, 이에 해당하지 않는 경우에 상대방의 보통재판적이 있는 곳의 가정법원이 관할법원이 된다. 재판상 이혼에 따른 재산분할청구에 대해서는 상대방의 보통재판적이 있는 곳의 가정법원이 관할한다(제46조). 청구의 원인이 동일한 사실관계에 기초하거나 1개의 청구의 당부가 다른 청구의 당부의 전제가 되는 경우에는 이를 1개의 소로 제기할 수 있고, 가사소송사건과 가사비송사건이 다른 가정법원에 계속된 경우에는 가사소송사건의 수소법원이 가사비송사건을 병합할 수 있도록 하고 있다(제14조 제1항). 가사소송법에서 이와 같은 관할 규정을 둔 주된 취지는 부부의 공동생활이 이루어진 곳을 중심으로 혼인관계소송의 전속관할을 삼되, 피고의 응소 편의와 법원 심리의 효율성을 고려하여 당사자 간의 공평을 꾀하고 소송경제를 도모하기 위한 것이다.  이러한 국내법의 관할 규정을 참작할 때 재판상 이혼과 같은 혼인관계를 다투는 사건에서 대한민국에 당사자들의 국적이나 주소가 없어 대한민국 법원에 국내법의 관할 규정에 따른 관할이 인정되기 어려운 경우라도 이혼청구의 주요 원인이 된 사실관계가 대한민국에서 형성되었고(부부의 국적이나 주소가 해외에 있더라도 부부의 한 쪽이 대한민국에 상당 기간 체류함으로써 부부의 별거상태가 형성되는 경우 등) 이혼과 함께 청구된 재산분할사건에서 대한민국에 있는 재산이 재산분할대상인지 여부가 첨예하게 다투어지고 있다면, 피고의 예측가능성, 당사자의 권리구제, 해당 쟁점의 심리 편의와 판결의 실효성 차원에서 대한민국과 해당 사안 간의 실질적 관련성을 인정할 여지가 크다.나아가 피고가 소장 부본을 적법하게 송달받고 실제 적극적으로 응소하였다면 이러한 사정은 대한민국 법원에 관할권을 인정하는 데 긍정적으로 고려할 수 있다(대법원 2006. 5. 26. 선고 2005므884 판결 참조).  국제재판관할권은 배타적인 것이 아니라 병존할 수도 있다. 다른 나라 법원에 재판관할권이 인정될 수 있다는 이유만으로 대한민국 법원의 재판관할권을 쉽게 부정해서는 안 된다(위 대법원 2016다33752 판결 참조).  다. 사실관계  원심판결 이유와 기록에 따르면 다음 사정을 알 수 있다.   (1) 원고와 피고는 모두 캐나다 국적을 가진 사람으로, 2013. 7. 2. 혼인신고를 하고 캐나다 퀘벡주에서 거주하였다.   (2) 피고는 2013. 11. 11.부터 2013. 12. 17.까지, 2014. 4. 2.부터 2014. 5. 2.까지, 2014. 10. 1.부터 2014. 10. 25.까지, 2014. 11. 5.부터 2015. 5. 22.까지 대한민국에서 체류하다가 캐나다로 돌아갔으나, 2015. 5. 22.부터는 원피고의 주소지가 아닌 캐나다 퀘벡주의 다른 곳에서 거주하였고, 2015. 8. 11. 다시 대한민국에 입국한 이후 이 사건 원심 재판이 진행되는 중에도 대한민국에 거주하였다. 피고는 2013. 11. 22. 서울출입국관리사무소에 당시 소외인(피고와 전남편 사이의 아들)의 주소지인 이 사건 송달장소를 국내거소로 신고하였는데, 서울출입국관리사무소장이 발급한 국내거소 사실증명서에는 체류기간이 2016. 11. 22.까지로 되어 있다.  원고는 2014. 12. 7. 대한민국에 입국하여 피고의 언니들과 여동생, 소외인 등과 어울리는 등 피고와 함께 지내다가 2015. 1. 19. 캐나다로 돌아갔다.  (3) 원고는 2015. 3. 19. 서울가정법원에 피고를 상대로 이혼 등을 청구하는 소를 제기하였다. 원고가 청구한 이혼사유는 대한민국 민법 제840조에 규정된 ‘배우자가 악의로 다른 일방을 유기한 때’(제2호)와 ‘기타 혼인을 계속하기 어려운 중대한 사유가 있을 때’(제6호)였는데, 나중에 이혼청구원인을 캐나다 이혼법 제8조에 규정된 ‘1년 이상의 별거’와 ‘상대방 배우자가 동거생활을 유지할 수 없을 만큼 육체적ㆍ정신적 고통을 가한 경우’로 사실상 변경하였다.  (4) 피고는 2015. 5. 19. 소송대리인을 통하여 피고가 고양시에 거주하고 있다고 하면서 이 사건을 의정부지방법원 고양지원으로 이송해 달라고 신청하였다. 서울가정법원은 2015. 6. 12. 이 사건을 의정부지방법원 고양지원으로 이송하였다.  (5) 제1심법원(의정부지방법원 고양지원)은 2016. 5. 31. 석명준비명령을 통하여 원고와 피고에게 이 사건에 대하여 대한민국 법원에 국제재판관할권이 있는지에 대한 의견을 제시해 달라고 하였다. 피고는 이혼사유의 존부와 재산분할대상 등을 다투면서도 국제재판관할권에 관한 주장을 하지 않았다.   (6) 피고는 원고와 결혼한 이후 대한민국 부산에 있는 아파트(이하 ‘부산 소재 아파트’라 한다)를 피고의 여동생으로부터 매수하고 소외인 명의로 자동차를 구매하였다. 그런데 이 사건 소송에서 피고는 원고가 은퇴한 다음 대한민국에 돌아와 원고와 같이 살기 위하여 원고가 제공한 자금으로 부산 소재 아파트를 구매한 것이라고 주장하였다.  (7) 원고는 2015. 5. 15. 부산 소재 아파트에 대하여 가압류를 하였고, 부산 소재 아파트의 매수와 아파트 담보대출이나 전세권 설정등기 등과 관련하여 피고와 소외인을 사기와 강제집행면탈 혐의로 고소하였다.  라. 이 사건에서 대한민국 법원의 국제재판관할권이 인정되는지 여부  위 사실관계를 위 나.에서 본 법리에 비추어 살펴보면, 이 사건 당사자 또는 분쟁이 된 사안이 대한민국과 실질적 관련이 있어 대한민국 법원은 이 사건에서 국제재판관할권을 가진다고 보아야 한다. 그 이유는 다음과 같다.  (1) 피고는 이 사건 소 제기 전 소외인이 거주하던 고양시 소재 주소를 국내거소로 신고하고 대한민국에서 부동산과 차량을 매수하여 소유ㆍ사용하였으며 이 사건 소 제기 당시에도 위 주소를 거주지로 주장하며 이송신청을 하는 등 대한민국에 생활의 근거를 두고 실제 거주하였다.  (2) 이 사건에서 원고와 피고 사이에 주로 다투어졌던 부분은 이혼사유와 관련하여 피고가 악의적 유기나 기망 등으로 원고에게 정신적 고통을 입히고 원고의 재산을 편취하였는지 여부와 대한민국에 존재하는 피고의 재산이 재산분할의 대상이 되는지 여부이다. 따라서 이 사건 분쟁은 대한민국과 실질적으로 깊은 관련이 있다.  (3) 원고와 피고는 현재 캐나다 국적을 보유하고 있지만 모두 대한민국과 연고가 있다. 특히 피고는 원고와 결혼한 다음에도 수시로 대한민국에 입국하여 머물렀고 대한민국에 있는 부동산을 매수하였으며 대한민국에 아들과 자매가 거주하고 있어 대한민국에서 소송을 하는 데 큰 어려움은 없을 것으로 보인다. 또한 원고가 대한민국에 있는 피고 소유의 부산 소재 아파트 등에 대한 재산분할을 주장하며 해당 부동산을 가압류한 상황에서 대상 재산에 대한 실효성 있는 집행을 위하여 원고가 대한민국 법원에서 재판을 받을 실익이 있다.  (4) 캐나다 국적인 원고가 피고를 상대로 스스로 대한민국 법원에 재판을 받겠다는 의사를 명백히 표시하여 재판을 청구하고 있고, 피고도 대한민국에서 소송대리인을 선임하여 응소하였다. 이 사건에 관하여 상당한 기간 대한민국 법원에서 본안에 관한 실질적인 변론과 심리가 이루어졌다.   (5) 이 사건의 요증사실은 대부분 출입국사실증명, 계약서, 계좌이체 내역 등의 서증을 통해 증명할 수 있어 반드시 캐나다 현지에서 조사할 필요가 있다고 보기 어렵고, 대한민국에서 소송을 하는 것이 피고에게 현저히 불리하다고 볼 수 없다. 반면 이 사건에 관하여 대한민국 법원의 국제재판관할을 부인하여 캐나다 법원에서만 심리해야 한다면 소송경제에 심각하게 반하는 결과를 가져온다.  (6) 준거법은 어느 국가의 실질법 질서에 따라 분쟁을 해결하는 것이 적절한지의 문제인 반면 국제재판관할권은 분쟁이 된 사안에 대하여 당사자의 공평, 재판의 적정, 신속과 경제 등에 비추어 어느 국가의 법원에 재판관할을 인정할 것인지의 문제로서, 이 둘은 서로 다른 이념에 따라 지배된다. 이 사건 법률관계의 준거법이 캐나다 이혼법 또는 캐나다 퀘벡주 민법이더라도 그러한 사정만으로 이 사건 소와 대한민국 법원의 실질적 관련성이 부정되지 않는다.  (7) 국제재판관할권은 배타적인 것이 아니라 병존할 수도 있으므로 설령 이 사건에 대하여 캐나다 법원에 재판관할권이 인정되더라도 그것이 대한민국 법원의 재판관할권을 부정하는 이유가 될 수는 없다.   (8) 요컨대, 원심이 이 사건에 대하여 대한민국 법원의 국제재판관할권이 인정된다는 전제에서 원피고의 이혼과 재산분할 등에 대하여 심리한 것에 상고이유 주장과 같이 국제재판관할권에 관한 법리를 오해하여 판결에 영향을 미친 잘못이 없다.  2. 재산분할에 관한 법리오해 여부 등  원심은 이 사건 재산분할청구에 대하여 대한민국 국제사법 제38조 제1항, 제37조에 따라 원피고의 본국법인 캐나다 퀘벡주 민법을 적용하여 분할대상과 가액을 정한 다음 재산분할의 비율과 방법을 정하였다.  원심판결 이유를 관련 법리와 기록에 비추어 살펴보면, 원심판결에 상고이유 주장과 같이 이혼 시 재산분할의 대상 등에 관한 법리를 오해하거나 논리와 경험의 법칙에 반하여 자유심증주의의 한계를 벗어나 판결에 영향을 미친 잘못이 없다.  3. 결론  피고의 상고는 이유 없어 이를 기각하고 상고비용은 패소자가 부담하도록 하여, 대법관의 일치된 의견으로 주문과 같이 판결한다.대법관 이동원(재판장) 김재형(주심) 민유숙 노태악 "
226643,이혼등,2020드단500409,수원가정법원,"甲과 乙이 각자 전혼에서 낳은 자녀들을 데리고 재혼한 후 甲의 자녀들의 성과 본을 乙의 성과 본으로 변경하고 그에 맞춰 개명도 하였는데, 甲이 乙을 상대로 乙의 甲에 대한 구속, 폭언 등으로 혼인관계가 파탄되었다고 주장하며 이혼을 구한 사안이다.甲이 제출한 증거들만으로는 甲이 주장하는 乙의 甲에 대한 구속, 폭언 등을 인정할 수 없을 뿐만 아니라 부부는 혼인생활의 유지를 위해 최선의 노력을 기울여야 하고 혼인생활 중 장애를 극복하기 위한 노력을 다하여야 하는데 자신의 전혼에서의 자녀들의 성과 본까지 乙의 성과 본으로 옮긴 甲으로서는 더욱 그 역할을 다할 필요가 있는 점, 甲과 乙이 최선의 노력을 다한다면 원만한 부부관계를 되찾게 될 여지가 있는 점 등에 비추어 甲과 乙의 관계가 더 이상 회복될 수 없을 정도로 파탄에 이르렀다고 단정하기 어렵다고 한 사례이다.","원    고 원고 (소송대리인 법무법인 새천년 담당변호사 윤영식)피    고 피고 (소송대리인 법무법인 고운 담당변호사 권혁채 외 10인)변론종결2020. 9. 9.주    문1. 원고의 청구를 모두 기각한다.2. 소송비용은 원고가 부담한다.청구취지원고와 피고는 이혼한다. 피고는 원고에게 위자료로 20,000,000원 및 이에 대하여 이 사건 소장 부본 송달일 다음 날부터 다 갚는 날까지 연 12%의 비율에 의한 돈을 지급하고, 재산분할로 33,278,923원을 지급하라.이    유  1. 인정 사실  가. 원고(재혼임, 전혼에서 1남 1녀를 두었음)와 피고(재혼임, 전혼에서 1녀를 두었음)는 2016년경 (카페명 생략) 카페 모임에서 만나 2017. 2. 13. 혼인신고를 마친 법률상 부부로 슬하에 자녀는 없다.  나. 원고와 피고는 수원에서 자녀들과 함께 신혼살림을 시작했고, 2017. 7.경에는 원고 자녀들의 성과 본을 피고의 성과 본으로 변경하고 그에 맞춰 개명도 하였다.   다. 원고는 혼인생활 중 피고의 강압적인 태도와 원고에 대한 구속, 자녀 양육 방식의 차이, 강압적인 부부관계 등으로 피고에게 상당한 불만을 갖고 있었으나, 피고에게 위와 같은 불만을 명시적으로 표현하지는 않고 참고 넘어가는 일이 많았다.  라. 원고는 2019. 12.경 피고와 아침 식사 문제로 다투었고 그 후 피고와 각방을 사용하다가 자녀들을 데리고 가출하여 목포에 있는 친정집으로 내려갔고, 그 이후 현재까지 원고와 피고는 별거 중이다.  인정 근거 갑 제1 내지 4호증, 가사조사관 작성의 가사조사보고서, 변론 전체의 취지  2. 원고의 이혼 청구에 관한 판단  가. 원고 주장의 요지  피고의 원고에 대한 구속, 폭언, 폭행, 아이들에 대한 차별, 강압적인 부부관계 등으로 혼인관계가 파탄에 이르게 되었으므로 민법 제840조 제3호, 제6호에 의하여 원고와 피고는 이혼하여야 한다.  나. 판단  1) 민법 제840조 제3호의 이혼사유에 관한 판단민법 제840조 제3호 소정의 이혼사유인 ‘배우자 또는 그 직계존속으로부터 심히 부당한 대우를 받았을 때’라고 함은 혼인관계의 지속을 강요하는 것이 가혹하다고 여겨질 정도의 폭행이나 학대 또는 모욕을 받았을 경우를 말한다(대법원 1999. 11. 26. 선고 99므180 판결 등 참조).  살피건대, 원고가 제출한 증거들만으로는 원고가 피고로부터 위와 같은 정도의 부당한 대우를 받았다고 인정하기에 부족하고, 달리 이를 인정할 증거가 없다. 따라서 원고의 위 주장은 받아들이지 아니한다.   2) 민법 제840조 제6호의 이혼사유에 관한 판단민법 제840조 제6호에 규정된 이혼원인인 ‘기타 혼인을 계속하기 어려운 중대한 사유가 있을 때'라 함은 부부간의 애정과 신뢰가 바탕이 되어야 할 혼인의 본질에 상응하는 부부공동생활관계가 회복할 수 없을 정도로 파탄되고 그 혼인생활의 계속을 강제하는 것이 일방 배우자에게 참을 수 없는 고통이 되는 경우를 말한다.  그런데 혼인은 남녀의 애정을 바탕으로 하여 일생의 공동생활을 목적으로 하는 도덕적·풍속적으로 정당시되는 결합으로서 부부 사이에는 동거하며 서로 부양하고 협조하여야 할 의무가 있는 것이므로(민법 제826조 제1항), 혼인생활을 함에 있어서 부부는 애정과 신의 및 인내로써 서로 상대방을 이해하며 보호하여 혼인생활의 유지를 위한 최선의 노력을 기울여야 하는 것이고, 혼인생활 중에 그 장애가 되는 여러 사태에 직면하는 경우가 있다 하더라도 부부는 그러한 장애를 극복하기 위한 노력을 다하여야 한다(대법원 1999. 2. 12. 선고 97므612 판결 참조).   이 사건에 관하여 본다. 원고는 소 제기 이래 현재까지 이혼을 원한다는 의사를 피력하고 있다. 그러나 갈등과 분쟁이 없는 부부는 없고, 모든 부부가 차이를 이겨내고 갈등을 극복하며 살아간다. 원고와 피고의 경우 재혼이고 각자 전혼에서 낳은 자녀들도 있는바, 이 다섯 식구가 함께 차이를 극복하며 살아간다는 것은 매우 어려운 일이고, 이러한 어려움이 있을 것이란 점은 이미 이혼을 경험해 본 원고와 피고는 예상했었던 일이었을 것일 뿐 아니라 당연히 이를 예상했어야 했다. 그렇다고 원고가 피고와의 혼인생활에서 느꼈던 고통이나 갈등을 가볍게 여기는 것은 결코 아니다. 원고는 자살을 시도한 경험이 있을 정도로 혼인생활 중에 고통을 느끼기도 했다. 그럼에도 원고는 자신의 전혼에서의 자녀들의 성과 본까지 피고의 성과 본으로 옮긴 이상 자녀들을 위해서라도 더욱 그 역할을 다할 필요가 있다. 아울러 원고는 혼인과정에서 자신의 감정이나 의사를 표시하는 것을 자제하였고 이로 인해 피고가 원고의 불만이나 고통을 정확히 인식하여 자신의 잘못을 바로잡을 기회가 부족했던 것으로 보이며, 이제라도 피고는 상황을 파악하여 원고와의 혼인관계를 개선하기 위하여 적극적으로 노력하겠다면서 부부상담을 받겠다는 의사를 피력하고 있기도 하다. 그렇다면 앞서 본 인정 사실 및 원고가 제출한 증거들만으로는 (원고가 주장하는 피고의 원고에 대한 구속, 폭언, 폭행, 아이들에 대한 차별, 강압적인 부부관계 등을 인정할 수 없을 뿐 아니라) 원고와 피고의 관계가 더 이상 회복될 수 없을 정도로 파탄에 이르렀다고 단정하기 어렵고, 원고와 피고가 부부간 불화의 원인과 과정을 냉정하게 돌아보고 겸허하게 반성하며 원피고 사이의 애정과 신뢰를 회복하기 위한 최선의 노력을 다한다면 다시금 원만한 부부관계를 되찾게 될 여지가 없는 것도 아니라고 할 것이다. 따라서 원고의 위 주장은 받아들이지 아니한다.   다. 소결론  원고의 이혼 청구는 이유 없다.  3. 원고의 나머지 청구에 관한 판단  원고의 이혼 청구를 받아들일 수 없는 이상 이혼 청구가 인용됨을 전제로 하는 원고의 피고에 대한 위자료 및 재산분할 청구에 관하여 더 나아가 살펴볼 필요 없이 이를 받아들일 수 없다.  4. 결론  그렇다면 원고의 이 사건 청구는 모두 이유 없으므로, 이를 기각하기로 하여 주문과 같이 판결한다.판사 신일수 "
217135,이혼및위자료,2019르372,전주지방법원,내용없음,"원고, 항소인 겸 피항소인 원고(소송대리인 변호사 박민수)피고, 피항소인 겸 항소인 피고(소송대리인 변호사 진현덕)제1심판결 전주지방법원 2019. 7. 9. 선고 2017드단1878 판결변론종결2020. 10. 13.주    문1. 제1심판결 중 재산분할에 관한 부분을 아래 제2항과 같이 변경한다.2. 재산분할로,  가. 피고는 원고에게 별지 목록 기재 부동산에 관하여 이 판결 확정일자 재산분할을 원인으로 한 소유권이전등기절차를 이행하고,   나. 원고는 피고에게 16,000,000원 및 이에 대하여 이 사건 판결 확정일 다음날부터 다 갚는 날까지 연 5%의 비율로 계산한 돈을 지급하라.3. 원고의 위자료 청구 부분에 관한 항소를 기각한다.4. 소송 총비용은 각자 부담한다.청구취지 및 항소취지청구취지원고와 피고는 이혼한다. 피고는 원고에게 위자료로 50,000,000원 및 이에 대하여 이 사건 소장 부본 송달 다음날부터 제1심판결 선고일까지는 연 5%의, 그 다음날부터 다 갚는 날까지 연 12%의 비율로 계산한 돈을 지급하라. 피고는 원고에게 재산분할로, 별지 목록 기재 부동산에 관하여 이 판결 확정일자 재산분할을 원인으로 한 소유권이전등기절차를 이행하고, 178,028,582원 및 이에 대하여 이 판결 확정 다음날부터 다 갚는 날까지 연 12%의 비율로 계산한 돈을 지급하라(원고는 당심에서 위자료 청구를 감축하였고, 재산분할청구 중 원금 부분을 확장하고, 이자 부분을 감축하였다). 항소취지원고: 제1심판결 중 아래에서 추가로 지급을 명하는 금액에 해당하는 원고 패소 부분을 취소한다. 피고는 원고에게 위자료로 43,000,000원 및 이에 대하여 2017. 4. 22.부터 2019. 7. 9.까지는 연 5%, 그 다음날로부터 다 갚는 날까지는 연 12%의 각 비율로 계산한 돈을 지급하라. 피고는 원고에게 재산분할로 102,063,582원 및 이 판결 확정 다음날로부터 다 갚는날까지 연 12%의 비율로 계산한 돈을 지급하라.피고: 제1심판결 중 재산분할에 관한 원고 패소 부분을 취소하고, 그 부분에 해당하는 원고의 청구를 기각한다.이    유1. 이 법의 심판 범위  원고는 이혼, 위자료, 재산분할청구를 하였고, 제1심법원은 이혼 청구를 인용하고, 위자료 및 재산분할청구를 일부 인용하였다. 이에 대하여 원고는 위자료 및 재산분할청구 부분에 관하여 항소하였고, 피고는 재산분할청구 부분에 대해서만 항소하였으므로, 이 법원의 심판 범위는 위자료 및 재산분할 청구로 한정된다.2. 제1심판결의 인용  당심에서의 쌍방 주장은 제1심에서와 크게 다르지 않고, 당사자들이 제출한 증거를 면밀히 살펴보아도 제1심에서의 사실인정과 판단은 재산분할에 관한 부분을 제외하면 정당하다. 따라서 이 법원이 이 사건에 관하여 설시할 이유는 제1심판결문 제2의 다항을 아래 제2항으로 변경하는 이외에는 가사소송법 제12조, 민사소송법 제420조 본문에 의하여 이를 그대로 인용한다.3. 재산분할 청구에 관한 판단  가. 재산분할의 기준 시점  재판상 이혼시의 재산분할에 있어 분할의 대상이 되는 재산과 그 액수는 이혼소송의 사실심 변론종결일을 기준으로 하여 정하여야 할 것이나(대법원 2000. 9. 22. 선고 99므906 판결, 대법원 1996. 12. 23. 선고 95므1192, 1208 판결 등 참조), 부부로서의 공동생활이 사실상 종료한 시점 이후에 일방이 부담한 채무는 달리 특별한 사정이 없는 한 부부로서의 공동생활상 일상가사에 관한 것이라거나 공동재산의 형성, 유지에 수반하여 부담한 채무라고 볼 수는 없으며(대법원 1996. 12. 23. 선고 95므1192, 1208 판결 등 참조), 혼인관계가 파탄된 이후 변론종결일 사이에 생긴 재산관계의 변동이 부부 중 일방에 의한 후발적 사정에 의한 것으로서 혼인 중 공동으로 형성한 재산관계와 무관하다는 등 특별한 사정이 있는 경우에는 그 변동된 재산은 재산분할 대상에서 제외하여야 할 것이다(대법원 2013. 11. 28. 선고 2013므1455, 1462 판결 참조).     따라서 이 사건에서는 원칙적으로 이 사건 변론종결일을 기준으로 분할대상 재산과 그 가액을 정하되, 원고와 피고의 부부로서의 공동생활이 사실상 종료한 시점이라 할 피고가 가출한 2017. 3.경 이후에 원고와 피고가 각 취득한 재산은 특별한 사정이 없는 한 분할대상 재산으로 고려하지 않기로 하고, 금전의 경우 소비나 은닉이 용이하고 기준시점을 달리할 경우 중복합산의 우려가 있으므로 금융자산에 관하여는 제출된 자료 중 파탄시점인 2017. 3.경에 가까운 시점을 기준으로 당사자가 보유하고 있는 금원이 이후에 부부공동생활에 사용되었다는 점에 관한 당사자의 명확한 증명이 없는 한 위 파탄 시점을 기준으로 그 금원이 현존하는 것으로 추정하여 재산분할의 대상 및 가액을 정하기로 한다.   나. 분할 대상 재산 및 가액 : 원고와 피고는 혼인기간 동안 별지 분할재산명세표 기재와 같이 재산을 취득하였다.    1) 원고는, 피고가 망 소외인으로부터 상속받은 정읍시 (주소 1 생략) 지상 건물과 정읍시 (주소 2 생략) 외 2필지 (아파트명, 동/호수 생략) 및 정읍시 (이하 생략)의 각 1/3 지분(이하 ‘각 상속재산’이라 한다)도 피고의 적극재산에 포함되어야 한다고 주장하나, 갑 26 내지 28호증의 각 기재와 변론 전체의 취지에 의하여 인정되는 다음 사정, 즉 위 각 상속재산은 피고가 어머니인 소외인이 2014. 12. 29. 사망함에 따라 상속받은 재산인 점, 원고가 위 각 상속재산의 형성 또는 유지, 감소방지에 어떠한 기여를 하였다고 인정할 만한 자료가 전혀 없는 점 등을 고려하면, 위 각 상속재산은 피고의 특유재산으로 재산분할 대상에서 제외함이 상당하다.    2) 피고는, 피고가 원고와의 혼인관계 파탄 이후 전주시 (주소 3 생략) 토지상에 건물을 신축하였으므로 위 건물은 재산분할 대상에서 제외되어야 한다고 주장하나, 변론 전체의 취지에 비추어 볼 때 위 건물 신축자금은 원고와의 혼인기간 동안 축적된 피고의 재산으로 조달된 것으로 봄이 상당하므로, 피고의 위 주장은 받아들이지 않는다. 다만 을 제1호증의 기재에 의하여 인정되는 2016. 12. 31.자 기준 피고 명의의 국민은행 예금 38,291,000원, 농협중앙회 예금 10,368,000원, 씨티은행 예금 67,900,000원, 신용협동조합중앙회 17,550,000원은 별지 분할재산명세표 피고 적극재산 순번 1번 부동산의 건축에 사용된 것으로 보이므로 2017. 3.경 존재하지 않았던 별지 분할재산명세표 피고 적극재산 순번 1번 부동산을 피고의 적극재산으로 포함시키는 대신, 피고 명의의 위 예금들은 적극재산에서 제외하기로 한다.    3) 피고는, 자녀인 소외 2, 소외 3 명의의 각 금융재산이 원고의 적극재산에 포함되어야 한다고 주장하나, 피고가 제출한 증거들만으로는 소외 2, 소외 3 명의의 각 금융재산을 원고의 적극재산으로 인정하기 어렵고, 달리 이를 인정할 증거가 없으므로, 피고의 위 주장도 받아들이지 않는다.  다. 재산분할의 비율과 방법     1) 재산분할 비율 : 원고 50%, 피고 50%［판단근거］ 원고와 피고의 나이, 직업, 재산, 혼인생활의 과정과 기간, 혼인파탄의 경위, 분할대상 재산의 형성과 유지에 대한 원고와 피고의 기여 정도, 기타 여러 가지 사정 참작    2) 재산분할의 방법 : 원고와 피고가 현재 보유하고 있는 재산 및 그 가액, 재산분할에 관한 원고의 청구취지, 분할대상 재산의 형태와 그 이용 상황 등을 고려하여 피고 소유의 별지 목록 기재 부동산을 원고에게 이전하고, 별지 목록 기재 부동산을 제외하고 원고와 피고가 각자 명의로 보유하고 있는 재산은 각자 그 명의대로 소유권을 귀속시키며, 위 재산분할의 비율에 따라 귀속되어야 할 재산의 가액을 초과하여 보유하고 있는 일방(원고)으로 하여금 상대방(피고)에게 그 차액인 정산금을 현금으로 지급    3) 원고가 피고에게 지급하여야 하는 재산분할금: 원고와 피고의 순재산 1,011,563,000원 중 재산분할 비율에 따른 피고 몫 상당액에서 피고의 순재산을 빼고, 원고에게 이전할 별지 목록 기재 부동산의 가액을 더한 아래 금액을 약간 하회하는 16,000,000원      ◎ 16,339,500원{= 505,781,500원(= 원ㆍ피고의 순재산 1,011,563,000원 × 50%) - 666,942,000원 + 1억 7,750만 원}  라. 따라서 재산분할로, ① 피고는 원고에게 별지 목록 기재 부동산에 관하여 이 사건 판결확정일자 재산분할을 원인으로 한 소유권이전등기절차를 이행하고, ② 원고는 피고에게 16,000,000원 및 이에 대하여 이 사건 판결 확정일 다음날부터 다 갚는 날까지 민법이 정한 연 5%의 비율로 계산한 지연손해금을 지급할 의무가 있다.4. 결론  그렇다면 제1심판결 중 재산분할에 관한 부분은 이와 결론을 달리하여 부당하므로 주문 제2항과 같이 변경하고, 위자료 청구 부분에 관한 원고의 항소는 기각하기로 하여, 주문과 같이 판결한다.  (별지 생략)판사 오재성(재판장) 김범준 이슬아 "
218275,이혼등청구의소,2020므11818,대법원,내용없음,"원고, 피상고인 원고피고, 상고인 피고 (소송대리인 법무법인(유한) 한결 담당변호사 이경우 외 1인)사건본인 사건본인 1 외 1인원심판결 의정부지법 2020. 5. 20. 선고 2020르7124 판결주    문상고를 기각한다.  상고비용은 피고가 부담한다.이    유상고이유를 판단한다.  원심은, 유책배우자의 이혼 청구를 예외적으로 허용할 수 있는지 여부 및 판단 기준에 관한 대법원 2015. 9. 15. 선고 2013므568 전원합의체 판결의 판시를 원용한 다음, 이 사건 혼인은 회복할 수 없이 파탄되었고 피고보다는 원고에게 혼인관계 파탄에 대한 책임이 더 있는 것으로 판단되나, ① 원고와 피고는 혼인기간 중 총 10여 차례에 이를 정도로 협의이혼 절차 또는 이혼소송 절차를 신청 내지 청구하였다가 취하하는 행위를 반복하는 등 더 이상 부부간의 문제를 상호 원만하게 해결할 수 없는 상황에 이르러 정상적인 부부관계의 회복이 불가능한 것으로 보이는 점, ② 원고와 피고는 이 사건 소송 계속 중에도 상호 간은 물론 피고의 원고 어머니에 대한 폭언 등을 이유로 지속적으로 갈등하였고, 사건본인들을 양육하던 피고는 2019. 10.경부터 원고의 면접교섭 요구를 거부하였으며 제1심부터 원심에 이르기까지 양육환경조사는 물론 부부관계의 회복을 위한 부부상담이 제대로 이루어지지 않고 있는바, 원고와 피고 사이의 분쟁이 부부의 문제를 넘어 사건본인들의 정서에 악영향을 주는 등 사건본인들의 복리를 심각하게 저해하고 있는 것으로 보이는 점, ③ 결국 상호 간에 애정이나 존중 등이 없는 형식적인 혼인관계를 유지하는 것은 원고와 피고 사이의 문제를 해결하기보다 새로운 문제의 원인이 되거나 동일한 문제가 계속되어 쌍방에게 크나큰 고통이 될 수밖에 없어 보이는 점 등 여러 사정들을 종합하면, 유책배우자인 원고의 피고에 대한 이혼 청구를 허용하여도 혼인과 가족제도를 형해화할 우려가 없고, 사회의 도덕관ㆍ윤리관에도 반하지 아니한다고 판단하여 유책배우자인 원고의 이혼 청구를 인용하였다.  관련 법리에 따라 기록을 살펴보면, 피고가 혼인관계를 회복하기 위한 노력을 기울이지 않으며, 혼인관계 지속이 미성년자녀의 복지를 해한다고 볼 만한 사정까지 존재하는 이 사건에서, 유책배우자인 원고의 이혼 청구를 허용할 특별한 사정을 인정한 원심의 판단에 상고이유 주장과 같이 논리와 경험의 법칙을 위반하여 자유심증주의의 한계를 벗어나거나 민법 제840조 제6호, 유책배우자의 이혼 청구 등에 관한 법리오해, 심리미진, 부부상담 및 양육환경조사 절차 진행에 있어서의 설명과 고지의무 위반, 자유재량의 한계 일탈 등의 잘못이 없다.  그러므로 상고를 기각하고 상고비용은 패소자가 부담하기로 하여, 관여 대법관의 일치된 의견으로 주문과 같이 판결한다.대법관 노태악(재판장) 김재형 민유숙(주심) 이동원 "
226569,이혼 및 위자료,2020르5976,대구가정법원,내용없음,"원고, 항소인 원고 (소송대리인 변호사 권오훈)피고, 피항소인 피고제1심판결 대구가정법원 2020. 6. 2. 선고 2019드단104046 판결변론종결2020. 9. 17.주    문1. 원고의 항소를 기각한다.2. 항소비용은 원고가 부담한다.청구취지 및 항소취지제1심 판결을 취소한다. 원고와 피고는 이혼한다. 피고는 원고에게 위자료로 10,000,000원 및 이에 대하여 이 사건 소장 부본 송달일 다음날부터 2019. 5. 31.까지는 연 15%의, 그 다음날부터 다 갚는 날까지는 연 12%의 각 비율로 계산한 돈을 지급하라.이    유1. 인정사실  가. 원고와 피고는 2016. 10.경 베트남에서 만나 결혼을 약속하였고, 2017. 8. 17. 혼인신고를 마치고 2017. 10.경부터 동거하였으며, 그 사이에 자녀는 두지 않았다.  나. 원고와 피고는 2018. 5.경 원고가 휴대전화 조립회사의 생산직으로 취업한 이후 원고의 잦은 외출이나 귀가시간 문제로 자주 다투었고, 2019. 3. 14.에는 협의이혼을 하는 문제로 다투다가 피고가 원고를 폭행하여 상해를 입혔다.  다. 원고는 위 폭행을 계기로 집을 나와 현재까지 귀가하지 않고 있다.인정근거 갑 제1호증의 1, 2, 갑 제2호증의 1, 2, 3, 갑 제3, 7호증의 각 기재 및 영상, 제1심 법원 가사조사관의 가사조사보고서, 변론 전체의 취지2. 이혼 청구에 대한 판결  가. 원고 주장의 요지    원고는 피고가 혼인기간 상습적으로 원고를 폭행하였고, 원고가 2019. 3. 14. 피고의 폭행으로 인하여 언니 집으로 피신하면서 별거에 이르렀을 뿐 가출한 것이 아니며, 별거 이후 20개월 동안 피고와 연락하지 않는 등 혼인관계가 파탄에 이르렀으므로 민법 제840조 제3, 6호의 이혼사유가 있다는 취지로 주장한다.  나. 판단     앞서 든 각 증거에 의하면, 피고가 2018. 2.경 원고와 부부싸움을 한 뒤 원고로부터 ‘이혼하자’는 문자메시지를 받고 화가 나 원고의 뺨을 때려 폭행한 사실, 원고와 피고가 2019. 3. 14. 원고의 귀가시간 문제로 그 전날부터 다투던 중 협의이혼을 위해 대구지방법원 경산시법원에 협의이혼신청서를 제출하고 돌아왔으나, 피고가 이혼하지 말자고 하면서 재차 다투는 과정에서 원고의 머리와 배 부위를 때려 2주간의 치료를 요하는 상해를 입힌 사실, 피고가 2019. 10. 31. 대구지방법원 2019고정768호로 2019. 3. 13.자 폭행 및 2019. 3. 14.자 상해와 특수협박 등을 이유로 벌금 500만 원을 선고받았고, 피고의 항소로 그 항소심이 계속 중인 사실 등은 인정된다.     그러나 같은 증거에 변론 전체의 취지를 종합하여 인정되는 다음과 같은 사정들 즉, ① 원고와 피고가 2018. 2.경의 폭행 이후 원고 사촌언니의 중재로 화해하였고, 2018. 4. 22. 결혼식을 올리기도 한 점, ② 그런데 원고가 2018. 5.경 휴대전화 조립회사의 생산직으로 취업하여 같은 국적의 직장동료들과 친분을 쌓게 되면서 피고와 약속한 귀가시간을 계속하여 어겼고, 이로 인해 원고와 피고 사이의 갈등이 끊이지 않게 된 점, ③ 원고가 피고로부터 잦은 외출, 귀가시간 또는 외박 장소에 관하여 지속적인 지적을 받으면서도 부부 일방으로서 혼인관계 유지에 책임감을 가지고 자신의 행동을 개선하려고 노력하기 보다는 피고에게 일방적인 이해를 구하거나 이혼을 요구하는 방법으로 대응함으로써 갈등을 격화시킨 것으로 보이는 점 등에 비추어 보면, 앞서 살펴 본 피고의 폭행은 원고의 잘못으로 유발된 부부싸움 중 일시적, 우발적으로 감정이 악화되어 발생한 것으로 보이는바, 이를 들어 원고가 혼인기간 중 피고로부터 혼인의 지속을 강요하는 것이 가혹할 정도의 폭행이나 학대를 받아온 것이라고 인정하기에 부족하고, 달리 이를 인정할 만한 증거가 없다.    또한 원고는 피고의 잘못으로 혼인관계가 파탄되었다고 주장하면서 이혼의사를 밝히고 있으나, 원고와 피고가 별거하게 된 원인을 피고의 탓으로만 돌리기 어려울 뿐만 아니라 피고는 원고의 가출 이후부터 이 사건 소송 과정에 이르기까지 일관되게 원고와의 이혼을 원하지 않는다는 의사를 밝히고 있는 점 등에 비추어 보면, 원고와 피고의 혼인관계가 더 이상 회복될 수 없을 정도로 파탄에 이르렀다고 단정하기도 어렵다.    따라서 원고의 위 주장은 모두 이유 없다.3. 위자료 청구에 대한 판단  원고는 피고의 귀책으로 혼인관계가 파탄되었음을 이유로 위자료의 지급도 구하고 있으나, 앞서 본 바와 같이 원고의 이혼 청구가 이유 없다고 판단되는 이상, 이혼을 전제로 한 위자료 청구는 더 나아가 살필 필요 없이 이유 없다. 4. 결론  그렇다면, 이 사건 청구는 이유 없어 이를 모두 기각하여야 할 것인바, 제1심 판결은 이와 결론을 같이 하여 정당하므로, 원고의 항소는 이유 없어 이를 기각하기로 하여 주문과 같이 판결한다.판사 이상균(재판장) 김유경 김대현 "
223477,이혼등,2019드단105293,인천가정법원부천지원,내용없음,"원    고 원고 (소송대리인 법무법인 에스에이치 담당변호사 임성욱 외 2인)피    고 피고 (소송대리인 변호사 이우만)사건본인 사건본인변론종결2020. 7. 15.주    문  1. 원고의 청구를 기각한다.  2. 소송비용은 원고가 부담한다. 청구취지  원고와 피고는 이혼한다. 피고는 원고에게 위자료로 30,000,000원 및 이에 대하여 이 사건 소장 부본 송달일 다음날부터 다 갚는 날까지 연 12%의 비율로 계산한 돈을 지급하라. 사건본인의 친권자 및 양육자로 피고를 지정한다. 이    유1. 기초사실  가. 원고와 피고는 2010. 3. 25. 혼인신고를 마친 법률상 부부로서 슬하에 사건본인을 두고 있다.  나. 원고는 2009. 11.경 증권회사에서 근무하던 중 인턴으로 입사한 피고를 만나 3개월간의 짧은 교제 중에 피고가 2010. 3.경 사건본인을 임신하여 2010. 3. 25. 혼인신고를 먼저 한 후 2010. 5.경 결혼식을 올렸다. 혼인기간 중에 원고는 직장생활을 하고, 피고는 임신 이후 퇴사하여 가사 및 사건본인의 양육을 담당해 왔다.  다. 원고와 피고는, 2011년경 시댁과의 관계 문제 등으로 갈등하다 부부 상담을 받기도 하였고, 2013년경에는 피고가 상견례 과정에서 부모님의 이혼 사실을 숨기고 피고의 어머니와 동거하던 남자를 아버지라고 소개했던 사실을 원고가 알게 되어 원고가 피고에게 이혼을 요구하였다가, 피고와 피고 가족들이 사과하기도 하는 등 크고 작은 다툼이 있어 왔다.  라. 원고는 2016. 4.경부터 피고에게 별거와 이혼을 요구하였고 피고가 이에 반대하자 원고가 2016. 5.말경부터 집을 나가 따로 살고 있다.   마. 원고는 2016. 6. 13. 피고를 상대로 이혼 및 위자료의 지급을 구하는 소를 제기하였다(인천가정법원 부천지원 (사건번호 생략), 이하 ‘종전 이혼소송’이라 한다). 원고와 피고는 종전 이혼소송에서 가사조사 및 부부 상담을 진행하였으나 합의에 이르지 못하였다.   사. 종전 이혼소송의 제1심은 2017. 7. 5. ‘원고와 피고가 혼인관계 중에 시댁과의 관계, 피고의 가족과 관련된 문제들, 원고와 피고의 성격차이 등을 이유로 분쟁이 있어 온 점은 인정되나, 이러한 사정만으로는 민법 제840조 제4, 6호의 사유에 해당한다고 볼 수 없고, 그밖에 이를 인정할 만한 증거가 없고 오히려 원고가 직장동료인 소외인과 부정한 관계에 있다고 의심할 만한 사정이 있음에도 원고가 적극적으로 피고의 의심을 해소하려고 노력하거나 피고에게 사과하는 등의 태도를 보이지 않고 오히려 일방적으로 집에서 나가고 상의도 없이 직장에서 퇴사하면서 피고와 관계를 단절하려고 하는 원고의 잘못이 혼인관계 파탄에 더 큰 책임이 있다’는 이유로 원고의 청구를 기각하는 판결을 선고하였다.  아. 원고는 위 판결 확정 이후에도 집으로 돌아가지 아니하고 별거 상태를 유지하다가 2019. 9. 5. 이 사건 소를 제기하였다.  인정근거 갑 제1 내지 4호증(가지번호 있는 것은 가지번호 포함, 이하 같다), 을 제1 내지 3호증의 각 기재, 변론 전체의 취지2. 이혼 청구에 관한 판단  가. 원고는 종전 이혼소송에서 주장한 바 있는 사유들(피고가 시부모와 교류를 거절하는 등의 부당한 대우를 한 점, 피고가 혼인과정에서 피고의 가족관계에 대해 거짓말을 한 점, 수입에 맞지 않게 과소비를 한 점 등)로 원고와 피고 사이의 혼인관계가 파탄되었으므로, 원고와 피고는 이혼하여야 한다고 주장한다.  살피건대 앞서 본 바와 같이 원고가 이미 피고를 상대로 원고의 위 주장과 동일한 사유에 근거한 이혼소송을 제기하였다가 원고의 청구를 기각한다는 판결이 확정된 이상, 기판력의 법리에 따라, 위 확정판결의 사실심 변론종결일 이전까지의 위 사유에 근거한 이혼청구는 받아들일 수 없으므로, 위 시점 이전까지의 원고 주장의 이혼사유에 대해서는 더 나아가 살필 필요 없이 이유 없다.  나. 나아가 원고가 제출한 증거들만으로는 위 시점 이후에 피고의 책임 있는 사유로 인하여 원고와 피고의 혼인관계가 더 이상 회복할 수 없을 정도로 파탄되었다는 점을 인정하기에 부족하고, 달리 이를 인정할 증거가 없다.   더구나 위 인정 사실과 위 각 증거에 나타난 다음과 같은 사정, 즉 원고는 종전 이혼소송에서 혼인파탄의 책임이 자신에게 있음이 확정되었음에도, 여전히 가정으로 돌아가지 아니한 채 피고와의 혼인관계 개선을 위한 아무런 노력도 하지 않다가 판결이 선고된 후 2년 만에 다시 동일한 내용의 소를 제기하면서 이혼을 요구하고 있는 점, 피고가 여전히 원고가 가정으로 돌아오기만을 바라면서 이혼의사가 절대로 없음을 피력하고 있는 점 등에 비추어 보면, 비록 원고가 피고와의 혼인관계가 유지됨으로 인해 정신적, 육체적 고통을 받고 있고, 사실상 피고와의 혼인관계가 이미 파탄에 이르렀다고 하더라도, 이러한 사정만으로는 예외적으로 유책배우자의 이혼청구가 허용되는, 혼인생활의 파탄에 대한 유책성이 그 이혼청구를 배척해야 할 정도로 남아 있지 아니한 특별한 사정이 있는 경우(대법원 2015. 9. 15. 선고 2013므568 전원합의체 판결 참조)에 해당된다고 보기도 어렵다. 뿐만 아니라 변론 전체의 취지에 의하여 인정되는 피고의 태도에 비추어 보면, 피고가 혼인을 계속할 의사가 없음이 명백함에도 오기나 보복적 감정에서 원고의 이혼 청구에 응하지 아니하고 있다고 보기도 어렵다.   따라서 원고의 주장은 이유 없다. 3. 원고의 위자료, 친권자 및 양육자 지정 청구에 관한 판단  원고는 피고와의 이혼을 전제로 추가로 위자료 및 사건본인에 대한 친권자 및 양육자 지정 청구를 하고 있으나, 원고의 이혼 청구가 인정되지 않는 이상 이를 전제로 한 위 각 청구는 나아가 살필 필요 없이 이유 없다. 4. 결론  그렇다면 원고의 이 사건 청구는 이유 없으므로 기각하기로 하여 주문과 같이 판결한다.    판사 윤아영 "
226431,이혼등·이혼등,2018드합200795,부산가정법원,"  甲이 乙을 상대로 이혼을 청구하면서 원상회복으로 甲이 乙과 乙의 부모 등에게 지급한 예물과 현금 등의 반환 및 재산상 손해배상으로 신혼집 인테리어 비용 등의 지급을 구한 사안이다.  甲과 乙이 혼인신고를 한 후 약 10개월 만에 별거에 이르게 되었고, 乙이 타 지역에서 공보의로 근무하여 甲과 乙이 혼인기간 중 주말부부로 생활한 사실 등이 인정되나, 甲과 乙은 양가 부모를 비롯한 하객들 앞에서 결혼식을 올리고 혼인신고를 한 점, 비록 乙의 병역 문제로 주말부부 생활을 하였으나 신혼집을 임차하여 함께 생활하였던 점, 甲과 乙은 결혼 직후 자녀를 잉태하여 출산한 점과 함께 甲과 乙의 혼인생활의 내용 등을 종합하여 보면, 甲과 乙의 혼인관계가 부부공동체로서 의미 있는 혼인생활을 하였다고 인정할 수 없을 만큼 단기간에 파탄되거나 당초부터 혼인을 계속할 의사가 없어 그로 인하여 혼인의 파국을 초래하였다고 인정되는 등 신의칙 내지 형평의 원칙에 비추어 혼인 불성립에 준하여 처리함이 타당한 경우라고 인정할 수 없다는 이유로 甲의 원상회복청구 및 손해배상청구를 기각한 사례이다.","원고(반소피고) 원고(반소피고) (소송대리인 법무법인 청률 담당변호사 노태홍 외 2인)피고(반소원고) 피고(반소원고) (소송대리인 변호사 변경민)사건본인 사건본인변론종결2020. 5. 28.주    문  1. 본소 및 반소에 의하여, 원고(반소피고)와 피고(반소원고)는 이혼한다.  2. 원고(반소피고)의 본소 주위적 원상회복청구 및 손해배상청구, 피고(반소원고)의 반소 위자료청구를 각 기각한다.  3. 피고(반소원고)는 원고(반소피고)에게 재산분할로 22,347,000원 및 이에 대하여 이 판결 확정일 다음 날부터 다 갚는 날까지 연 5%의 비율로 계산한 돈을 지급하라.  4. 사건본인의 친권자 및 양육자로 원고(반소피고)를 지정한다.  5. 피고(반소원고)는 원고(반소피고)에게 사건본인의 양육비로 2020. 7. 10.부터 2036. 7. 7.까지 월 1,000,000원씩을 매월 말일에 지급하라.   6. 피고(반소원고)는 사건본인이 성년에 이를 때까지 다음과 같이 사건본인을 면접교섭할 수 있다. 원고(반소피고)는 위 면접교섭에 적극 협조하여야 하며, 이를 방해하여서는 아니 된다.   가. 일시  1) 매월 둘째, 넷째 주 토요일 14:00부터 다음 날 17:00까지   2) 여름 및 겨울방학 기간 각 4박 5일   나. 방법: 피고(반소원고)가 사건본인의 주거지 또는 원고(반소피고)와 협의한 장소에 사건본인을 데리러 가고, 피고(반소원고)의 주거지 또는 피고(반소원고)가 책임질 수 있는 장소에서 면접교섭을 한 후 사건본인을 다시 데려다주는 방법.   다. 원고(반소피고)와 피고(반소원고)는 사전에 협의하여 면접교섭의 일정, 장소, 방법을 변경할 수 있고, 사건본인의 복리를 최대한 존중하여 면접교섭을 실시한다. 사건본인의 인수인계에 참여할 수 있는 사람은 원고(반소피고)와 피고(반소원고)로 국한한다.  라. 원고(반소피고)는 매주 토요일 피고(반소원고)의 휴대폰으로 사건본인의 얼굴과 전신이 명확하게 나온 사진 10장과 사건본인의 매주 생활 모습을 담은 20초 이상의 재생시간을 가진 동영상 1개를 각 전송하고, 피고(반소원고)는 매주 1회 사건본인과 5분간의 영상통화를 할 수 있다.   7. 소송비용은 본소와 반소를 합하여 그중 3/5은 원고(반소피고)가, 나머지는 피고(반소원고)가 각 부담한다.   8. 제5항은 가집행할 수 있다. 청구취지  ○ 본소: 주문 제1, 4항 및 피고(반소원고, 이하 ‘피고’라 한다)는 원고(반소피고, 이하 ‘원고’라 한다)에게, 주위적으로 원상회복으로 별지 1 목록 기재 물건 및 46,000,000원을 지급하고, 예비적으로 재산분할로 67,549,220원 및 이에 대하여 이 판결 확정일 다음 날부터 다 갚는 날까지 연 5%의 비율로 계산한 돈을 지급하라. 피고는 원고에게 손해배상으로 172,226,155원 및 이에 대하여 이 사건 2020. 3. 31.자 청구취지 및 청구원인 변경신청서 송달일 다음 날부터 다 갚는 날까지 연 12%의 비율로 계산한 돈을 지급하라. 피고는 원고에게, 사건본인의 과거양육비로 14,900,000원을 지급하고, 사건본인의 장래양육비로 2019. 9. 25.부터 사건본인이 성년이 되는 날까지 월 1,000,000원씩을 매월 말일에 지급하라.  ○ 반소: 주문 제1항 및 원고는 피고에게 위자료로 30,000,000원 및 이에 대하여 이 사건 반소장 부본 송달일 다음 날부터 다 갚는 날까지 연 15%의 비율로 계산한 돈을 지급하라. 사건본인의 친권자 및 양육자로 피고를 지정한다. 원고는 피고에게 사건본인의 양육비로 이 사건 반소장 부본 송달일 다음 날부터 2036. 7. 7.까지 월 800,000원씩을 매월 말일에 지급하라. 이    유  본소, 반소를 함께 본다.  1. 인정 사실  가. 원고와 피고는 2016. 10. 11. 혼인신고를 마친 법률상 부부로서, 그 사이의 자녀로 미성년자인 사건본인을 두고 있다.   나. 피고는 2016. 9.경부터 2017. 4.경까지 전라 지역에서 공보의로 근무하면서 격주로 원고가 있는 부산을 왕래하였고, 2017. 4.경부터 2017. 5.경까지 ○○보건지소에서 근무하였다.   다. 피고는 2017. 4.경 원고에게 하버드 의과대학 국제보건 관련 석사과정 프로그램으로 유학을 가고 싶다는 의사를 밝혔으나, 원고는 유학비가 지나치게 많이 들고 원고가 부모님과 함께 운영하는 △△△△△△재단에서 근무하고 있으므로 함께 갈 수 없다며 유학을 반대하여 갈등이 시작되었다.  라. 원고는 2017. 7. 8. 사건본인을 출산하였다. 원고는 산후조리원에서 나온 이후 친정에서 산후조리를 하였고, 피고도 원고의 친정을 자주 방문하였다.   마. 피고는 2017. 8. 1.경 원고의 어머니가 자신을 구박하고 하대한다고 생각하고 원고의 어머니에게 ‘말씀하시는 것이 너무 기분이 나쁜데 담판을 지어야겠다’고 말하며 불만을 이야기하였고, 원고의 어머니도 피고에게 화를 내기 시작하여 언성이 높아졌다.   바. 그 후 피고는 더 이상 원고의 친정을 방문하지 않았고, 원고는 그 무렵부터 현재까지 친정에서 사건본인과 생활하고 있다.  사. 피고는 2017. 8. 4. 원고에게 마.항 기재 일과 관련해 “내가 아무리 그날 무척 화가 났었다고 해서, 그렇게 언행한 것은 나의 잘못입니다.”라는 내용의 카카오톡 메시지를 보냈고, 2017. 9. 11. 원고의 어머니에게 “어머님의 말씀을 공손하게 경청해서 수용하지 못하고, 어머님께 언성을 높이고 화를 낸 점 진심으로 잘못했습니다. 용서를 바랍니다.”라는 내용의 문자메시지를 보냈다.   아. 원고와 피고는 2017. 10.경 각각의 부모님과 사건본인의 백일잔치를 따로 치렀다.   자. 원고는 2017. 12.경 피고에게 “올해가 가기 전에 협의이혼하자. 절차라든지 양육비는 내가 알아볼게.”, “지난 5개월간 수도 없이 고민하고 고민해서 내린 결정이야. 번복하고 싶지 않고, 더 이상의 대화는 불가야. (중략) 유감스럽게도 ○○이는 당신의 아들로 남아있을지언정 난 당신의 아내로 절대 남고 싶지 않아.”라는 카카오톡 메시지를 보냈다.   차. 원고는 2018. 2. 12. 이 사건 본소를, 피고는 2018. 11. 2. 이 사건 반소를 각 제기하였다.   인정 근거 갑 제1, 9 내지 13, 15 내지 33, 35 내지 39, 43 내지 51호증, 을 제1 내지 76호증(각 가지번호 있는 것은 가지번호 포함, 이하 같다)의 각 기재, 가사조사관보고서, 변론 전체의 취지   2. 이혼 및 위자료청구에 관한 판단  가. 본소 및 반소 이혼 청구: 각 민법 제840조 제6호의 사유로 이유 있음.  나. 본소 및 반소 위자료청구: 각 이유 없음.   판단 근거  ① 혼인관계 파탄 인정: 위 인정 사실에 더하여 원고와 피고가 모두 이혼을 원하고 있고, 2017. 8. 1.경부터 별거하고 있으며, 서로에 대한 신뢰를 상실하여 앞으로 혼인생활을 지속할 가능성이 없어 보이는 점 등 여러 사정을 참작한다.  ② 혼인관계 파탄의 주된 책임이 쌍방 모두에게 있고, 그 정도가 대등함: 원고와 피고는 유학문제, 원가족과의 관계 등으로 갈등을 겪었음에도 원고는 친정가족들과 피고와의 갈등을 적절히 중재하지 못하였고 피고는 자신의 주장만 고집하고 원고의 입장을 배려하지 않는 등 서로 자신의 입장만 내세우며 갈등을 심화시켰던 점 등을 참작함.  원고는 피고의 가정에 대한 무책임, 친정부모에 대한 패륜행위 등으로 인하여 이 사건 혼인이 파탄되었으므로 그 주된 책임이 피고에게 있다고 주장하고, 피고는 원고 부모의 지나친 간섭, 처가 식구들의 폭언 및 위협 등으로 인하여 이 사건 혼인이 파탄되었으므로 그 주된 책임이 원고에게 있다고 주장한다. 그러나 현재까지 이 법원에 제출된 증거들만으로는 혼인관계 파탄의 주된 책임이 어느 일방에게 있음을 인정하기 부족하고, 달리 이를 인정할 증거가 없다.  3. 본소 원상회복청구(주위적 청구) 및 재산상 손해배상청구에 관한 판단   가. 관련 법리   일단 혼인이 성립되어 지속된 이상, 부부공동체로서 의미 있는 혼인생활을 하였다고 인정할 수 없을 만큼 단기간에 파탄되거나 당초부터 혼인을 계속할 의사가 없어 그로 인하여 혼인의 파국을 초래하였다고 인정되는 등 신의칙 내지 형평의 원칙에 비추어 혼인 불성립에 준하여 처리함이 타당한 특별한 경우가 아니라면, 일방 당사자는 배우자를 상대로 재산분할을 청구하는 외에 결혼식 등 혼인생활을 위하여 지출한 비용 또는 예물·예단 등의 반환을 구하거나 그 상당액의 손해배상을 구할 수 없다. 더욱이 법률혼주의를 채택하고 있는 우리나라 법제 아래에서 유효한 혼인의 합의가 이루어져 혼인신고를 마치고 법률상의 혼인이 성립되면 부부공동체로서의 동거·부양·협조 관계가 형성되고 그 혼인관계의 해소는 민법에서 정한 이혼 절차에 따라야 하므로 쉽게 그 실체를 부정하여 혼인 불성립에 준하여 법률관계를 처리하여서는 아니 될 것이다(대법원 2014. 6. 12. 선고 2014므329 판결 참조).   나. 주장의 요지   원고와 피고의 혼인은 법률혼이 성립한 때로부터 약 10개월 만에 파탄에 이르게 되었는바, 혼인의 불성립에 준하여 증여의 해제조건이 성취되었으므로 피고는 원고에게 원상회복으로 원고가 피고 및 피고의 부모 등에게 지급한 별지 1 목록 기재 각 예물, 현금 11,000,000원(= 피고의 모친에게 지급한 300만 원 + 부친에게 지급한 200만 원 + 누나에게 지급한 600만 원) 및 피고가 매각한 자동차의 시가 35,000,000원을 반환할 의무가 있고, 재산상 손해배상으로 72,226,155원(= 아래 표 기재와 같은 인테리어 및 가전제품, 집기 구입비용, 결혼식 및 신혼여행 비용 136,729,200원 중 1/2인 68,364,600원 + 원고가 부담한 신혼집의 3년치 관리비 7,723,110원 중 1/2인 3,861,555원)을 지급할 의무가 있다. 구분항목가격(원)인테리어 및 가전제품, 집기구입 비용신혼집 공사비(인테리어)거실 등17,400,000주방, 욕실13,500,000조명1,850,000커튼450,000신혼집 가전냉장고10,000,000TV4,060,000에어컨4,300,000스타일러1,410,000세탁기3,790,000신혼집 가구침대 등26,850,000식탁2,000,000옷걸이, 잡지꽂이680,000식기류칼1,114,000그릇3,362,000주방용품509,700신혼이불5,010,000합계96,285,700결혼식 및 신혼여행 비용결혼식 플래너 비용4,518,000꽃장식4,500,000결혼식 식대(상호 1 생략)16,000,000결혼식 식대(상호 2 생략)1,000,000청첩장, 답례장1,297,700양가 하객 교통비(KTX)1,667,800신혼여행 비용9,460,000이바지 음식비2,000,000합계40,443,500전체 합계136,729,200  다. 판단  원고와 피고가 혼인신고를 한 후 약 10개월 만에 별거에 이르게 된 사실, 피고가 전라 지역에서 공보의로 근무하여 원고와 피고가 혼인기간 중 주말부부로 생활한 사실 등은 앞서 본 바와 같다. 그러나 앞서 본 사실 및 변론 전체의 취지에 의하여 인정되는 다음과 같은 사정들, 즉 원고와 피고는 양가 부모를 비롯한 하객들 앞에서 결혼식을 올리고 혼인신고를 한 점, 비록 피고의 병역 문제로 주말부부 생활을 하였으나 부산 해운대구 (주소 생략)를 신혼집으로 임차하여 함께 생활하였던 점, 원고와 피고는 결혼 직후 사건본인을 잉태하여 출산한 점과 함께 원고와 피고의 혼인생활의 내용 등을 종합하여 보면 원고가 제출한 증거들만으로는 원고와 피고의 혼인관계가 부부공동체로서 의미 있는 혼인생활을 하였다고 인정할 수 없을 만큼 단기간에 파탄되거나 당초부터 혼인을 계속할 의사가 없어 그로 인하여 혼인의 파국을 초래하였다고 인정되는 등 신의칙 내지 형평의 원칙에 비추어 혼인 불성립에 준하여 처리함이 타당한 경우라고 인정하기 부족하고 달리 이를 인정할 증거가 없다. 따라서 원고의 주장은 이유 없다.   4. 본소 재산분할 청구(예비적 청구)에 관한 판단  가. 재산형성 및 유지 경위  1) 원고는 혼인기간 부모님이 운영하는 사회복지법인인 △△△△△△재단에서 근무하였고, 피고는 혼인기간 공보의로 근무하다 □□대학교병원에서 수련의 과정을 거쳤다.  2) 원고와 피고는 원고의 부모님이 임대차보증금 200,000,000원에 임차한 (주소 생략)에서 신혼생활을 시작하였다.   인정 근거 앞서 든 증거들, 갑 제14호증의 각 기재, 가사조사관보고서, 변론 전체의 취지  나. 분할대상 재산 및 가액  1) 분할대상 재산: 별지 2 ‘분할대상재산명세표’ 기재와 같다(이 사건 변론종결일을 기준으로 재산분할의 대상 및 가액을 정하되, 다만 금전과 같이 소비나 은닉이 용이하고 기준 시점을 달리하면 중복합산의 우려가 있는 경우에는 별거시점으로서 혼인관계가 파탄에 이르렀다고 봄이 상당한 2017. 8. 1.경을 기준으로 하여 그 금원이 현존하는 것으로 추정하여 재산분할의 대상 및 가액을 정하기로 한다. 다만 원고와 피고가 일치하여 그 가액을 진술하는 경우에는 그에 따른다).  2) 분할대상 재산의 가액  가) 원고의 순재산: 85,041,896원  나) 피고의 순재산: 28,000,000원  다) 원피고의 순재산 합계: 113,041,896원  다. 당사자의 주장에 관한 판단  별지 2 ‘분할대상재산명세표’ 및 별지 3 ‘불인정재산명세표’ 중 각 ‘당사자의 주장 및 판단’란 기재와 같다.  라. 재산분할의 비율 및 방법  1) 재산분할의 비율: 원고 95%, 피고 5%  판단 근거 원고와 피고의 실질적인 혼인기간이 약 10개월에 불과한 점, 분할대상 재산의 상당 부분이 원고가 혼인 이전 보유하고 있던 것이거나 원고의 소득과 원고 부모님의 지원을 기초로 형성된 것인 점, 위에서 본 분할대상 재산의 형성과 유지에 대한 원고와 피고의 기여 정도, 그 밖에 혼인생활의 과정과 기간, 원고와 피고의 소득, 재산 및 경제력 등을 참작.  2) 재산분할의 방법: 당사자들의 의사, 앞서 본 분할대상 재산의 소유명의, 취득 및 유지 경위, 이용상황 등 이 사건 변론에 나타난 여러 사정을 고려하여 분할대상 재산을 현재의 명의대로 그대로 귀속시키면서 위 분할비율에 따라 원고에게 귀속되어야 할 금액 중 부족한 부분을 피고가 원고에게 금원으로 지급하는 것으로 정함.  3) 피고가 원고에게 지급하여야 하는 재산분할금: 22,347,000원  계산식  ① 원고와 피고의 순재산 중 재산분할비율에 따른 원고의 몫  순재산 합계 113,041,896원 × 95% = 107,389,801원(원 미만 버림)  ② 위 ①항의 금액에서 원고의 순재산을 뺀 금액  22,347,905원(= 107,389,801원 - 85,041,896원)  ③ 피고가 원고에게 지급할 재산분할금  위 ②항의 금액을 약간 하회하는 22,347,000원  마. 소결론  따라서 피고는 원고에게 재산분할로 22,347,000원 및 이에 대하여 이 판결 확정일 다음 날부터 다 갚는 날까지 민법이 정한 연 5%의 비율로 계산한 지연손해금을 지급할 의무가 있다.  5. 친권자·양육자 지정, 양육비, 면접교섭(직권)에 관한 판단  가. 친권자 및 양육자 지정  원고와 피고의 혼인생활 및 파탄경위, 사건본인과의 친밀도, 사건본인의 나이, 현재까지의 양육상황, 당사자들의 의사, 피고가 미국에서 학업을 계속할 경우 사건본인의 양육환경 및 보조양육자의 변경이 불가피하여 사건본인에게 혼란을 줄 가능성이 있는 점 등 이 사건 변론에 나타난 모든 사정을 종합하면, 사건본인의 친권자 및 양육자로 원고를 지정함이 상당하다.  나. 양육비  1) 원고의 과거양육비 청구에 대한 판단  원고는 피고가 2017. 8.경부터 2017. 12.경까지 전혀 양육비를 지급하지 않다가 2018. 1.부터 양육비 명목으로 월 50만 원을, 2019. 8.부터 월 80만 원을 송금하고 있으나, 피고는 원고에게 월 100만 원의 양육비를 지급할 의무가 있으므로 그 차액인 14,900,000원= 1,000,000원 × 26개월(2017. 8.~2019. 9.) - 500,000원 × 19개월(2018. 1.~2019. 7.) - 800,000원 × 2개월(2019. 8.~9.)을 과거양육비로 지급하여야 한다고 주장한다.   그러나 앞서 든 증거에 의하면 피고가 2018. 1.경부터 이 사건 변론종결일 당시까지 정기적으로 양육비를 꾸준하게 지급하였고, 해당 기간 원고와 피고의 직업 및 소득, 사건본인의 나이 및 양육상황 등 여러 사정들을 종합하면, 피고가 사건본인의 양육비를 상당 부분 부담한 것으로 판단된다. 따라서 원고의 과거양육비 청구는 받아들이지 않는다.   2) 피고가 지급하여야 하는 장래양육비의 액수  피고는 사건본인의 아버지로서 원고와 함께 사건본인을 양육할 책임이 있으므로, 원고에게 사건본인의 양육비를 지급할 의무가 있다. 피고는 원고에게 이 판결 선고일 다음 날부터 사건본인이 성년에 이르기 전날까지 월 1,000,000원씩을 매월 말일에 지급하는 것으로 정한다.  산정 근거 사건본인의 나이 및 양육상황, 원고와 피고의 연령, 직업 및 소득, 재산 및 생활능력, 당사자들의 의사 등을 참작  다. 면접교섭(직권)  피고는 비양육친으로서 사건본인의 복리에 반하지 않는 한 사건본인과 면접교섭할 권리가 있으므로, 사건본인의 나이, 양육상황, 당사자들의 의사 등 이 사건 변론에 나타난 여러 사정들을 고려하여 주문 제6항 기재와 같이 정한다.   6. 결론  그렇다면 원고의 본소 이혼 청구와 피고의 반소 이혼 청구는 이유 있어 각 인용하고, 원고의 본소 주위적 원상회복청구 및 손해배상청구, 피고의 반소 위자료청구는 이유 없어 각 기각하며, 재산분할, 친권자 및 양육자 지정, 양육비, 면접교섭에 관하여는 위와 같이 정하기로 하여, 주문과 같이 판결한다.별지 1 목록: 생략별지 2 분할대상재산명세표: 생략별지 3 불인정재산명세표: 생략판사 박원근(재판장) 이동호 나재영 "
222883,이혼등,2018드단507148,수원가정법원,내용없음,"원    고 원고 (소송대리인 법무법인 윈스 담당변호사 허왕)피    고 피고 (소송대리인 법무법인 해람 담당변호사 김도윤 외 4인)사건본인 사건본인 1 외 1인변론종결2020. 4. 1.주    문  1. 원고의 청구를 모두 기각한다.  2. 소송비용은 원고가 부담한다.청구취지  원고와 피고는 이혼한다. 피고는 원고에게 위자료로 50,000,000원을 지급하고, 재산분할로 별지 목록 기재 부동산에 관하여 소유권이전등기절차를 이행하며, 사건본인들의 친권자 및 양육자로 원고를 지정하고, 피고는 원고에게 사건본인들의 양육비로 이 사건 판결 선고일부터 2025. 9. 11.까지는 월 300만 원씩을, 2025. 9. 12.부터 2033. 7. 17.까지는 월 150만 원씩을 매월 말일에 지급하라. 이    유1. 인정사실  가. 원고와 피고는 2003년경 소외 2 회사에서 직장동료로 만나 (연월일 2 생략) 결혼식을 올리고 (연월일 생략) 혼인신고를 마친 법률상 부부로 그 사이에 사건본인들을 두고 있다.  나. 원고는 현재까지 같은 회사에 다니고 있는 반면 피고는 2013년경 위 회사에서 퇴사 후 사업을 위해 필리핀으로 출국했으나 사업의 진척을 보지 못한 채(이로 인하여 생활비도 지급하지 못하였다) 2014년경 귀국하여 소외 3 회사에 입사하였다. 그 후 2017년경 위 회사에서 퇴사한 다음 소외 4 회사를 거쳐 소외 회사에 입사하여 현재까지 위 회사에 재직 중에 있다.  다. 원고는 피고가 취미활동(스노우보드, 게임, 카메라, 프라모델 등)에 빠져 적지 않은 돈을 소비하고 가정에 소홀한 것, 필리핀에 골프여행을 자주 다니는 것, 성병에 감염된 것, 두 차례에 걸쳐 지인에게 돈을 빌려줬다가 금전적으로 손실을 보았던 것, 필리핀에서의 사업에 실패하면서 생활비를 지급하지 못하였던 것 등으로 피고에게 상당한 불만을 갖고 있었으나, 피고에게 위와 같은 불만을 명시적으로 표현하지는 않았다.  라. 원고와 피고는 피고가 필리핀에 출국하여 사업을 하였던 기간을 제외하고는 같은 아파트에서 현재까지 동거하고 있고, 위 아파트에는 현재 원고의 언니도 함께 거주하고 있다.  인정근거 갑 제1 내지 6호증, 을 제1호증, 가사조사관 작성의 가사조사보고서, 변론 전체의 취지2. 원고의 이혼 청구에 관한 판단  가. 원고 주장의 요지    피고의 부정행위, 악의의 유기 및 혼인관계가 파탄에 이르게 되었으므로 민법 제840조 제1, 2, 6호에 의하여 원고와 피고는 이혼하여야 한다.  나. 판 단    1) 민법 제840조 제1호의 이혼사유에 관한 판단      갑 제6호증의 기재에 의하면, 원고가 2011년경과 2012년경 성병에 걸린 사실을 인정할 수 있으나, 그것만으로는 피고가 부정행위를 하였고 그 과정에서 성병에 걸려 원고에게 전염되었다는 사실까지 인정하기는 어렵고 달리 이를 인정할 증거가 없다. 더욱이 민법 제841조에 의하면, 부정행위가 있은 날로부터 2년이 경과한 때에는 위 사유를 이유로 이혼을 청구할 수 없으므로, 원고의 위 주장은 받아들이지 아니한다.     2) 민법 제840조 제2호의 이혼사유에 관한 판단민법 제840조 제2호에 정한 ‘배우자가 악의로 다른 일방을 유기한 때’라 함은 배우자가 정당한 이유 없이 서로 동거, 부양, 협조하여야 할 부부로서의 의무를 포기하고 다른 일방을 버린 경우를 뜻한다.      살피건대, 피고가 2013년 사업을 위해 필리핀으로 출국하였으나 사업의 진척을 보지 못하였고 그 과정에서 약 1년간 원고에게 생활비 등을 지급하지 못한 사실은 앞서 본 바와 같으나, 위 기간을 제외하면 피고는 꾸준히 회사에 다니면서 원고 및 사건본인들과 동거하고 있는 사실 또한 앞서 본 바와 같은바, 원고가 제출한 증거들만으로는 피고가 정당한 이유 없이 악의로 원고를 유기하였음을 인정하기에 부족하고 달리 이를 인정할 증거가 없다. 따라서 원고의 위 주장은 받아들이지 아니한다.     3) 민법 제840조 제6호의 이혼사유에 관한 판단민법 제840조 제6호에 규정된 이혼원인인 '기타 혼인을 계속하기 어려운 중대한 사유가 있을 때'라 함은 부부간의 애정과 신뢰가 바탕이 되어야 할 혼인의 본질에 상응하는 부부공동생활관계가 회복할 수 없을 정도로 파탄되고 그 혼인생활의 계속을 강제하는 것이 일방 배우자에게 참을 수 없는 고통이 되는 경우를 말한다.      비록 이 사건의 경우 원고가 이혼을 계속 원하고는 있으나, 다른 한편으로 앞서 든 증거들에 변론 전체의 취지를 종합하면, 원고는 혼인과정에서 자신의 감정이나 의사를 표시하는 것을 매우 자제하였고 이로 인해 피고가 원고의 불만을 정확히 인식하여 자신의 잘못을 바로잡을 기회가 부족했던 것으로 보이는 사실, 이제라도 피고는 자신의 잘못을 뉘우치며 원고와의 혼인관계를 개선하기 위하여 적극적으로 노력하겠다는 의사를 피력하고 있는 사실, 원고와 피고에게 미성년자인 사건본인들도 있고 원고와 피고가 현재까지 동거하고 있는 사실 등을 알 수 있는바, 앞서 본 인정사실 및 원고가 제출한 증거들만으로는 원고와 피고의 관계가 더 이상 회복될 수 없을 정도로 파탄에 이르렀다고 단정하기 어렵고, 원고와 피고가 부부간 불화의 원인과 과정을 냉정하게 돌아보고 겸허하게 반성하며 원·피고 사이의 애정과 신뢰를 회복하기 위한 최선의 노력을 다 한다면 다시금 원만한 부부관계를 되찾게 될 여지가 없는 것도 아니라고 할 것이다. 따라서 원고의 위 주장은 받아들이지 아니한다.   다. 소결론   원고의 이혼 청구는 이유 없다.3. 원고의 나머지 청구에 관한 판단  원고의 이혼 청구를 받아들일 수 없는 이상 이혼 청구가 인용됨을 전제로 하는 원고의 피고에 대한 위자료 청구, 재산분할 청구, 사건본인들의 친권자 및 양육자 지정 청구와 양육비 지급 청구에 관하여 더 나아가 살펴 볼 필요 없이 이를 받아들일 수 없다.4. 결 론  그렇다면, 원고의 이 사건 청구는 모두 이유 없으므로, 이를 기각하기로 하여 주문과 같이 판결한다.별지 생략판사 신일수 
"
211617,이혼,2019므15302,대법원,"  1 부모는 자녀를 공동으로 양육할 책임이 있고, 양육에 드는 비용도 원칙적으로 부모가 공동으로 부담하여야 한다. 그런데 어떠한 사정으로 인하여 부모 중 어느 한쪽만이 자녀를 양육하게 된 경우에는 양육하는 사람이 상대방에게 현재와 장래의 양육비 중 적정 금액의 분담을 청구할 수 있다. 재판상 이혼에 따른 자녀의 양육책임에 대하여 이혼 당사자 간에 양육자의 결정과 양육비용의 부담에 관한 사항에 대하여 협의가 이루어지지 않거나 협의할 수 없을 때에는 가정법원은 직권으로 또는 당사자의 청구에 따라 해당 사항을 정한다(민법 제837조, 제843조). 자녀의 양육에 관한 처분에 관한 심판은 부모 중 일방이 다른 일방을 상대방으로 하여 청구하여야 한다(가사소송규칙 제99조 제1항). 이러한 사항들을 종합하면, 재판상 이혼 시 친권자와 양육자로 지정된 부모의 일방은 상대방에게 양육비를 청구할 수 있고, 이 경우 가정법원으로서는 자녀의 양육비 중 양육자가 부담해야 할 양육비를 제외하고 상대방이 분담해야 할 적정 금액의 양육비만을 결정하는 것이 타당하다.  2 판결 주문은 명확하여야 하고 주문 자체로서 내용이 특정될 수 있어야 한다. 주문은 어떠한 범위에서 당사자의 청구를 인용하고 배척한 것인가를 그 이유와 대조하여 짐작할 수 있을 정도로 표시되고 집행에 의문이 없을 정도로 이를 명확히 특정하여야 한다. 판결 주문이 특정되었는지 여부는 직권조사사항이다. 가사비송사건에서 금전의 지급, 물건의 인도, 등기, 그 밖에 의무의 이행을 명하는 심판은 집행권원이 된다(가사소송법 제41조). 따라서 양육비의 지급을 명하거나 양육비의 사용 등에 관한 의무의 이행을 명하는 심판도 집행의 문제가 남게 되므로 특히 주문은 의문이 생기지 않도록 분명히 적어야 한다.  3 甲이 乙을 상대로 이혼청구 등을 하면서 친권자와 양육자를 甲으로 지정하고 양육비를 지급할 것을 청구하였는데, 원심이 판결 주문에서 자녀인 丙의 양육비로 甲과 乙에게 각 일정액을 부담하도록 하면서 甲과 乙이 친권자와 양육자로 지정된 甲의 명의에 丙의 명의를 병기한 새로운 예금계좌를 개설하여 양육비를 입금하도록 한 사안에서, 원심판단에는 甲을 친권자와 양육자로 지정하면서 甲에게도 일정액의 양육비를 부담하도록 명한 잘못이 있을 뿐만 아니라, 위 주문에 따르면 甲과 乙에게 부과된 의무가 甲 명의의 계좌를 개설하되 丙의 명의를 부기하라는 것인지 甲과 丙 공동명의의 계좌를 개설하라는 것인지 원심판결 이유를 살펴보아도 그 의미를 명확하게 알 수 없는 데다가 丙의 친권자와 양육자로 지정된 사람은 甲이므로 乙에게는 위 예금계좌를 개설할 권한이 없는바, 위와 같은 판결 주문만으로는 甲과 乙이 이행할 의무의 내용이 객관적으로 특정되었다고 볼 수 없고, 이로 인하여 앞으로 당사자 사이에 추가적인 분쟁이 발생할 여지가 있으므로 이는 판결 주문으로서 갖추어야 할 명확성을 갖추지 못하여 위법하다고 한 사례.","원고, 상고인 원고(영문 성명 생략) (소송대리인 법무법인 혜안 담당변호사 신동호)피고, 피상고인 피고 (소송대리인 법무법인 통일 담당변호사 최성진)사건본인 사건본인원심판결 인천가법 2019. 9. 27. 선고 2018르12146 판결주    문  원심판결 중 양육비 부분을 파기하고, 이 부분 사건을 인천가정법원에 환송한다.  나머지 상고를 기각한다.이    유  상고이유를 판단한다.  1. 사건 개요와 쟁점  원고는 피고를 상대로 이혼청구 등을 하면서 친권자와 양육자를 원고로 지정하고 양육비를 지급할 것을 청구하였다. 제1심판결은 원고의 이혼청구를 받아들이면서 자녀인 사건본인의 친권자와 양육자로 어머니인 원고를 지정하되 아버지인 피고에게 면접교섭을 인정하였다(재산분할청구는 일부 인용하고 위자료청구는 기각하였는데, 이 부분은 상고심의 판단 대상이 아니다). 원심판결은 제1심판결 중 면접교섭 부분과 양육비 부분을 변경하였는데, 원고가 이 두 부분에 대하여 상고하였으므로, 이 두 부분에 관한 원심판결이 적법한지 여부가 쟁점이다.  2. 면접교섭의 일시, 장소, 방법  원심은 제1심판결 중 면접교섭의 일시, 장소, 방법을 변경하면서, 피고가 원고 못지않게 사건본인에 대한 강한 양육 의지를 보이고 있고, 사건본인과 많은 시간을 보내면서 사건본인과 정서적 유대관계를 지속시킬 필요가 있을 뿐만 아니라 나이가 어린 사건본인이 피고로부터 애정 어린 보살핌을 받는다면 사건본인이 올바르게 성장하는 데 상당한 도움이 될 것으로 보이는 점, 사건본인의 나이와 발달 상황, 생활환경, 양육 상황 등을 종합적으로 고려하였다.  원심판결 이유를 관련 법리와 기록에 비추어 살펴보면, 원심판단에 상고이유 주장과 같이 면접교섭의 방법에 관한 법리를 오해하거나 논리와 경험의 법칙에 반하여 자유심증주의의 한계를 벗어나 판결에 영향을 미친 잘못이 없다.  3. 양육비의 관리방법 등  가. 원심 판단  원심은 다음과 같은 이유로 사건본인의 양육비로 원고와 피고에게 각각 30만 원과 50만 원의 양육비를 부담하도록 하고, 원고와 피고가 ‘(원고 국문 성명 생략) 또는 (원고 영문 성명 생략)(사건본인 성명 생략)’ 명의로 새로운 예금계좌를 개설하여 그와 연결된 체크카드를 발급받고 양육비를 위 예금계좌에 매월 입금하며, 원고는 위 체크카드를 통해 양육비를 지출하고 피고에게 지출내역이 나타난 예금계좌의 거래내역을 매년 분기별로 해당 분기 말일에 알릴 것을 명하였다.  (1) 사건본인의 친권자와 양육자로 원고를 지정하는 것이 사건본인의 복리에 부합하지만, 자녀의 양육에 드는 비용은 원칙적으로 부모가 공동으로 부담하여야 하고, 이는 부모 중 누가 양육자인지에 관계없이 친자관계의 본질로부터 발생하는 의무이므로 원고와 피고 모두 사건본인의 부모로서 각자의 소득과 재산현황 등에 따라 일정한 액수의 양육비를 분담해야 한다.  (2) 양육자의 양육비 유용과 원고의 채권자에 의한 강제집행 등을 사전 예방하기 위해서 양육비를 투명하게 관리할 방법이 필요하므로 사건본인의 친권자와 양육자로 지정된 원고 명의에 사건본인 명의를 병기하여 새로운 예금계좌를 개설하는 것이 하나의 방법이 된다.  (3) 원고는 위 예금계좌에 있는 예금 잔고가 사건본인의 양육비임을 명심하고 사건본인의 양육에 드는 비용으로만 지출하고 그 내역을 피고에게 정기적으로 공개함으로써 향후 양육비로 인한 원고와 피고 사이의 분쟁을 사전에 예방할 수 있다.  나. 대법원 판단  그러나 원심판단은 다음과 같은 이유로 받아들이기 어렵다.  (1) 부모는 자녀를 공동으로 양육할 책임이 있고, 양육에 드는 비용도 원칙적으로 부모가 공동으로 부담하여야 한다. 그런데 어떠한 사정으로 인하여 부모 중 어느 한쪽만이 자녀를 양육하게 된 경우에는 양육하는 사람이 상대방에게 현재와 장래의 양육비 중 적정 금액의 분담을 청구할 수 있다(대법원 1994. 5. 13.자 92스21 전원합의체 결정 참조). 재판상 이혼에 따른 자녀의 양육책임에 대하여 이혼 당사자 간에 양육자의 결정과 양육비용의 부담에 관한 사항에 대하여 협의가 이루어지지 않거나 협의할 수 없을 때에는 가정법원은 직권으로 또는 당사자의 청구에 따라 해당 사항을 정한다(민법 제837조, 제843조). 자녀의 양육에 관한 처분에 관한 심판은 부모 중 일방이 다른 일방을 상대방으로 하여 청구하여야 한다(가사소송규칙 제99조 제1항). 이러한 사항들을 종합하면, 재판상 이혼 시 친권자와 양육자로 지정된 부모의 일방은 상대방에게 양육비를 청구할 수 있고, 이 경우 가정법원으로서는 자녀의 양육비 중 양육자가 부담해야 할 양육비를 제외하고 상대방이 분담해야 할 적정 금액의 양육비만을 결정하는 것이 타당하다.  (2) 판결 주문은 명확하여야 하고 주문 자체로서 내용이 특정될 수 있어야 한다. 주문은 어떠한 범위에서 당사자의 청구를 인용하고 배척한 것인가를 그 이유와 대조하여 짐작할 수 있을 정도로 표시되고 집행에 의문이 없을 정도로 이를 명확히 특정하여야 한다. 판결 주문이 특정되었는지 여부는 직권조사사항이다(대법원 2019. 3. 14. 선고 2017다233849 판결 참조). 가사비송사건에서 금전의 지급, 물건의 인도, 등기, 그 밖에 의무의 이행을 명하는 심판은 집행권원이 된다(가사소송법 제41조). 따라서 양육비의 지급을 명하거나 양육비의 사용 등에 관한 의무의 이행을 명하는 심판도 집행의 문제가 남게 되므로 특히 주문은 의문이 생기지 않도록 분명히 적어야 한다.  원심은 판결 주문에서 원고와 피고에게 ‘(원고 국문 성명 생략) 또는 (원고 영문 성명 생략)(사건본인 성명 생략)’ 명의로 새로운 예금계좌(이하 ‘이 사건 예금계좌’라 한다)를 개설하도록 하였다. ‘(원고 국문 성명 생략)’과 ‘(원고 영문 성명 생략)’은 원고의 이름이고, ‘(사건본인 성명 생략)’은 사건본인의 이름이다. 그런데 위 주문에 따르면 원고와 피고에게 부과된 의무가 원고 명의의 계좌를 개설하되 사건본인의 명의를 부기하라는 것인지 원고와 사건본인 공동명의의 계좌를 개설하라는 것인지 원심판결 이유를 살펴보아도 그 의미를 명확하게 알 수 없다. 게다가 이 사건에서 사건본인의 친권자와 양육자로 지정된 사람은 원고이므로 피고에게는 이 사건 예금계좌를 개설할 권한이 없다.  위와 같은 판결 주문만으로는 원고와 피고가 이행할 의무의 내용이 객관적으로 특정되었다고 볼 수 없고, 이로 인하여 앞으로 당사자 사이에 추가적인 분쟁이 발생할 여지가 있다. 따라서 원심판결 주문 중 양육비 부분은 판결 주문으로서 갖추어야 할 명확성을 갖추지 못하여 위법하다.  (3) 원심은 양육자에 의한 양육비의 유용이나 양육자의 채권자에 의한 양육비에 대한 강제집행을 방지하기 위해서도 원심판결 주문과 같은 별도의 계좌를 개설할 필요가 있다고 한다. 그러나 원고 명의의 계좌나 원고와 사건본인 공동명의의 계좌를 개설하는 것이 원고의 양육비 유용이나 원고의 채권자에 의한 강제집행을 효과적으로 막을 수 있는 방법이 될 수 있는지도 분명하지 않다.  원심판결에 따르면 원고는 이 사건 예금계좌의 거래내역을 매년 분기별로 피고에게 알려야 하고, 양육비의 지출도 체크카드를 통해서만 가능하다. 사건본인에 대한 양육자는 원고이므로 원고는 사건본인의 복리에 부합하는 방향으로 사건본인을 양육할 권리와 의무를 가진다. 그런데 원심판결과 같이 양육비의 사용방법을 특정하는 것은 사건본인의 복리에 부합하는 방식으로 사건본인을 양육할 원고의 재량을 지나치게 제한한다. 또한 양육비의 사용방법에 관한 구체적인 사항에 대하여 원고와 피고가 합의에 이르지 못한 상태에서 원고에게 이 사건 예금계좌의 거래내역을 정기적으로 피고에게 공개하도록 하는 것은 원고와 피고 사이에 분쟁을 예방하는 측면보다는 추가적인 분쟁을 불러일으킬 가능성이 있다.  다. 그런데도 원심은 원고를 친권자와 양육자로 지정하면서 원고에게도 일정액의 양육비를 부담하도록 명하고 판결 주문으로서 갖추어야 할 명확성을 갖추지 못하였다. 원심판단에는 논리와 경험의 법칙에 반하여 자유심증주의의 한계를 벗어나거나 양육비용의 부담에 관한 법리 등을 오해하여 필요한 심리를 다하지 않아 판결에 영향을 미친 잘못이 있다. 이를 지적하는 상고이유 주장은 정당하다.  4. 결론  원심판결 중 양육비 부분에 대한 원고의 상고는 이유 있어 이 부분을 파기하고, 이 부분 사건을 다시 심리·판단하도록 원심법원에 환송하며, 나머지 상고는 이유 없어 이를 기각하기로 하여, 대법관의 일치된 의견으로 주문과 같이 판결한다.대법관 이동원(재판장) 김재형(주심) 민유숙 노태악 "
211615,이혼이혼과 함께 자녀의 친권자 및 양육자의 지정을 구하는 사건,2018므15534,대법원,"1 자녀의 양육은 부모의 권리이자 의무로서 미성년인 자녀의 복지에 직접적인 영향을 미친다. 따라서 부모가 이혼하는 경우에 미성년인 자녀의 양육자를 정할 때에는, 미성년인 자녀의 성별과 연령, 그에 대한 부모의 애정과 양육의사의 유무는 물론, 양육에 필요한 경제적 능력의 유무, 부와 모가 제공하려는 양육방식의 내용과 합리성·적합성 및 상호 간의 조화 가능성, 부 또는 모와 미성년인 자녀 사이의 친밀도, 미성년인 자녀의 의사 등의 모든 요소를 종합적으로 고려하여, 미성년인 자녀의 성장과 복지에 가장 도움이 되고 적합한 방향으로 판단하여야 한다.  2 재판상 이혼의 경우 부모 모두를 자녀의 공동양육자로 지정하는 것은 부모가 공동양육을 받아들일 준비가 되어 있고 양육에 대한 가치관에서 현저한 차이가 없는지, 부모가 서로 가까운 곳에 살고 있고 양육환경이 비슷하여 자녀에게 경제적·시간적 손실이 적고 환경 적응에 문제가 없는지, 자녀가 공동양육의 상황을 받아들일 이성적·정서적 대응능력을 갖추었는지 등을 종합적으로 고려하여 공동양육을 위한 여건이 갖추어졌다고 볼 수 있는 경우에만 가능하다고 보아야 한다.  3 재판상 이혼을 하는 甲과 乙 중 누구를 그들의 자녀인 丙의 양육자로 지정할 것인지 문제 된 사안에서, 甲과 乙은 계속하여 공동양육이 아니라 자신을 단독 친권자 및 양육자로 지정하여 줄 것을 청구하였고, 현재로서는 甲과 乙이 가까운 장래에 서로 의견을 조율하여 공동양육과 그 방법에 대하여 서로 원만하게 협력할 것을 기대하기는 어려워 보이며, 설령 甲과 乙이 향후 丙을 공동양육하는 과정에서 필요한 사항을 충분히 협의할 수 있게 되더라도 이것이 공동양육을 통하여 甲과 乙의 거주지를 오가면서 부모 각각의 양육에 대한 결정에 따르게 되고 서로 다른 물리적 환경에 처하게 될 丙의 경제적·시간적 손실과 정서적 불안정을 감소시키는 데 크게 기여할 것으로 보이지도 않을 뿐만 아니라, 오히려 일방에 대한 양육자 지정과 상대방에 대한 면접교섭을 통해서도 공동양육자 지정을 통해 달성하고자 한 목적을 대부분 달성할 수 있을 것으로 보이는데도, 甲과 乙을 丙의 공동양육자로 지정하고 공동양육의 방법을 정한 원심의 판단에는 양육자 지정에 관한 법리오해 등 잘못이 있다고 한 사례.","원고, 상고인 원고 (소송대리인 변호사 정진성)피고, 피상고인 피고사건본인 사건본인원심판결 인천가법 2018. 10. 26. 선고 2018르10768 판결주    문  원심판결을 파기하고, 사건을 인천가정법원 합의부에 환송한다.이    유  상고이유(상고이유서 제출기간이 지난 후에 제출된 상고이유보충서 등의 기재는 상고이유를 보충하는 범위에서)를 판단한다.  1. 공동양육에 관한 상고이유에 대한 판단  가. 자녀의 양육은 부모의 권리이자 의무로서 미성년인 자녀의 복지에 직접적인 영향을 미친다. 따라서 부모가 이혼하는 경우에 미성년인 자녀의 양육자를 정할 때에는, 미성년인 자녀의 성별과 연령, 그에 대한 부모의 애정과 양육의사의 유무는 물론, 양육에 필요한 경제적 능력의 유무, 부와 모가 제공하려는 양육방식의 내용과 합리성·적합성 및 상호 간의 조화 가능성, 부 또는 모와 미성년인 자녀 사이의 친밀도, 미성년인 자녀의 의사 등의 모든 요소를 종합적으로 고려하여, 미성년인 자녀의 성장과 복지에 가장 도움이 되고 적합한 방향으로 판단하여야 한다(대법원 2008. 5. 8. 선고 2008므380 판결, 대법원 2013. 12. 26. 선고 2013므3383, 3390 판결 등 참조).민법 제837조, 제909조 제4항 및 제5항, 가사소송법 제2조 제1항 제2호 (나)목의 3) 및 5) 등에 따르면, 부모가 이혼하는 경우 법원이 친권자를 정하거나 양육자를 정할 때 반드시 단독의 친권자나 양육자를 정하도록 한 것은 아니므로 이혼하는 부모 모두를 공동양육자로 지정하는 것도 가능하다. 그러나 재판상 이혼에서 이혼하는 부모 모두를 공동양육자로 정할 때에는 그 부모가 부정행위, 유기, 부당한 대우 등 첨예한 갈등이나 혼인을 계속하기 어려운 사유로 이혼하게 된 것이라는 점을 고려하여 그 허용 여부는 신중하게 판단할 필요가 있다. 게다가 공동양육의 경우 자녀가 부모의 주거지를 주기적으로 옮겨 다녀야 하는 불편함이 있고, 자녀는 두 가정을 오가면서 두 명의 양육자 아래에서 생활하게 되어 자칫 가치관의 혼란을 겪거나 안정적인 생활을 하지 못하게 될 우려가 있으며(특히 자녀가 교육기관 등에 다니게 되면 거주지를 주기적으로 옮기는 것은 자녀에게 상당한 부담이 될 것이다), 부모 사이에 양육방법을 둘러싸고 갈등이 계속되는 경우에는 공동양육을 통해 달성하고자 하는 긍정적인 효과보다는 그 갈등이 자녀에게 미칠 부정적 영향이 크다는 점에서 보더라도 그러하다. 따라서 재판상 이혼의 경우 부모 모두를 자녀의 공동양육자로 지정하는 것은 부모가 공동양육을 받아들일 준비가 되어 있고 양육에 대한 가치관에서 현저한 차이가 없는지, 부모가 서로 가까운 곳에 살고 있고 양육환경이 비슷하여 자녀에게 경제적·시간적 손실이 적고 환경 적응에 문제가 없는지, 자녀가 공동양육의 상황을 받아들일 이성적·정서적 대응능력을 갖추었는지 등을 종합적으로 고려하여 공동양육을 위한 여건이 갖추어졌다고 볼 수 있는 경우에만 가능하다고 보아야 한다.  나. 원심은 이혼하는 부모를 공동양육자로 지정할 경우 경제적·시간적 손실이나 자녀에게 미칠 부정적인 영향 등의 문제가 있다는 점을 인정하면서도 사건본인의 친권자 및 양육자로 원고 또는 피고 일방을 지정하는 것보다는 원고와 피고를 공동친권자 및 공동양육자로 지정하여 사건본인이 어느 한쪽에 치우치지 않은 채 모성과 부성을 충분히 느끼면서 건강하고 균형적으로 성장할 수 있도록 하는 것이 바람직해 보인다고 판단하였다. 이에 따라 원심은 공동양육 방법으로 원고가 매주 일요일 17:00부터 금요일 17:00까지, 피고가 매주 금요일 17:00부터 일요일 17:00까지 사건본인을 양육하도록 정하였다.  다. 그러나 원심이 확정한 사실관계를 앞서 본 법리와 이 사건 기록에 비추어 살펴보면, 원고와 피고는 계속하여 공동양육이 아니라 자신을 단독 친권자 및 양육자로 지정하여 줄 것을 청구하였고, 현재로서는 원고와 피고가 가까운 장래에 서로 의견을 조율하여 공동양육과 그 방법에 대하여 서로 원만하게 협력할 것을 기대하기는 어려워 보인다. 설령 원심이 의도한 바대로 원고와 피고가 향후 사건본인을 공동양육하는 과정에서 필요한 사항을 충분히 협의할 수 있게 되더라도 이것이 공동양육을 통하여 원고와 피고의 거주지를 오가면서 부모 각각의 양육에 대한 결정에 따르게 되고 서로 다른 물리적 환경에 처하게 될 사건본인의 경제적·시간적 손실과 정서적 불안정을 감소시키는 데 크게 기여할 것으로 보이지도 않는다. 오히려 일방에 대한 양육자 지정과 상대방에 대한 면접교섭을 통해서도 원심이 공동양육자 지정을 통해 달성하고자 한 목적을 대부분 달성할 수 있을 것으로 보인다.  라. 그런데도 원심은 원고와 피고를 사건본인의 공동양육자로 지정하고 공동양육 방법을 정하였으므로, 이러한 원심의 판단에는 양육자 지정에 관한 법리를 오해하는 등으로 판결에 영향을 미친 잘못이 있다. 이 점을 지적하는 취지의 상고이유 주장은 이유 있다.  2. 원고와 피고 공동명의의 예금계좌 개설에 관한 상고이유에 대한 판단  원심은 원고와 피고가 사건본인을 공동양육함에 따라 각자 부담하여야 할 양육비와 관련하여 원고와 피고에게 공동명의로 된 예금계좌를 개설할 것과 사건본인이 성년에 이르기 전날까지 원고는 월 30만 원, 피고는 월 90만 원씩을 매월 말일에 위 계좌에 입금하고 위 계좌에 입금된 돈을 사건본인의 양육비로 사용하도록 하였다.  원심이 위와 같이 공동명의의 예금계좌 개설을 명한 것은 공동양육의 취지 등을 고려한 결과로 보인다. 그러나 공동양육에 관한 원심의 판단을 유지하기 어려운 이상, 사건본인의 양육비를 위하여 원고와 피고 공동명의의 예금계좌 개설을 명한 부분도 다시 심리하여 사건본인에 대한 양육자 지정 등 양육방법에 알맞은 양육비 부담방법을 결정할 필요가 있다. 다만 공동명의의 예금계좌 개설 등 양육비의 부담과 사용에 관한 구체적인 방법을 법원이 직접 명하고자 할 경우에는 그러한 방법이 실무나 제도상 가능하고 어려운 점이 없는지도 확인할 필요가 있음을 지적하여 둔다.  한편 원고와 피고가 재판상 이혼과정을 통하여 상호 적대적인 감정을 가지고 있고 공동양육을 받아들일 준비가 되어 있지 않을 뿐만 아니라 양육방법에 관하여 전혀 합의가 되지 않은 상황에서 공동명의의 계좌를 개설하여 양육비로 사용하도록 하는 것은 원고와 피고 사이에 양육비의 사용과 관련하여 계속적인 분쟁의 원인이 될 가능성이 크다는 점에서도 원심의 판단은 수긍하기 어렵다.  그런데도 원심은 위와 같이 양육비 지급과 사용에 관한 방법을 정하였으므로, 이러한 원심의 판단에는 양육비용의 부담에 관한 법리를 오해하여 필요한 심리를 다하지 않아 판결에 영향을 미친 잘못이 있다. 이 점을 지적하는 취지의 상고이유 주장은 이유 있다.  3. 결론  그러므로 나머지 상고이유에 대한 판단을 생략한 채 원심판결을 파기하고, 사건을 다시 심리·판단하도록 원심법원에 환송하기로 하여, 관여 대법관의 일치된 의견으로 주문과 같이 판결한다.대법관 권순일(재판장) 이기택 박정화(주심) 김선수 "
226297,이혼,2020르18,대구가정법원,내용없음,"원고, 피항소인 원고피고, 항소인 피고(소송대리인 변호사 손병일)제1심판결 대구가정법원 2019. 12. 18. 선고 2016드단7762 판결변론종결2020. 4. 16.주    문1. 피고의 항소를 기각한다.2. 항소비용은 피고가 부담한다.청구취지 및 항소취지1. 청구취지  원고와 피고는 이혼한다.2. 항소취지  제1심 판결을 취소한다. 원고의 청구를 기각한다.이    유1. 제1심 판결의 인용  피고가 항소를 제기하여 당심에서 주장하는 사유는 제1심에서 주장한 내용과 크게 다르지 아니하고, 당심에서 새롭게 제출된 증거들을 살펴보더라도 제1심의 판단은 정당하다고 인정된다. 따라서 이 법원이 이 사건에 관하여 설시할 이유는 제1심 판결문 제4면 제1행 ‘나. 피고의 추완이의신청의 적법 여부’ 부분을 아래 2항과 같이 다시 쓰는 외에는 제1심 판결의 이유 부분 기재와 같으므로, 가사소송법 제12조, 민사소송법 제420조 본문에 의하여 이를 그대로 인용한다.2. 다시 쓰는 부분「나. 피고의 추완이의신청의 적법 여부    1) 민사소송법 제173조 제1항 전단에 의하면, “당사자 책임질 수 없는 사유로 말미암아 불변기간을 지킬 수 없었던 경우에는 그 사유가 없어진 날부터 2주 이내에 게을리 한 소송행위를 보완할 수 있다”고 규정되어 있다. 민사소송법 제173조 제1항이 규정하는 소송행위의 추후보완은 당사자가 그 책임을 질 수 없는 사유로 인하여 불변기간을 준수할 수 없었던 경우에 비로소 가능한 것이고, 여기서 ‘당사자가 책임질 수 없는 사유’라 함은 당사자가 그 소송행위를 하기 위하여 일반적으로 하여야 할 주의를 다하였음에도 불구하고 그 기간을 준수할 수 없었던 경우를 가리키는 것이다(대법원 1999. 6. 11. 선고 99다9622 판결 등 참조). 또한 당사자가 소송의 진행상황을 조사하지 않아 불변기간을 지키지 못하였다면 이를 당사자가 책임질 수 없는 사유로 말미암은 것이라고 할 수 없고, 판결의 선고 및 송달 사실을 알지 못하여 상소기간을 지키지 못한 데 과실이 없다는 사정은 상소를 추후보완하고자 하는 당사자 측에서 주장ㆍ입증하여야 한다(대법원 2013. 4. 25. 선고 2012다98423 판결, 2018. 8. 30. 선고 2018다229984 판결 등 참조).  2) 이 사건 화해권고결정의 송달이 적법하다는 점은 앞서 본 바와 같고, 피고는 이를 적법하게 송달받고도 그로부터 2주 내에 이의신청을 하지 않은바, 위 법리에 비추어 피고가 책임질 수 없는 사유로 기간 내에 이의신청을 하지 못한 것인지에 관하여 보건대, 피고가 이 사건 화해권고결정이 송달될 무렵인 2016. 10. 4.부터 2016. 11. 14.까지 사이에 ○○○○○대학교△△△△△병원에 입원하여 있었다거나 원고와 피고가 이 사건 화해권고결정이 확정된 이후에도 2019. 12.경까지 동거하였다는 사정만으로는 피고가 소송행위를 하기 위하여 일반적으로 하여야 할 주의를 다하였음에도 불구하고 책임질 수 없는 사유로 이의신청기간을 준수할 수 없었다고 인정하기에 부족하고, 달리 이를 인정할 만한 증거가 없다.     오히려 앞서 든 각 증거에 변론 전체의 취지를 더하여 인정되는 다음과 같은 사정 즉, ① 피고는 2016. 8. 4. 이 사건 소장을 직접 송달받아 이 사건 소가 계속된 사실을 잘 알고 있었으므로 피고로서는 법원에 문의ㆍ확인하는 등의 방법으로 이 사건 소송의 진행 상황과 그 결과를 충분히 알아볼 수 있었고, 또 피고에게는 그러한 소송의 진행 상황을 조사할 의무가 있었던 점, ② 그런데도 피고는 이 사건 화해권고결정 정본이 송달된 뒤 2년 10개월이 경과한 2019. 8. 26.에서야 추완이의신청을 하는 등 소장을 송달받고도 장기간 재판진행 상황을 제때 알아보지 않았던 것으로 보이는 점 등에 비추어 보면, 피고가 이 사건 화해권고결정에 대한 이의신청기간을 도과하게 된 것은 소송의 진행상황을 조사할 피고의 의무를 다하지 않은 데에 따른 것으로서 피고가 책임질 수 없는 사유로 말미암아 이의신청기간을 지키지 못하였다고 보기 어렵다.3. 결론  그렇다면, 제1심 판결은 정당하므로 피고의 항소는 이유 없어 이를 기각하기로 하여 주문과 같이 판결한다.  판사 이상균(재판장) 김유경 김대현 "
218409,이혼ㆍ이혼및양육자지정,2018드단6047,전주지방법원,내용없음,"원고(병합피고) 원고(병합피고)피고(병합원고) 피고(병합원고)(소송대리인 변호사 이영원)사 건 본 인 사건본인 1 외 1인변론종결2020. 1. 21.주    문1. 원고(병합피고)와 피고(병합원고)는 이혼한다. 2. 피고(병합원고)의 위자료 청구를 기각한다. 3. 사건본인들에 대한 친권자 및 양육자로 원고(병합피고)를 지정한다. 4. 피고(병합원고)는 2020. 3.부터 다음과 같이 사건본인들을 면접 교섭할 수 있다.   가. 일정 : 매월 2회 둘째와 넷째 주 일요일 10:00부터 같은 날 19:00까지   나. 인도 및 인수 방법 : 사건본인들의 거주지 또는 원고(병합피고)와 피고(병합원고)가 협의한 장소에서 인도 및 인수   다. 원고(병합피고)와 피고(병합원고)는 서로 협의하여 위 면접 교섭의 일정과 방법 등을 조정ㆍ변경할 수 있다. 5. 소송비용은 본소와 병합된 소를 합하여 각자 부담한다. 청 구 취 지본소 : 주문 제1ㆍ3항과 같다. 병합된 소 : 주문 제1항 및 원고(병합피고, 이하 ‘원고’라고만 한다)는 피고(병합원고, 이하 ‘피고’라고만 한다)에게 위자료로 30,000,000원을 지급하라. 사건본인들에 대한 친권자 및 양육자로 피고를 지정한다. 원고는 피고에게 사건본인들의 양육비로 이 사건 소장 부본 송달일 다음 날부터 사건본인들이 각 성년이 될 때까지 사건본인 1인당 월 391,800원씩을 매월 말일에 지급하라. 이    유본소와 병합된 소를 함께 본다. 1. 인정 사실   가. 원고는 2015. 9. 10. 피고(베트남 국적, 2015. 12. 13. 대한민국 입국)와 혼인하여 슬하에 사건본인들을 두고 있다.   나. 원고와 피고는 혼인 기간 동안 부부로서의 상호 존중과 신뢰관계를 형성하지 못하였는데, 원고는 지속적으로 폭언과 욕설을 하는 등 피고를 무시하면서 혼인을 계약관계로 생각한 나머지 억압적인 태도를 취하였던 반면, 피고도 원고와의 소통 노력을 소홀히 한 채 자신의 입장만 고수하며 원고를 경찰에 신고하고 이혼을 요구하다가 원고와 상의 없이 사건본인 1을 데리고 베트남으로 출국함으로써 심한 가정불화가 야기되었다.      다. 피고는 2018. 8. 15.경 가출한 이래 현재까지 원고와 별거 중이다.   라. 별거 기간 동안 피고가 사건본인 1을 양육하여 왔다.   마. 쌍방은 현재 모두 상대방을 비난하며 이혼을 원하고 있다.    인정 근거 다툼 없는 사실, 갑 제1, 2, 4 내지 10, 13호증, 을 제5, 7호증, 을 제6호증의 2의 각 기재, 가사조사관의 조사보고서, 변론 전체의 취지 2. 이혼과 위자료 청구에 관한 판단   가. 이혼 청구      위 인정 사실에 원ㆍ피고의 관계가 매우 악화되어 신뢰를 회복할 가능성이 희박한 것으로 보이고, 쌍방은 혼인관계 회복을 위하여 별다른 노력도 기울이지 않고 있는 점을 보태어 보면, 그들의 혼인관계는 문화적 차이에 따른 생활습관, 가정생활과 자녀 양육에 관한 갈등 등 다문화 가정에서 흔히 발생하는 문제들이 대화와 이해, 배려를 통해 해결되지 못하고 가출과 별거로 이어져 이미 파탄에 이르렀다고 봄이 타당하고, 이는 민법 제840조 제6호에서 정한 재판상 이혼 사유에 해당하므로, 원고와 피고의 각 이혼 청구는 모두 이유 있다.   나. 피고의 위자료 청구       피고가 제출한 증거들만으로는 혼인관계가 원고의 주된 귀책사유로 인하여 파탄되었다고 인정하기에 부족하다.       오히려 애정과 신뢰를 바탕으로 하는 혼인관계에서 갈등과 장애를 극복하고 원만한 관계를 유지하기 위해 노력할 의무는 부부 모두에게 있는 점, 원고와 피고의 혼인관계는 사랑과 신뢰를 바탕으로 상대방을 이해하고 배려하려고 노력하지 아니한 채 서로 상대방의 양보만을 요구하다가 파탄에 이른 것으로 보이는 점 등을 종합하면, 그 파탄에 대한 쌍방의 책임은 어느 쪽이 더 무겁다고 보기 어려울 정도로 대등하다고 판단될 뿐이다.      따라서 이와 다른 전제에 선 피고의 위자료 청구는 받아들이지 아니 한다.3. 친권자 및 양육자 지정, (양육비 청구), 면접 교섭(직권)에 관한 판단    가. 사건본인들에 대한 친권자 및 양육자 지정       혼인관계 파탄 경위, 사건본인 1이 대한민국과 베트남을 오가면서 양육되고 있는 관계로 한국어를 제대로 습득하지 못하여 향후 유치원, 학교생활에 적응하기 어려울 가능성이 있는 점, 사건본인들의 나이, 성별 및 건강 상태, 양육 환경, 현재 양육 상황, 보조 양육자의 존재, 분리 양육이 바람직하지 않은 것으로 판단되는 점 등을 참작하여 사건본인들의 성장과 복리를 위해 그 친권자 및 양육자로 원고를 지정한다.    나. 면접 교섭       면접교섭은 비양육부모만이 아니라 부성과 모성을 균형 있게 느끼면서 정서적으로 건강하게 성장할 수 있는 사건본인들의 권리이기도 한 점, 사건본인들의 나이, 양육 환경, 원고 및 피고와 사건본인들과의 유대관계 유지 필요성, 가사조사 결과 등 이 사건 변론에 나타난 여러 사정을 참작하여 주문 제4항과 같이 면접 교섭에 관한 사항을 정하는 것이 사건본인들의 복리를 위해 합당하다고 판단된다(직권). 판사 박대준 "
214491,이혼등ㆍ이혼등청구의소,2018드단205427,부산가정법원,"법률상 부부인 甲과 乙이 혼인기간 동안 누적된 불만과 갈등을 이유로 상호 이혼 등의 본소 및 반소를 제기한 사안이다.甲이 협의이혼의사확인 신청일 이후 숙려기간에 다른 이성과 교제한 점, 일반적으로 부부간 갈등과정에서 별거기간 또는 협의이혼 숙려기간은 혼인관계 유지 등에 관한 진지한 고민의 시간이자 혼인관계 회복을 위한 노력의 시간이기도 하므로 특별한 사정이 없는 한 협의이혼 숙려기간 중 다른 이성과 교제하는 것 역시 혼인관계의 유지를 방해하고 상대방의 신뢰를 훼손하는 부정행위에 해당하는데, 甲이 다른 이성과 교제를 시작한 시기, 甲과 乙 사이의 갈등이 증폭된 경위와 그 시기 등에 비추어 보면, 甲과 乙의 혼인관계는 혼인기간 동안 상호 간에 누적된 불만과 갈등에 더하여 甲의 협의이혼 숙려기간 중의 교제 등 甲과 다른 이성과의 부적절한 관계가 주요한 원인이 되어 파탄에 이르게 되었다고 보이므로, 유책배우자인 甲의 이혼 및 위자료 청구를 배척하고, 乙의 이혼 및 위자료 청구를 인용한 사례이다.","원고(반소피고) 원고(반소피고) (소송대리인 법무법인 해람 담당변호사 소현완 외 1인)피고(반소원고) 피고(반소원고) (소송대리인 법무법인 로앤 담당변호사 이명조 외 1인)사건본인 사건본인 1 외 1인변론종결2019. 10. 18.주    문 1. 반소에 의하여, 원고(반소피고)와 피고(반소원고)는 이혼한다. 2. 원고(반소피고)는 피고(반소원고)에게 위자료 10,000,000원과 이에 대하여 2019. 8. 8.부터 2020. 2. 14.까지는 연 5%, 그 다음 날부터 다 갚는 날까지는 연 12%의 각 비율로 계산한 돈을 지급하라. 3. 원고(반소피고)의 본소 이혼 및 위자료 청구와 피고(반소원고)의 반소 나머지 위자료 청구를 각 기각한다. 4. 피고(반소원고)는 원고(반소피고)에게 재산분할로 70,000,000원과 이에 대하여 이 판결 확정일 다음 날부터 다 갚는 날까지 연 5%의 비율로 계산한 돈을 지급하라. 5. 사건본인들의 친권자 및 양육자로 피고(반소원고)를 지정한다. 6. 원고(반소피고)는 피고(반소원고)에게 가. 사건본인들의 과거양육비로 15,000,000원을 지급하고, 나. 사건본인들의 장래양육비로 2020. 2.부터 사건본인들이 각 성년에 이를 때까지 사건본인 1인당 월 50만 원을 매월 말일에 지급하라. 7. 원고(반소피고)는 다음과 같이 사건본인들과 면접교섭할 수 있다. 가. 일정 1) 월 2회: 매월 둘째, 넷째 토요일 10:00부터 일요일 19:00까지(1박 2일) 2) 그 밖에 원고(반소피고)와 피고(반소원고)는 만나기 2일 전까지 면접교섭의 가능 여부, 시간과 장소, 인도방법 등을 협의하고, 그 협의에 따라 위 일정을 변경하거나 위 일정 외에 추가로 면접교섭을 실시할 수 있다. 3) 원고(반소피고)와 피고(반소원고)는 면접교섭을 계획하고 실시함에 있어 사건본인들의 정서 상태와 건강 등을 우선적으로 고려하여야 한다. 나. 장소: 원고(반소피고)가 책임질 수 있는 장소 다. 인도방법: 원고(반소피고)가 사건본인들의 주거지 또는 피고(반소원고)와 협의하여 정한 장소로 가서 사건본인들을 인도받고, 면접교섭을 마친 후에는 다시 같은 장소로 데려다주면서 인도하는 방법 라. 허용의무: 피고(반소원고)는 위와 같은 면접교섭이 원만하게 실시될 수 있도록 적극 협조하여야 하고, 이를 방해하여서는 아니 된다. 8. 소송비용은 본소, 반소를 통틀어 각자 부담한다. 9. 제2, 6항은 가집행할 수 있다.청구취지○ 본소: 별지 청구취지 기재와 같다.○ 반소: 주문 제1, 5항, 원고(반소피고, 이하 ‘원고’라 한다)는 피고(반소원고, 이하 ‘피고’라 한다)에게 위자료 3,000만 원과 이에 대하여 이 사건 반소장 부본 송달일 다음 날부터 다 갚는 날까지 연 12%의 비율로 계산한 돈을, 재산분할로 21,778,136원과 이에 대하여 이 판결 확정일 다음 날부터 다 갚는 날까지 연 5%의 비율로 계산한 돈을 각 지급하라. 원고는 피고에게 사건본인들의 과거양육비로 3,600만 원을 지급하고, 장래양육비로 이 판결 확정일로부터 사건본인들이 각 성년이 이를 때까지 사건본인 1인당 월 100만 원을 매월 말일에 지급하라.이    유1. 인정 사실 가. 원고와 피고는 2006. 8. 22. 혼인신고를 마치고 그 사이에 사건본인들을 둔 법률상 부부이다. 나. 피고는 혼인기간 동안 건설업을 영위하면서 소득을 올렸고, 원고는 전업주부로 가사와 자녀 양육을 전담하다가 2011. 9.경부터 초등학교 방과 후 교사로 근무하였다. 다. 원고는 2013년경 피고와 함께 골프 동호회에 가입하여 활동하였는데, 그 무렵 같은 동호회 남자회원으로부터 골프의류를 대신 구매해달라는 요청을 받고 이를 구입하여 원고의 차량 뒷좌석에 놓아두었다가 이를 발견한 피고로부터 부정행위 의심을 받게 되었다. 위 사건을 계기로 원고와 피고는 동호회 활동을 그만두었고, 피고는 원고의 외부활동을 경계하면서 통제하려 하였다. 라. 원고는 2016. 9.경 피고의 동의를 받고 배드민턴 동호회 활동을 다시 시작하였으나, 원고가 약속한 귀가시간인 밤 10시를 넘기는 경우가 잦아지고 방학을 맞아 낮에도 배드민턴 운동을 하게 되자, 이에 불만을 가진 피고가 2018. 1.경 동호회 활동을 그만둘 것을 요구하였다. 원고는 이를 거절하면서 오히려 이혼을 요구하였고, 피고가 이에 응하면서 원고와 피고는 2018. 2. 14.경 이 법원에 협의이혼의사확인 신청을 하였다. 마. 한편 원고는 2018. 1. 말 또는 2018. 2. 초경부터 배드민턴 동호회 회장이던 소외 1을 개인적으로 만나기 시작하였다. 원고는 2018. 3. 4.경 소외 1을 만나 영화를 관람하였고, 2018. 3. 13.경에는 함께 피아노 공연을 보기도 하였으며, 피고와의 이혼 등 법률문제 상담을 위해 변호사 사무실을 찾을 때 소외 1과 동행하였다. 바. 피고는 원고의 SNS 계정에 몰래 접속하여 원고와 소외 1의 관계를 알게 되었고, 2018. 3. 22.경에는 배드민턴 동호회 회원들을 단체 카톡방에 초대하여 원고와 소외 1이 부정행위를 하였다는 취지의 글을 올렸다. 이에 원고와 소외 1이 피고를 명예훼손 등의 혐의로 고발하였는데, 원고에 대한 혐의는 기소유예처분이, 소외 1에 대한 혐의는 벌금 100만 원의 약식명령이 내려졌다. 사. 원고는 2018. 4. 4.경 집을 나와 그 무렵부터 피고와 별거하고 있다. 인정 근거 갑 제1 내지 4, 9, 11호증(가지번호 있는 것은 가지번호 포함, 이하 같다), 을 제6, 18, 20호증의 각 기재 또는 영상, 가사조사관 작성의 조사보고서, 변론 전체의 취지 2. 본소 및 반소의 각 이혼 및 위자료 청구에 관한 판단 가. 본소 및 반소 이혼 청구: 본소 기각(유책배우자), 반소 인용(민법 제840조 제1, 6호) 나. 본소 및 반소 위자료 청구: 본소 기각, 반소 일부 인용(위자료 1,000만 원 및 이에 대한 지연손해금) 판단 근거 ○ 혼인관계 파탄 인정: 위 인정 사실에 나타난 부부간 갈등의 내용 및 정도, 원고와 피고가 2018. 4.경부터 별거 중이고, 이 사건 본소와 반소로 이혼을 구하고 있는 점 등 변론에 나타난 여러 사정을 참작 ○ 혼인파탄의 주된 책임: 원고와 소외 1이 교제하기 시작한 정확한 날짜를 특정할 수는 없으나 적어도 협의이혼의사확인 신청일 이후 숙려기간에 교제한 점에 대하여는 원고도 인정하고 있다. 일반적으로 부부간 갈등과정에서 별거기간 또는 협의이혼 숙려기간은 혼인관계 유지 등에 관한 진지한 고민의 시간이자 혼인관계 회복을 위한 노력의 시간이기도 하므로 특별한 사정이 없는 한 협의이혼 숙려기간 중 다른 이성과 교제하는 것 역시 혼인관계의 유지를 방해하고 상대방의 신뢰를 훼손하는 부정행위에 해당한다. 나아가 원고와 소외 1이 교제를 시작한 시기, 원고와 피고 사이의 갈등이 증폭된 경위와 그 시기 등에 비추어 보면, 원고와 소외 1의 관계가 이 사건 혼인관계 파탄에 상당한 영향을 미친 것으로 보인다. 한편 피고에게도 혼인기간 동안 원고의 입장을 이해하고 서로의 입장 차이를 조율하려는 적극적인 노력을 기울이기보다는 원고를 비난하고 통제하려는 가부장적인 방법으로 갈등을 무마하려 한 잘못이 있으나, 그 책임의 정도가 원고의 책임을 상쇄할 정도에 이른다고 보이지는 않는다. 따라서 여러 사정을 종합해 보면, 원고와 피고의 혼인관계는 혼인기간 동안 상호 간에 누적된 불만과 갈등에 더하여 원고와 소외 1의 부적절한 관계가 주요한 원인이 되어 파탄에 이르게 되었다고 봄이 상당하므로, 그 책임은 원고에게 조금 더 있다고 판단된다. ○ 위자료 액수: 혼인관계 파탄의 경위 및 책임의 정도, 원고와 피고의 혼인기간, 나이, 직업, 경제력 등 변론에 나타난 여러 사정을 참작하여 원고가 피고에게 지급하여야 할 위자료의 액수를 1,000만 원으로 정한다. 다. 소결론 1) 반소에 의하여, 원고와 피고는 이혼한다. 2) 유책배우자인 원고의 이혼 및 위자료 청구는 이유 없어 기각한다. 3) 원고는 피고에게 위자료로 1,000만 원과 이에 대하여 이 사건 반소장 부본 송달일 다음 날인 2019. 8. 8.부터 원고가 그 이행의무의 존부 및 범위에 관해 항쟁함이 상당한 이 판결 선고일인 2020. 2. 14.까지는 민법이 정한 연 5%, 그 다음 날부터 다 갚는 날까지는 소송촉진 등에 관한 특례법이 정한 연 12%의 각 비율로 계산한 지연손해금을 지급할 의무가 있다. 3. 본소 및 반소의 각 재산분할 청구에 관한 판단 가. 분할대상재산 및 가액: 별지 분할재산명세표 기재와 같다(분할대상재산 및 가액을 산정하는 기준시점은 원칙적으로 이 사건 변론종결일로 정하되, 소비나 은닉이 용이한 금융재산은 원고와 피고가 별거하기 시작한 날로서 혼인관계가 파탄된 시점으로 볼 수 있는 2018. 4. 4.경을 기준으로 하고, 그 밖에 원고와 피고가 일치하여 진술하거나 금융거래정보제출명령 결과 등에 나타난 가액에 대하여는 특별한 사정이 없는 한 그대로 인정한다. 다만 가액이 10,000원 미만인 것은 제외한다). 나. 불포함재산 1) 원고의 ○○은행 예금채권: 피고는 원고의 ○○은행 예금채권이 15,068,245원에 이른다고 주장하나, 갑 제20호증의 기재, 이 법원의 ○○은행 및 △△△△△△에 대한 각 금융거래제출명령 결과에 변론 전체의 취지를 종합하면, 원고가 혼인 파탄일을 전후하여 해지한 각종 보험 및 펀드 해지환급금 등 합계 1,500만 원 상당이 원고의 현 거주지 전세보증금 중 일부에 충당된 사실이 인정되므로, 전세보증금 1억 4,000만 원을 원고의 적극재산에 포함시킨 이상 위 1,500만 원 상당을 중복하여 원고의 적극재산에 반영할 수는 없다. 피고의 이 부분 주장은 이유 없다. 2) 피고의 어머니 소외 2에 대한 1억 원의 차용금 채무: 피고는 2017. 6.경부터 2018. 5.까지 (주)현창건설로부터 부산 강서구 (주소 생략) 소재 □□□ 빌딩 및 ◇◇빌딩의 신축공사를 도급받았는데, 2017. 8. 31. 인부들에게 지급할 2017. 7.분 노무비로 약 9,000만 원 상당이 필요하였으나 지급받은 기성금이 약 6,700만 원밖에 되지 않아 자신의 어머니 소외 2로부터 1억 원을 빌려 이에 충당하였다는 취지로 주장하나, 피고 명의 ☆☆은행 계좌(계좌번호 생략)에 소외 2 명의로 입금된 금액은 1억 원이 아닌 9,400만 원인 점, 피고 주장에 의하더라도 부족한 노무비 차액은 2,300만 원에 불과하고 나머지 돈의 용처에 관하여는 아무런 주장ㆍ입증이 없는 점, 피고가 그동안 소외 2에게 월 50만 원씩의 이자를 지급한 내역을 찾을 수 없는 점 등에 비추어 보면, 을 제15, 16호증의 각 기재만으로는 피고가 소외 2로부터 1억 원을 차용하였고 위 돈이 혼인공동생활을 위해 사용되었음을 인정하기에 부족하고 달리 이를 인정할 증거가 없다. 피고의 이 부분 주장은 이유 없다. 3) 피고의 2018. 3. 23.자 6,900만 원 및 2018. 3. 27.자 3,500만 원의 각 대출채무: 피고는, 2017. 6. 20.경 피고가 (주)현창건설로부터 도급받은 공사 중 일부를 소외 3에게 하도급을 주었는데, 2018. 3. 23. ☆☆은행에서 6,900만 원을 대출받아 소외 3에게 하도급대금 7,000만 원을 지급하였고, 2018. 3. 27. 같은 은행에서 3,500만 원을 대출받아 자재업자인 소외 4에게 자재대금 3,500만 원을 지급하였는바, 이는 혼인파탄일인 2018. 4. 4. 이전에 공사일정에 따라 정상적으로 발생한 채무로서 분할대상에 포함되어야 한다고 주장한다. 그러나 갑 제23호증의 기재, 이 법원의 ☆☆은행에 대한 금융거래제출명령 결과에 변론 전체의 취지를 종합하여 알 수 있는 다음과 같은 사정, 즉 피고는 2017. 7.경부터 2018. 9.경까지 (주)현창건설로부터 수시로 기성금을 지급받았음에도 소외 3에게는 위 7,000만 원 외에 기성금을 지급한 내역이 없는 점, 소외 3은 2018. 6. 8. 피고 명의 ☆☆은행 계좌(계좌번호 생략)로 7,000만 원을 송금하여 위 7,000만 원을 반환한 듯한 내역이 있는 점, 위 소외 4 또한 2018. 11. 30. 같은 계좌로 3,500만 원을 송금하여 위 3,500만 원을 반환한 듯한 내역이 있는 점, 피고는 소외 3과 소외 4가 위와 같이 피고로부터 지급받은 돈을 몇 달 뒤에 돌려준 이유에 관하여 아무런 설명을 하지 않고 있는 점 등에 비추어 보면, 을 제23호증의 기재만으로는 위 각 대출채무가 피고의 사업상 불가피한 대출이었고, 나아가 위 대출금이 혼인공동생활을 위해 사용되었음을 인정하기에 부족하고, 달리 이를 인정할 증거가 없다. 피고의 이 부분 주장은 이유 없다. 4) 피고의 ▽▽▽▽보험(어린이보험) 예상환급금 2건 및 ◎◎◎◎◎◎◎보험 예상환급금 2건: 이 법원의 ▽▽▽▽보험 및 ◎◎◎◎◎◎◎보험에 대한 각 금융거래정보제출명령 결과에 의하면, 위 각 보험계약은 혼인파탄일을 전후하여 체결된 것으로서 원고의 기여도를 인정하기 어렵다. 피고의 적극재산에서 제외한다. 다. 재산분할의 비율과 방법 1) 재산분할의 비율: 원고 40%, 피고 60% 판단 근거 원피고의 나이, 직업, 혼인생활의 과정과 기간, 분할대상재산의 형성 및 유지에 대한 원피고의 기여 정도, 아래에서 보는 바와 같이 피고가 사건본인들을 양육하게 되는 점 등 변론에 나타난 여러 사정을 참작 2) 재산분할의 방법: 분할대상재산의 명의와 형태, 취득경위, 분할의 편의성, 현재의 이용상황 등을 고려하여 원고와 피고 명의로 된 적극재산 및 소극재산은 그 명의대로 각자에게 귀속시키기로 하되, 위 분할비율에 따라 원고에게 궁극적으로 귀속되어야 할 금액 중 부족한 부분을 피고가 원고에게 현금으로 지급하는 것으로 정함 3) 재산분할정산금: 70,000,000원(아래에서 계산된 차액을 하회하는 금액으로 정함) 계산식 ① 원고와 피고의 순재산 중 재산분할 비율에 따른 원고의 몫: 105,306,767원 (= 원고와 피고의 순재산 합계 263,266,919원 × 40%, 원 미만은 버림) ② 원고의 순재산과 위 ①항 기재 금액과의 차액: 70,577,879원 (= 105,306,767원 - 34,728,888원) 라. 소결론 따라서 피고는 원고에게 재산분할로 70,000,000원과 이에 대하여 이 판결 확정일 다음 날부터 다 갚는 날까지 민법이 정한 연 5%의 비율로 계산한 지연손해금을 지급할 의무가 있다. 4. 본소 및 반소 각 친권자ㆍ양육자 지정 및 양육비 등 청구에 관한 판단 가. 친권자 및 양육자: 피고로 지정 판단 근거 사건본인들의 나이와 성별, 현재의 양육 상황, 원고와 피고의 양육 환경 및 당사자들의 의사 등 변론에 나타난 여러 사정을 참작 나. 양육비: 사건본인들의 나이 및 양육 상황, 원고와 피고의 나이, 직업, 소득 및 생활 능력, 서울가정법원이 공표한 양육비산정기준표, 당사자의 의사 등 변론에 나타난 여러 사정을 참작하여, 사건본인들의 양육비를 1인당 월 50만 원으로 정한다. 따라서 원고는 피고에게 사건본인들의 과거양육비로 1,500만 원(2018. 4.부터 2020. 1.까지 월 100만 원으로 계산한 미지급 양육비 중 일부)을 지급하고, 장래양육비로 2020. 2.부터 사건본인들이 각 성년에 이를 때까지 사건본인 1인당 월 50만 원을 매월 말일에 지급할 의무가 있다. 다. 면접교섭: 비양육친은 사건본인의 복리에 반하지 않는 한 사건본인과 면접교섭할 권리가 있는바, 사건본인들의 나이, 양육 상황, 면접교섭에 관한 당사자의 의사 등을 종합하여, 주문 제7항 기재와 같이 면접교섭에 관하여 정한다. 5. 결론 그렇다면 피고의 반소 이혼 청구는 이유 있어 인용하고, 반소 위자료 청구는 위 인정 범위 내에서 이유 있어 인용하고 나머지 청구는 이유 없어 기각하며, 원고의 본소 이혼 및 위자료 청구는 이유 없어 기각하고, 재산분할, 친권자 및 양육자 지정, 양육비, 면접교섭 청구에 관하여는 위와 같이 정하기로 하여, 주문과 같이 판결한다.　별   지 청구취지: 생략별   지 분할재산명세표: 생략판사 정일예 "
225857,이혼,2016드단7762,대구가정법원,내용없음,"원       고 원고피       고 피고변론종결2019. 11. 27.주    문1. 이 사건 소송은 이 법원의 2016. 10. 12.자 화해권고결정이 2016. 11. 1. 확정됨으로써 종료되었다.2. 피고의 2019. 8. 26.자 추완이의신청을 각하한다.3. 소송종료 이후의 소송비용은 피고가 부담한다.청 구 취 지원고와 피고는 이혼한다.이    유1. 인정사실  다음의 사실은 이 법원에 현저하거나 기록상 명백하다.  가. 이 법원은 원고와 피고가 이혼한다는 내용의 2016. 10. 12.자 화해권고결정(이하 ‘이 사건 결정’이라 한다)을 하였다.  나. 이 사건 결정 정본은 원고와 피고의 주소지인 대구 북구 (주소 생략)(이하 ‘이 사건 송달장소’라 한다)로 송달되었는데, 원고와 피고의 성년 자녀이자 동거인인 소외인이 2016. 10. 17. 원고에 대한 결정 정본과 피고에 대한 결정 정본을 동시에 송달받았다.  다. 원고와 피고는 모두 이 사건 결정 정본이 송달된 날로부터 2주 이내에 이의신청서를 제출하지 않았다.  라. 피고는 2019. 8. 26. ‘소외인이 이 사건 결정 정본을 송달받은 것을 믿을 수 없고 따뜻한 가정을 유지하고 싶으니 선처를 부탁한다’라는 내용으로 이 사건 결정에 대한 ‘추완항소장’(이는 제1심 판결을 대상으로 삼지 않은 것이 명백하므로, 이하 피고의 주장 취지에 따라 ‘이 사건 추완이의신청’이라 한다)을 이 법원에 제출하였다.2. 피고의 주장 요지  장애인인 소외인에 대한 이 사건 결정 정본 송달은 부적법하다. 또한 이 사건 결정 정본의 송달 당시 피고는 ○○○○○대학교△△△△△병원에 입원 중이어서 이 사건 결정이 내려진 사실을 알 수도 없었다. 따라서 이 사건 추완이의신청은 적법하다.3. 판단가. 이 사건 결정 정본 송달의 적법 여부    1) 민사소송법 제183조 제1항 본문은 “송달은 받을 사람의 주소ㆍ거소ㆍ영업소 또는 사무소에서 한다.”라고, 같은 법 제186조 제1항은 “근무장소 외의 송달할 장소에서 송달받을 사람을 만나지 못한 때에는 그 사무원, 피용자 또는 동거인으로서 사리를 분별할 지능이 있는 사람에게 서류를 교부할 수 있다.”라고 각 규정하고 있다.    2) 기록 및 변론 전체의 취지를 종합하여 알 수 있는 다음의 사정을 종합하여 보면, 피고의 동거인인 소외인에 대한 이 사건 결정 정본 송달은 가사소송법 제12조, 민사소송법 제186조 제1항에 의하여 적법하다.① 원고가 2016. 8. 1. 이 사건 소를 제기할 당시 원고, 피고, 소외인은 모두 이 사건 송달장소에서 주민등록상 동일 세대를 구성하며 동거하고 있었고, 피고는 2016. 8. 4. 이 사건 송달장소에서 소장 부본 등을 직접 송달받았다.② 소외인은 (생년월일 생략)생으로 하지기능 장애 및 시각장애를 갖고 있으나, 지적 능력과 관련한 장애는 가지고 있지 않고, □□□□학교의 초ㆍ중ㆍ고등학교 과정 및 ○○○○○대학교 사회복지학과를 모두 졸업한 뒤 2011. 8. 31. ◇◇대학교 행정대학원에서 사회복지학과 석사학위 과정을 수료하였다. 위와 같은 소외인의 나이와 학력 등에 비추어 보면, 소외인은 송달의 취지를 이해하고 자신이 영수한 서류를 송달받을 사람에게 교부할 것을 기대할 수 있는 정도의 판단력이 충분하다고 판단된다. 아울러 이 사건에 관하여 소외인과 피고 사이에 어떠한 이해의 대립 내지 상반된 이해관계가 있다고 볼 만한 자료도 없다.나. 피고의 추완이의신청의 적법 여부    1) 민사소송법 제173조 제1항은 “당사자가 책임질 수 없는 사유로 말미암아 불변기간을 지킬 수 없었던 경우에는 그 사유가 없어진 날부터 2주 이내에 게을리 한 소송행위를 보완할 수 있다.”고 규정하고 있는데, 여기에서 ‘당사자가 책임질 수 없는 사유’는 당사자가 그 소송행위를 하기 위하여 일반적으로 하여야 할 주의를 다하였음에도 불구하고 그 기간을 준수할 수 없었던 사유를 가리키고, 그 사유에 대해서는 소송행위를 보완하고자 하는 당사자 측에서 주장ㆍ증명하여야 한다(대법원 2012. 10. 11. 선고 2012다44730 판결 참조).    2) 피고는 앞서 본 바와 같이 이 사건 소장 부본 등을 직접 송달받아 원고가 피고를 상대로 이 사건 이혼 소송을 제기하였음을 알고 있었음에도, 이 사건 결정 정본이 송달된 뒤 2년 10개월이 경과한 2019. 8. 26.에야 비로소 이 사건 추완이의신청을 하였는데, 피고가 이 사건 결정 정본 송달 당시 입원 중이었다는 사정만으로는 피고가 소송행위를 하기 위하여 일반적으로 하여야 할 주의를 다하였다거나 그럼에도 불구하고 이의신청기간을 준수할 수 없었던 사유가 있었다고 보기에는 부족하고, 피고가 제출한 다른 자료들을 살펴보아도 위와 같은 사유를 증명하기에는 부족하다.다. 소결론    이 사건 결정은 피고에게 적법하게 송달되어 이의신청기간의 도과로 확정되었고, 피고가 책임질 수 없는 사유로 위 불변기간을 준수할 수 없었던 경우에 해당한다고 볼 수도 없다. 따라서 피고의 이 사건 추완이의신청은 부적법하다.4. 결론  이 사건 소송은 이 사건 결정이 2016. 11. 1. 확정됨으로써 종료되었는바, 피고가 이를 다투고 있으므로 소송종료선언을 하고, 피고의 이 사건 추완이의신청은 각하하기로 하여 주문과 같이 판결한다.판사 김유미 "
210429,이혼등·이혼및양육자지정,2019므12549,대법원,"  1 재판상 이혼에 따른 재산분할을 할 때 분할의 대상이 되는 재산과 그 액수는 이혼소송의 사실심 변론종결일을 기준으로 하여 정하는 것이 원칙이다. 다만 혼인관계가 파탄된 이후 사실심 변론종결일 사이에 생긴 재산관계의 변동이 부부 중 일방에 의한 후발적 사정에 의한 것으로서 혼인 중 공동으로 형성한 재산관계와 무관하다는 등 특별한 사정이 있는 경우 그 변동된 재산은 재산분할 대상에서 제외하여야 하나, 부부의 일방이 혼인관계 파탄 이후에 취득한 재산이라도 그것이 혼인관계 파탄 이전에 쌍방의 협력에 의하여 형성된 유형·무형의 자원에 기한 것이라면 재산분할의 대상이 된다.  2 甲이 혼인 전에 개설한 주택청약종합저축 계좌를 통해 청약주택 관련 1순위 자격요건을 충족한 상태에서 乙과 혼인신고를 한 다음 아파트의 예비당첨자로 당첨되어 아파트에 관한 공급계약을 체결하였고, 그 후 별거로 인하여 혼인관계가 파탄된 시점까지 아파트의 분양대금 중 계약금 및 중도금 등을 납입하였으며, 혼인관계의 파탄 이후 잔금을 지급하고 甲 명의로 소유권이전등기를 마친 사안에서, 甲이 乙과 혼인생활을 시작한 후에 아파트에 관한 공급계약을 체결하였고, 이후 혼인관계가 파탄에 이르기 전까지 계약금 및 중도금으로 아파트의 분양대금 중 70%가량을 납입함으로써 혼인관계 파탄 이전에 이미 분양대금 잔금의 납입을 통해 아파트의 소유권을 취득할 것이 잠재적으로 예정되어 있었던 점, 甲이 공급계약을 체결하고 분양대금을 납입하는 기간 동안 乙은 자녀를 출산하고 가사와 육아를 돌보았을 뿐만 아니라 회사에 복직하여 소득활동을 하는 한편 가사와 육아에 관하여 乙의 모친의 도움을 받은 점 등에 비추어 설령 甲이 혼인관계 파탄 이후 아파트의 소유권을 취득하였다고 하더라도, 이는 혼인관계 파탄 이전에 甲과 乙 쌍방의 협력에 의하여 형성된 유형·무형의 자원에 터 잡은 것이므로, 재산분할의 대상은 혼인관계 파탄 이전에 납입한 분양대금이 아니라 사실심 변론종결일 이전에 취득한 아파트가 되어야 하는데도, 이와 달리 본 원심판단에 법리오해의 잘못이 있다고 한 사례.","원고(반소피고), 상고인 원고(반소피고) (소송대리인 법무법인 한송 담당변호사 류상훈 외 1인)피고(반소원고), 피상고인 피고(반소원고) (소송대리인 변호사 김준희 외 1인)사건본인 사건본인원심판결 수원가법 2019. 5. 23. 선고 2019르123, 130 판결주    문  원심판결 중 재산분할에 관한 부분을 파기하고, 이 부분 사건을 수원가정법원에 환송한다.이    유  상고이유를 판단한다.  1. 원심은, 피고(반소원고, 이하 ‘피고’라고 한다)는 혼인 전에 개설한 주택청약종합저축 계좌를 통해 청약주택 관련 1순위 자격요건을 충족한 상태에서 2014. 8. 8. 원고(반소피고, 이하 ‘원고’라고 한다)와 혼인신고를 한 다음 남양주시 (주소 생략)○○○○○이편한세상 △△△△동□□□□호(이하 ‘이 사건 아파트’라고 한다)의 예비당첨자로 당첨되어 2015. 7. 3. 분양대금을 275,060,000원으로 하는 공급계약을 체결한 사실, 피고는 그 무렵부터 별거로 인하여 혼인관계가 파탄된 2017. 10.경까지 이 사건 아파트의 분양대금 중 계약금, 중도금 193,060,000원과 발코니 확장공사 계약금 1,168,200원, 합계 193,710,200원을 납입한 사실, 혼인관계 파탄 당시까지는 피고가 이 사건 아파트의 분양권만 가지고 있다가 파탄 이후 2018. 3.경 잔금 82,518,000원을 지급하고 2018. 4. 3. 피고 명의로 소유권이전등기를 마친 사실을 인정한 다음, 이러한 사실에 비추어 보면, 이 사건 아파트의 경제적 가치는 혼인관계 파탄 이후 피고의 잔금 납입이라는 부부 중 일방에 의한 후발적 사정에 의하여 생긴 것으로서 혼인 중 공동으로 형성한 재산관계와 무관하다고 보아, 혼인관계 파탄 전에 납입한 분양대금 등 193,710,200원만을 재산분할 대상에 포함시키고 이 사건 아파트는 재산분할 대상에서 제외하였다.  2. 그러나 원심의 위와 같은 판단은 다음과 같은 이유로 수긍할 수 없다.  가. 재판상 이혼에 따른 재산분할을 할 때 분할의 대상이 되는 재산과 그 액수는 이혼소송의 사실심 변론종결일을 기준으로 하여 정하는 것이 원칙이다(대법원 2000. 5. 2.자 2000스13 결정 등 참조). 다만 혼인관계가 파탄된 이후 사실심 변론종결일 사이에 생긴 재산관계의 변동이 부부 중 일방에 의한 후발적 사정에 의한 것으로서 혼인 중 공동으로 형성한 재산관계와 무관하다는 등 특별한 사정이 있는 경우 그 변동된 재산은 재산분할 대상에서 제외하여야 하나(대법원 2013. 11. 28. 선고 2013므1455, 1462 판결 참조), 부부의 일방이 혼인관계 파탄 이후에 취득한 재산이라도 그것이 혼인관계 파탄 이전에 쌍방의 협력에 의하여 형성된 유형·무형의 자원에 기한 것이라면 재산분할의 대상이 된다(대법원 1999. 6. 11. 선고 96므1397 판결 참조).  나. 원심판결 이유와 적법하게 채택된 증거에 의하면, 피고는 원고와의 혼인생활을 시작한 후에야 이 사건 아파트에 관한 공급계약을 체결하였고, 이후 혼인관계가 파탄에 이르기 전까지 계약금 및 중도금으로 위 아파트의 분양대금 중 70%가량을 납입함으로써 혼인관계 파탄 이전에 이미 분양대금 잔금의 납입을 통해 이 사건 아파트의 소유권을 취득할 것이 잠재적으로 예정되어 있었던 점, 피고가 위와 같이 공급계약을 체결하고 분양대금을 납입하는 기간 동안 원고는 사건본인을 출산하고 가사와 육아를 돌보았을 뿐만 아니라 2016. 3.경부터는 회사에 복직하여 소득활동을 하는 한편 가사와 육아에 관하여 원고 모친의 도움을 받은 점 등을 알 수 있다.   이러한 사정에 비추어 보면, 설령 피고가 혼인관계 파탄 이후 이 사건 아파트의 소유권을 취득하였다고 하더라도, 이는 혼인관계 파탄 이전에 원피고 쌍방의 협력에 의하여 형성된 유형·무형의 자원에 터 잡은 것이므로, 재산분할의 대상은 혼인관계 파탄 이전에 납입한 분양대금이 아니라 사실심 변론종결일 이전에 취득한 이 사건 아파트가 되어야 한다.  그럼에도 원심은 이와 다른 전제에서 이 사건 아파트를 재산분할 대상에서 제외하고 혼인관계 파탄 전까지 납입한 분양대금만을 재산분할 대상에 포함시켰으니, 이러한 원심의 판단에는 재산분할의 대상과 기준시점에 관한 법리를 오해하여 판결에 영향을 미친 잘못이 있다. 이를 지적하는 상고이유 주장은 이유 있다.  3. 그러므로 원심판결 중 재산분할에 관한 부분을 파기하고, 이 부분 사건을 다시 심리·판단하도록 원심법원에 환송하기로 하여, 관여 대법관의 일치된 의견으로 주문과 같이 판결한다.대법관 박정화(재판장) 권순일(주심) 이기택 김선수 "
225589,이혼,2018르12146,인천가정법원,내용없음,"원고, 피항소인 겸 부대항소인 원고(영문 성명 생략) (소송대리인 법무법인 혜안 담당변호사 신동호 외 1인)피고, 항소인 겸 부대피항소인 피고 (소송대리인 법무법인 통일 담당변호사 최성진)사건본인 사건본인제1심판결 인천가정법원 부천지원 2018. 11. 21. 선고 2017드단3409 판결변론종결2019. 8. 9.주    문1. 제1심판결 중 양육비, 면접교섭 부분을 다음과 같이 변경한다.  가. 양육비 부분    1) 사건본인의 양육비로 2019. 10.부터 사건본인이 성년이 될 때까지 원고는 월 30만 원씩, 피고는 월 50만 원씩을 각 부담한다.     2) 위 1)항 기재와 같이 원고와 피고가 각 부담해야 할 사건본인의 양육비가 투명하게 관리되도록 원고와 피고는 “(원고 국문 성명 생략) 또는 (원고 영문 성명 생략)(사건본인 성명 생략)” 명의로 새로운 예금계좌를 개설하고, 그와 연결된 체크카드를 발급받는다.    3) 위 2)항 기재와 같이 새로운 예금계좌가 개설되고 체크카드가 발급되면,      가) 원고와 피고는 위 1)항 기재와 같이 자신들이 부담해야 할 양육비를 위 예금계좌로 매월 10일에 각 입금한다.       나) 국가 또는 지방자치단체가 사건본인의 양육을 보조하기 위해 지급하는 양육수당 또는 아동수당 등은 위 예금계좌로 수령한다.       다) 원고는 사건본인의 양육에 소요되는 비용(어린이집 또는 유치원 원비, 병원비, 학원비, 학용품 또는 교재 구입비, 의류 또는 위생용품 등 사건본인의 일상생활에 필요한 물품 구입비, 보험료 등)을 위 체크카드를 통해 지출하고, 피고에게 위 지출내역이 나타난 위 2)항 기재 예금계좌의 거래내역을 매년 분기별로 해당 분기 말일에 알려 주어야 한다.  나. 면접교섭 부분    피고는 사건본인이 성년이 될 때까지 사건본인의 의사를 최대한 존중하여 다음과 같이 사건본인을 면접교섭할 수 있고, 원고는 피고의 면접교섭이 원만하게 실시될 수 있도록 적극 협조하여야 한다.    1) 면접교섭 일시       가) 매월 1, 3, 4째주 토요일 11:00부터 일요일 19:00까지, 매월 2째주 일요일 11:00부터 19:00까지      나) 여름 및 겨울방학 기간 중 각 2박 3일씩     2) 면접교섭 장소 : 피고가 지정한 장소     3) 인도방법 : 원고가 피고의 주거지로 사건본인을 데리고 가서 사건본인을 피고에게 인도하고, 피고는 사건본인을 원고로부터 인도받아 책임질 수 있는 장소에서 면접교섭을 마친 다음 원고의 주거지로 사건본인을 데려다 주면서 원고에게 사건본인을 인도하는 방법    4) 기타 : 원고와 피고는 최소 3일 전 상호 협의 하에 위 면접교섭 일시, 장소 및 인도방법을 변경할 수 있다. 위 조정·변경은 사건본인의 의사를 최대한 존중하여 사건본인의 정서적 안정과 복리를 최우선적인 목표로 하여 이루어져야 한다. 2. 피고의 나머지 항소와 원고의 부대항소를 각 기각한다.3. 소송총비용은 각자 부담한다. 청구취지, 항소취지 및 부대항소취지1. 청구취지  원고와 피고는 이혼한다. 피고는 원고에게 위자료로 3,000만 원 및 이에 대하여 이 사건 청구취지 및 청구원인 변경신청서 부본 송달 다음날부터 제1심판결 선고일까지는 연 5%, 그 다음날부터 다 갚는 날까지는 연 15%의 각 비율로 계산한 돈을 지급하라. 재산분할로, 원고는 피고에게 별지 목록 기재 부동산 중 원고 지분에 관하여 이 판결 확정일자 재산분할을 원인으로 한 소유권이전등기절차를 이행하고, 피고는 원고로부터 위 부동산 지분에 관한 소유권이전등기절차를 이행받음과 동시에 원고에게 33,568,113원 및 이에 대하여 위 부동산 지분 이전일 다음날부터 다 갚는 날까지 연 5%의 비율로 계산한 돈을 지급하라. 사건본인의 친권자 및 양육자로 원고를 지정한다. 피고는 원고에게 사건본인의 양육비로, ① 제1심판결 선고일부터 사건본인이 초등학교에 입학하는 해의 2월까지는 월 60만 원씩, ② 초등학교에 입학하는 해의 3월부터 중학교에 입학하는 해의 2월까지는 월 70만 원씩, 중학교에 입학하는 해의 3월부터 고등학교에 입학하는 해의 2월까지는 월 80만 원씩, 고등학교에 입학하는 해의 3월부터 사건본인이 성년이 될 때까지는 월 90만 원씩을 매월 말일에 지급하라.2. 항소취지(피고)  제1심판결 중 친권자 및 양육자 지정과 양육비, 면접교섭 부분에 관한 피고 패소 부분을 취소하고, 위 취소 부분에 해당하는 원고의 청구를 기각한다. 3. 부대항소취지(원고)  제1심판결 중 위자료 부분을 취소하고, 피고는 원고에게 위자료로 3,000만 원 및 이에 대하여 이 사건 부대항소장 부본 송달 다음날부터 항소심 판결 선고일까지는 연 5%, 그 다음날부터 다 갚는 날까지는 연 15%의 각 비율로 계산한 돈을 지급하라. 이    유1. 이 법원의 심판 범위  원고는 피고를 상대로 이혼, 위자료, 재산분할, 친권자 및 양육자 지정과 양육비를 구하는 이 사건 소를 제기하였고, 제1심 법원은 원고의 이혼 청구를 인용하고, 위자료 청구를 기각하며, 재산분할 청구를 일부 인용하고, 사건본인의 친권자 및 양육자로 원고를 지정하며, 양육비와 면접교섭(직권 판단)에 관하여는 제1심 판결문 제5, 6항과 같이 정하는 내용의 판결을 선고하였다. 이에 대하여 피고는 친권자 및 양육자 지정과 양육비, 면접교섭 부분에 불복하여 항소하였고, 원고는 피고의 위 항소에 부대하여 패소한 위자료 부분에 불복하여 항소하였으므로, 이 법원의 심판 범위는 위자료 부분, 사건본인의 친권자 및 양육자 지정과 양육비 부분, 면접교섭 부분에 한정된다. 2. 이혼 및 위자료 청구 부분에 관한 판단  이 법원이 이 부분에 관하여 설시할 이유는 제1심판결 중 ‘2. 이혼 청구에 관한 판단’ 부분의 기재와 같으므로, 가사소송법 제12조, 민사소송법 제420조 본문에 의하여 이를 그대로 인용한다.3. 친권자 및 양육자 지정과 양육비 청구, 면접교섭에 관한 판단가. 친권자 및 양육자 지정에 관한 판단    1) 관련 법리      자의 양육을 포함한 친권은 부모의 권리이자 의무로서 미성년인 자의 복지에 직접적인 영향을 미치는 것이므로 부모가 이혼하는 경우에 부모 중 누구를 미성년인 자의 친권을 행사할 자 및 양육자로 지정할 것인가를 정함에 있어서는, 미성년인 자의 성별과 연령, 그에 대한 부모의 애정과 양육의사의 유무는 물론, 양육에 필요한 경제적 능력의 유무, 부 또는 모와 미성년인 자 사이의 친밀도, 미성년인 자의 의사 등의 모든 요소를 종합적으로 고려하여 미성년인 자의 성장과 복지에 가장 도움이 되고 적합한 방향으로 판단하여야 한다(대법원 2008. 5. 8. 선고 2008므380 판결, 대법원 2009. 4. 9. 선고 2008므3105 판결 등 참조).     2) 판단      위 법리에 비추어 이 사건을 보건대, ① 별거 기간 동안 원고가 사건본인을 주로 양육하여 왔고, 그 과정에서 사건본인의 복리가 저해되었다는 사정이 발견되지 아니한 점, ② 피고는, 원고가 일방적으로 사건본인을 데리고 고국인 ○○○으로 이주하여 피고의 면접교섭권이 형해화(形骸化) 될 것을 우려하고 있고, 이에 따라 최소한의 보호 장치로 피고도 사건본인에 대한 공동친권자로 지정되어야 한다는 취지로 주장하나, 원고가 항소심 계속 중 귀화 신청을 하였고, 원고의 모친을 포함한 친인척의 상당수가 국내에 거주하고 있으며, 원고는 출생 이후 상당 기간 국내에 거주하였던 사정 등에 비추어, 이 사건이 확정된 이후 원고가 피고의 동의 없이 사건본인을 데리고 일방적으로 고국인 ○○○ 등 해외로 이주할 것으로 보이지는 않는 점, ③ 원고와 피고는 혼인기간 뿐만 아니라 이 사건 계속 중에 나타난 바와 같이 사건본인의 양육방식 등과 관련하여 사소한 부분에 있어서도 의견의 차이를 보이고 있는 상황인데, 이 사건 소송이 종결된 이후에 원, 피고가 원만한 협의를 통하여 사건본인을 양육할 것을 쉽사리 기대하기 어렵고, 오히려 양육방식 등에 관한 의견 불일치로 인한 갈등이 심화될 가능성을 배제할 수 없는 점, ④ 그와 같은 상황에서 사건본인의 친권자를 원, 피고 공동으로 지정할 경우, 사건본인의 양육과 관련된 여러 의사 결정 과정에서 소모적인 분쟁이 발생할 것이 우려되고, 그 과정에서 사건본인에게 좋지 않은 영향을 미칠 것으로 예상되는 점, ⑤ 피고가 사건본인의 공동친권자로 지정되지 않는다고 하더라도, 피고가 사건본인의 가족관계등록부 상 사건본인의 부(父)로 기재되는 등 사건본인의 부의 위치에 있음은 부인할 수 없는 점 등 제반 사정을 종합적으로 고려하여 보면, 사건본인의 친권자 및 양육자로 원고를 지정함이 사건본인의 복리에 부합한다고 판단된다. 나. 양육비 부분에 관한 판단    ① 부모는 그 소생의 자녀를 공동으로 양육할 책임이 있고, 그 양육에 소요되는 비용도 원칙적으로 부모가 공동으로 부담하여야 하는 것이며, 이는 부모 중 누가 친권을 행사하는 자인지 또 누가 양육권자이고 현실로 양육하고 있는 자인지를 물을 것 없이 친자관계의 본질로부터 발생하는 의무라고 할 것이고(대법원 1994. 5. 13.자 92스21 전원합의체 결정 참조), 그에 따라 원고와 피고 모두 사건본인의 부모로서 각자의 소득 및 재산현황 등에 따라 일정한 액수의 양육비를 분담해야 하는 점, ② 위와 같이 원고와 피고 모두 일정한 액수의 양육비를 분담해야 한다면 사건본인의 복리가 저해되지 않으면서 혹시 향후 있을지도 모르는, 즉 사건본인의 친권자 및 양육자로 지정된 원고에 의한 사건본인의 양육비 유용(친권자와 그 자간 또는 수인의 자간의 이해상반행위를 정한 민법 제921조 등 참조)과 원고의 채권자에 의한 강제집행 등을 사전 예방하기 위해서 위 양육비를 투명하게 관리할 방법이 필요한데, 이 경우 사건본인의 친권자 및 양육자로 지정된 원고에다가 사건본인을 병기하여 새로운 예금계좌를 개설하는 것이 하나의 방법이 될 것으로 보이는 점, ③ 위와 같이 원고와 피고가 분담할 양육비를 관리할 새로운 예금계좌가 개설되면 사건본인의 친권자 및 양육자로 지정된 원고는 국가 또는 지방자치단체가 지급하는 양육수당 또는 아동수당 등을 위 예금계좌로 수령하는 것이 위 수당의 지급 목적이나 사건본인의 복리에도 부합한다고 보이는 점, ④ 그러할 경우 사건본인의 친권자 및 양육자로 지정된 원고는 위 예금계좌에 있는 예금 잔고가 사건본인의 양육비임을 명심하고 사건본인의 양육에 소요되는 비용으로만 이를 지출하고 그 내역을 피고에게 정기적으로 공개하는 것이 향후 양육비로 인한 원고와 피고 사이의 분쟁을 사전 예방할 수도 있는 점, ⑤ 그리고 사건본인이 성장함에 따라 원고와 피고가 분담해야 할 양육비를 증액해야 할 사정이 발생할 경우에는 위 예금계좌의 거래내역 등을 참조하여 원고와 피고 사이의 협의 또는 양육비 증액 심판청구를 통한 가정법원의 결정을 통해 이를 증액하면 되고, 만일 원고와 피고의 소득이 감소하여 이를 감액해야 할 사정이 발생할 경우에는 마찬가지로 위 예금계좌의 거래내역 등을 참조하여 이를 감액한다면 향후 양육비로 인한 원고와 피고 사이의 분쟁을 사전 예방할 수도 있는 점, ⑥ 위와 같이 사건본인의 양육비를 관리하는 것이 친권의 상실, 일시 정지 및 일부 제한을 정하고 있는 민법 제924조 이하 규정이나 ‘이혼과 자의 양육책임(養育責任)’이라는 제목으로 사건본인의 양육에 관한 사항을 정하도록 한 민법 제837조의 입법취지에도 부합한다고 보이는 점에다가 원고와 피고의 직업, 소득, 재산, 사건본인의 나이, 양육환경, 서울가정법원이 공표한 양육비산정기준표 등 이 사건 변론에 나타난 제반 사정을 종합하여 주문 제1의 가항 기재와 같이 사건본인의 양육비에 관한 사항을 정한다.   다. 면접교섭(직권)에 관한 판단    사건본인의 양육자로 지정되지 아니한 피고는 사건본인의 부(父)로서 사건본인의 복리에 반하지 않는 한, 사건본인을 면접교섭할 수 있는바, 피고 역시 원고 못지않게 사건본인에 대하여 애착이 있고, 사건본인과 정서적 유대감이 긴밀하게 형성된 것으로 보이며, 사건본인에 대한 강한 양육 의지를 보이고 있는 점, 그에 따라 피고 역시 여건이 허락하는 범위 내에서 사건본인과 많은 시간을 보내면서 사건본인과의 정서적 유대관계를 지속시켜야 할 필요가 있을 뿐만 아니라 이를 통해 아직 나이가 어린 사건본인이 부(父)인 피고로부터 애정 어린 보살핌을 받는다면 그나마 사건본인이 올바르게 성장하는데 상당한 도움이 될 것으로 보이는 점, 그리고 향후 사건본인이 성장하여 초등학교 등에 입학하고 어느 정도의 가치관과 판단 능력을 갖추게 되는 시점에는 사건본인의 의사를 존중하여 원고와 피고가 다시 협의하여 면접교섭 일시나 방법을 조정·변경할 수도 있는 점, 그리고 원고 본인도 면접교섭 확대로 사건본인의 양육책임에서 어느 정도 벗어나 삶의 여유나 활력소를 되찾고, 이를 통해 자신이 사건본인을 양육하는 기간에는 사건본인이 건강하고 올바르게 성장할 수 있도록 지금보다 최선을 다하여 사건본인을 양육할 수 있을 것으로 기대되는 점, 한편 원고와 피고의 실제 주거지는 차량으로 약 1시간 내지 1시간 30분 가량 떨어져 있는데, 사건본인의 양육자로서 피고보다 더 많은 양육책임을 부담하는 원고가 먼저 피고의 주거지에서 사건본인을 인도한다면, 피고는 그에 상응하는 시간 동안 자신의 주거지를 청소하는 등 주중에는 자신의 소득활동에 힘쓰다가 주말에는 좀 더 깨끗하고 쾌적한 양육환경을 사건본인에게 제공할 수 있으며, 이는 면접교섭의 실질화와 사건본인의 복리에도 부합한다고 보이는 점 등에다가 사건본인의 나이, 발달 상황, 생활환경, 양육 상황 등 이 사건 변론에 나타난 여러 사정을 종합하여 주문 제1의 나항 기재와 같이 면접교섭에 관한 사항을 정한다. 3. 결 론  그렇다면, 원고의 위자료 청구는 이유 없어 기각하고, 친권자 및 양육자 지정과 양육비 청구 부분, 면접교섭 부분에 관하여는 위와 같이 정하여야 할 것인바, 제1심판결 중 양육비 청구 부분, 면접교섭 부분은 이와 일부 결론을 달리하여 부당하므로, 피고의 항소를 일부 받아들여 위와 같이 변경하고, 친권자 및 양육자 지정 부분에 대한 피고의 나머지 항소와 위자료 부분에 대한 원고의 부대항소는 이유 없어 이를 각 기각하기로 하여, 주문과 같이 판결한다.별지 생략판사 정우영(재판장) 허정인 이원범 "
209697,이혼등청구의소,2017므11917,대법원,"1 이혼 당시 부부 일방이 아직 공무원으로 재직 중이어서 실제 퇴직급여 등을 수령하지 않았더라도 이혼소송의 사실심 변론종결 시에 이미 잠재적으로 존재하여 경제적 가치의 현실적 평가가 가능한 재산인 퇴직급여 및 퇴직수당 채권은 이에 대하여 상대방 배우자의 협력이 기여한 것으로 인정되는 한 재산분할의 대상에 포함시킬 수 있으며, 구체적으로는 이혼소송의 사실심 변론종결 시를 기준으로 그 시점에서 퇴직할 경우 수령할 수 있을 것으로 예상되는 퇴직급여 및 퇴직수당 상당액의 채권이 그 대상이 된다.2 공무원연금법 제45조 제1항, 제2항에 따르면 혼인기간(배우자의 공무원 재직기간 중 실질적인 혼인관계가 존재하지 않았던 기간을 제외한 기간)이 5년 이상인 사람이 배우자와 이혼하고, 배우자였던 사람이 퇴직연금 또는 조기퇴직연금 수급권자이며, 자신이 65세가 되었을 때에는, 그때부터 그가 생존하는 동안 공무원연금공단에 별도의 청구를 하여 배우자였던 사람의 퇴직연금 또는 조기퇴직연금액 중 위 혼인기간에 해당하는 연금액을 균등하게 나눈 금액을 분할연금으로 받을 수 있다(만일 배우자였던 사람이 퇴직연금 대신 퇴직연금일시금 등을 청구할 경우에는 공무원연금법 제49조에 따라 퇴직연금일시금 등의 분할을 청구하여 지급받을 수도 있다). 나아가 공무원연금법 제46조에서는 ‘위 균등분할 조항에도 불구하고 민법 제839조의2 또는 제843조에 따라 연금분할이 별도로 결정된 경우에는 그에 따른다’는 취지의 규정을 두고 있다.  따라서 법원은 이혼당사자가 재산분할 청구 시, 공무원연금법이 정한 이혼배우자의 분할연금 청구권, 퇴직연금일시금 등 분할 청구권에 관한 규정에도 불구하고 이혼소송의 사실심 변론종결 시를 기준으로 그 시점에서 퇴직할 경우 수령할 수 있을 것으로 예상되는 퇴직급여(공무원연금법 제28조 제1호에서 정한 퇴직연금, 퇴직연금일시금 등을 말한다) 채권을 재산분할 대상에 포함할지 여부에 관하여서는, 혼인 생활의 과정과 기간, 그 퇴직급여의 형성 및 유지에 대한 양 당사자의 기여 정도, 당사자 쌍방이 혼인 생활 중 협력하여 취득한 다른 적극재산과 소극재산의 존재와 규모, 양 당사자의 의사와 나이 등 여러 사정을 종합적으로 고려하여 결정할 수 있다. 즉 법원은 재산분할 청구 사건에서 위와 같은 사정을 고려하여 예상퇴직급여 채권을 재산분할 대상에 포함하여 재산분할의 액수와 방법을 정할 수도 있고, 재산분할 대상에 포함하지 아니한 채 이혼당사자들이 공무원연금법에서 정한 분할연금 청구권, 퇴직연금일시금 등 분할 청구권에 관한 규정을 따르도록 할 수도 있다.3 공무원연금법 제28조 제4호, 제62조에서 정한 퇴직수당(공무원이 1년 이상 재직하고 퇴직하거나 사망한 경우에 지급하는 수당을 말한다)에 관하여서는 이혼배우자의 분할 청구권 규정이 적용되지 아니하므로, 이혼배우자의 협력이 기여한 것으로 인정된다면 이혼소송의 사실심 변론종결 시를 기준으로 그 시점에서 퇴직할 경우 수령할 수 있을 것으로 예상되는 퇴직수당 상당액의 채권은 충분히 재산분할의 대상이 될 수 있고, 구체적으로는 위 채권을 보유한 이혼당사자의 적극재산에 포함시켜 다른 재산과 함께 일괄하여 청산하거나 이에 준하는 적절하고 합리적인 방법으로 재산분할을 할 수 있다.","원고, 피상고인 원고 (소송대리인 변호사 김범한 외 5인)피고, 상고인 피고 (소송대리인 법무법인 혜안 담당변호사 공대호 외 8인)사건본인 사건본인 1 외 1인원심판결 서울고법 2017. 6. 13. 선고 2016르23199 판결주    문  원심판결 중 재산분할 청구 부분을 파기하고, 이 부분 사건을 서울고등법원에 환송한다.  나머지 상고를 기각한다.이    유상고이유(상고이유서 제출기간이 지난 다음 제출된 준비서면의 기재는 상고이유를 보충하는 범위에서)를 판단한다.  1. 재산분할 청구 부분에 대한 상고이유에 관한 판단  가. 이 사건 기록에 의하면, 원고와 피고는 1997. 5. 15. 혼인신고를 마친 사실, 원고는 1971년생으로 1995. 9. 1.부터 현재까지 국공립 고등학교 교사로 근무하고 있고, 2016. 6. 기준으로 예상퇴직연금일시금은 110,207,510원, 예상퇴직수당은 39,874,070원인 사실, 피고는 1967년생인 국민연금 가입자로서 2016. 5. 기준으로 보험료 납부기간은 약 257개월이고, 납부한 보험료 총액은 56,038,940원인 사실, 원심 변론과정에서 피고는 원고의 위 예상퇴직연금일시금, 예상퇴직수당 합계 150,081,580원을 모두 재산분할 대상에 포함하여 분할해 달라고 주장한 반면, 원고는 위 예상퇴직연금일시금 부분은 피고가 공무원연금법에 따라 분할 청구할 수 있으므로 재산분할 대상에서 제외하여야 한다는 의사를 밝힌 사실 등을 알 수 있다.  나. 이에 대하여 원심은, 국민연금과 마찬가지로 2016. 1. 1.부터 시행된 개정 공무원연금법에 의하면 이혼한 배우자도 공무원연금법상 일정한 요건을 갖춘 경우 연금을 분할하여 지급받을 수 있는 규정을 두고 있는바, 원고의 예상퇴직급여액 중 연금적 성격을 가진 부분에 관하여는 피고가 별도의 요건을 갖추어 청구하는 것은 별론으로 하고, 피고의 국민연금을 피고의 적극재산에 반영하지 않은 이상 원고의 공무원연금 예상퇴직급여액 역시 원고의 적극재산에서 제외함이 옳다고 판단하고, 제1심과 달리 원고의 예상퇴직연금일시금과 예상퇴직수당 합계 150,081,580원을 모두 재산분할 대상에서 제외하였다.  다. 그러나 원심의 판단 중 예상퇴직연금일시금에 관한 부분은 수긍할 수 있으나, 예상퇴직수당에 관한 부분은 수긍하기 어렵다. 이유는 아래와 같다.  1) 이혼 당시 부부 일방이 아직 공무원으로 재직 중이어서 실제 퇴직급여 등을 수령하지 않았더라도 이혼소송의 사실심 변론종결 시에 이미 잠재적으로 존재하여 경제적 가치의 현실적 평가가 가능한 재산인 퇴직급여 및 퇴직수당 채권은 이에 대하여 상대방 배우자의 협력이 기여한 것으로 인정되는 한 재산분할의 대상에 포함시킬 수 있으며, 구체적으로는 이혼소송의 사실심 변론종결 시를 기준으로 그 시점에서 퇴직할 경우 수령할 수 있을 것으로 예상되는 퇴직급여 및 퇴직수당 상당액의 채권이 그 대상이 된다(대법원 2014. 7. 16. 선고 2013므2250 전원합의체 판결 등 참조).  2) 한편 공무원연금법 제45조 제1항, 제2항에 따르면 혼인기간(배우자의 공무원 재직기간 중 실질적인 혼인관계가 존재하지 않았던 기간을 제외한 기간)이 5년 이상인 사람이 배우자와 이혼하고, 배우자였던 사람이 퇴직연금 또는 조기퇴직연금 수급권자이며, 자신이 65세가 되었을 때에는, 그때부터 그가 생존하는 동안 공무원연금공단에 별도의 청구를 하여 배우자였던 사람의 퇴직연금 또는 조기퇴직연금액 중 위 혼인기간에 해당하는 연금액을 균등하게 나눈 금액을 분할연금으로 받을 수 있다(만일 배우자였던 사람이 퇴직연금 대신 퇴직연금일시금 등을 청구할 경우에는 공무원연금법 제49조에 따라 퇴직연금일시금 등의 분할을 청구하여 지급받을 수도 있다). 나아가 공무원연금법 제46조에서는 ‘위 균등분할 조항에도 불구하고 민법 제839조의2 또는 제843조에 따라 연금분할이 별도로 결정된 경우에는 그에 따른다’는 취지의 규정을 두고 있다.  3) 따라서 법원은 이혼당사자가 재산분할 청구 시, 공무원연금법이 정한 이혼배우자의 분할연금 청구권, 퇴직연금일시금 등 분할 청구권에 관한 규정에도 불구하고 이혼소송의 사실심 변론종결 시를 기준으로 그 시점에서 퇴직할 경우 수령할 수 있을 것으로 예상되는 퇴직급여(공무원연금법 제28조 제1호에서 정한 퇴직연금, 퇴직연금일시금 등을 말한다) 채권을 재산분할 대상에 포함할지 여부에 관하여서는, 혼인 생활의 과정과 기간, 그 퇴직급여의 형성 및 유지에 대한 양 당사자의 기여 정도, 당사자 쌍방이 혼인 생활 중 협력하여 취득한 다른 적극재산과 소극재산의 존재와 규모, 양 당사자의 의사와 나이 등 여러 사정을 종합적으로 고려하여 결정할 수 있다. 즉 법원은 재산분할 청구 사건에서 위와 같은 사정을 고려하여 예상퇴직급여 채권을 재산분할 대상에 포함하여 재산분할의 액수와 방법을 정할 수도 있고, 재산분할 대상에 포함하지 아니한 채 이혼당사자들이 공무원연금법에서 정한 분할연금 청구권, 퇴직연금일시금 등 분할 청구권에 관한 규정을 따르도록 할 수도 있다.  4) 하지만 공무원연금법 제28조 제4호, 제62조에서 정한 퇴직수당(공무원이 1년 이상 재직하고 퇴직하거나 사망한 경우에 지급하는 수당을 말한다)에 관하여서는 위와 같은 이혼배우자의 분할 청구권 규정이 적용되지 아니하므로, 이혼배우자의 협력이 기여한 것으로 인정된다면 이혼소송의 사실심 변론종결 시를 기준으로 그 시점에서 퇴직할 경우 수령할 수 있을 것으로 예상되는 퇴직수당 상당액의 채권은 충분히 재산분할의 대상이 될 수 있고, 구체적으로는 위 채권을 보유한 이혼당사자의 적극재산에 포함시켜 다른 재산과 함께 일괄하여 청산하거나 이에 준하는 적절하고 합리적인 방법으로 재산분할을 할 수 있다.  5) 그러므로 원심이 그 판시와 같은 이유로 원고의 예상퇴직연금일시금 채권 부분을 재산분할 대상에서 제외한 것은 수긍할 수 있다. 그러나 공무원연금법이 정한 이혼배우자의 분할 청구권 규정이 적용되지 않는 원고의 예상퇴직수당 채권 부분에 대하여서는 원고의 공무원 재직기간 중 혼인기간이 차지하는 비중이 상당한 점 등을 고려할 때 특별한 사정이 없는 한 그 전부나 일부를 재산분할 대상에 충분히 포함할 수 있다고 할 것임에도, 원심이 이와 달리 예상퇴직연금일시금 채권 부분과 같은 이유로 예상퇴직수당 채권 부분을 재산분할 대상에서 제외하였으니, 이러한 원심의 판단에는 공무원연금법에서 정한 퇴직수당의 법적 성격이나 재산분할의 대상에 관한 법리를 오해하여 판결에 영향을 미친 잘못이 있다. 이 점을 지적하는 상고이유 주장은 이유 있다.  2. 양육비 청구 부분에 대한 상고이유에 관한 판단  원심은 그 판시와 같은 이유로, 피고는 원고에게 사건본인들에 대한 양육비로 2016. 1.부터 사건본인 1이 성년이 되는 날의 전날인 (일자 1 생략)까지는 월 200만 원, 그 다음 날부터 사건본인 2가 성년이 되는 날의 전날인 (일자 2 생략)까지는 월 100만 원씩 매월 말일에 지급할 의무가 있다고 판단한 제1심판결의 결론을 유지하였다.  원심판결 이유를 기록에 비추어 살펴보면, 원심의 위와 같은 판단은 수긍할 수 있고, 거기에 상고이유 주장과 같이 논리와 경험의 법칙에 반하여 자유심증주의의 한계를 벗어나거나 양육비 산정에 관한 법리를 오해한 잘못이 없다.  3. 결론  그러므로 원심판결 중 재산분할 청구 부분은 나머지 상고이유에 관한 판단을 생략한 채 파기하고, 이 부분 사건을 다시 심리·판단하도록 원심법원에 환송하며, 나머지 상고를 기각하기로 하여, 관여 대법관의 일치된 의견으로 주문과 같이 판결한다.대법관 이기택(재판장) 권순일 박정화 김선수(주심) "
217179,이혼및위자료,2017드단1878,전주지방법원,내용없음,"원       고 원고(소송대리인 변호사 박민수)피       고 피고(소송대리인 변호사 진현덕)변론종결2019. 6. 4.주    문1. 원고와 피고는 이혼한다.2. 피고는 원고에게 위자료로 7,000,000원과 이에 대하여 2017. 4. 22.부터 2019. 7. 9.까지는 연 5%, 그 다음날부터 다 갚는 날까지는 연 12%의 각 비율로 계산한 돈을 지급하라.3. 원고의 나머지 위자료 청구를 기각한다.4. 피고는 원고에게 재산분할로   가. 별지 목록 기재 부동산에 관하여 이 판결 확정일자 재산분할을 원인으로 한 소유권이전등기절차를 이행하고,   나. 75,965,000원과 이에 대하여 이 사건 판결 확정일 다음날부터 다 갚는 날까지 연 5%의 비율로 계산한 돈을 지급하라.5. 소송비용 중 40%는 원고가, 60%는 피고가 각 부담한다.6. 제2항은 가집행할 수 있다.청 구 취 지주문 제1항 및 피고는 원고에게 ① 위자료로 1억원과 이에 대하여 이 사건 소장 부본 송달 다음날부터 다 갚는 날까지 연 15%의 비율로 계산한 돈을 지급하고, ② 재산분할로 별지 목록 기재 부동산에 관하여 이 판결 확정일자 재산분할을 원인으로 한 소유권이전등기절차를 이행하고, 1억 5,000만원과 이에 대하여 이 판결 확정일 다음날부터 다 갚는 날까지 연 15%의 비율로 계산한 돈을 지급하라.이    유1. 인정사실  가. 원고와 피고는 1993. 11. 30. 혼인신고를 마친 법률상 부부로, 그 사이에 소외 2(생년월일 1 생략), 소외 3(생년월일 2 생략)을 자녀로 두었다.  나. 원고와 피고는 2004년경부터 사이가 나빠졌고, 2009년경부터는 원고가 거실에서, 피고가 안방에서 생활하는 등 부부관계가 계속 원만하지 않았다.  다. 혼인기간 중에 피고의 근무특성을 고려하더라도 피고가 집에 들어오지 않는 날이 많았고, 피고는 생활비도 상대적으로 적게 부담하였다.  라. 피고는 소외 4의 물품을 주문하여 배송 받고, 소외 4와 동행하던 중 교통사고를 당한 적도 있으며, 소외 4의 살림살이를 맡아주고, 소외 4가 병원에 갈 때 동행하며, 소외 4와 단둘이 제주도 여행을 다녀오는 등 소외 4와 2012년경부터 현재까지 남녀 사이로 교제하고 있고, 2015년경 피고와 같은 배드민턴 동호회 회원이었던 소외 5와 안고 키스하는 사진을 찍는 등 남녀 사이로 교제한 바 있다.  마. 피고가 2017. 3.경 원고에게 집을 지어서 나가서 살겠다며 돈을 요구하며 별지 목록 기재 부동산을 매각하려고 하자 원고는 이 사건 소를 제기하였고, 피고도 원고와의 이혼에는 동의한다.   바. 혼인기간 동안 원고는 중ㆍ고등학교 교사 및 장학사로, 피고는 경찰 공무원으로 각 근무하였다.  사. 한편, 원고의 소송대리인과 피고의 소송대리인은 이 사건 소송 계속 중 2018. 5. 1. 제1회 변론기일에서 ‘원고와 피고가 각자 지급받게 될 퇴직연금, 퇴직일시금에 대하여는 상호 재산분할을 청구하지 않는 것에 동의한다’고 진술하였다.인정근거 다툼 없는 사실, 갑 3, 4, 8 내지 17호증, 을 4호증(가지번호 포함)의 각 기재 또는 영상, 이 법원에 현저한 사실, 이 법원 가사조사관의 가사조사결과, 변론 전체의 취지2. 판  단  가. 이혼 청구에 대한 판단    1) 위 인정사실과 변론 전체의 취지에 의하면, 원고와 피고의 혼인관계는 회복되기 어려울 정도로 파탄되었고, 이와 같이 원고와 피고의 혼인관계가 파탄된 데에는 부부갈등을 해소하기 위한 대안을 모색하지 못하고 갈등을 악화시킨 원ㆍ피고 쌍방에게 그 책임이 있기는 하나, 특히 혼인기간 중 소외 4와 계속 부정행위를 하여 부부관계의 애정과 신뢰를 심각하게 손상시킨 피고에게 더 큰 책임이 있으며, 이는 민법 제840조 제1, 6항에서 정한 재판상 이혼사유에 해당한다.    2) 이에 대하여 피고는, 원고와 피고 사이의 혼인관계는 2008년경 이미 파탄되었고, 원고가 피고의 부정행위 사실을 알면서도 아무런 이의를 제기하지 않은 것은 부정행위에 대한 사전 동의나 사후 용서에 해당하며, 설령 그렇지 않다고 하더라도 민법 제841조에서 정한 제척기간이 경과한 경우에 해당하여 원고의 이혼청구권이 소멸하였다는 취지로 주장한다.      살피건대, 피고가 제출한 증거들만으로는 피고의 부정행위 당시 이미 원고와 피고 사이의 혼인관계가 파탄상태에 있었다거나 피고의 부정행위가 위 혼인관계 파탄에 어떠한 영향도 주지 않았다고 보기 어렵다.       또, 위 인정사실에 의하면 피고의 부정행위는 원고가 이 사건 소를 제기할 무렵까지도 계속되고 있었던 것으로 봄이 상당하므로, 피고가 주장하는 사유만으로는 원고가 피고의 지속적인 부정행위를 사전에 동의하였다거나 사후에 용서하였다고 인정하기 어렵고, 달리 이를 인정할 증거가 없으며, 피고의 부정행위가 이 사건 소 제기 무렵까지 계속된 이상 원고가 제척기간을 도과한 이후에 이혼 청구를 하였다고 보기도 어렵다.      따라서 피고의 위 주장은 이유 없다.    3) 결국 원고의 이혼 청구는 이유 있다.  나. 위자료 청구에 대한 판단    위와 같은 피고의 잘못으로 인하여 혼인관계가 파탄됨으로써 원고가 정신적 고통을 겪었을 것임은 경험칙상 명백하므로 피고는 이를 금전으로나마 위자할 의무가 있다 할 것인데, 원고와 피고의 나이, 혼인기간, 혼인파탄의 경위 및 책임 정도, 피고의 부정행위가 혼인관계 파탄에 기여한 정도 등 이 사건 변론에 나타난 모든 사정을 참작하면, 피고가 원고에게 지급하여야 할 위자료 액수는 700만원으로 정함이 상당하다.    따라서 피고는 원고에게 위자료로 700만원과 이에 대하여 원고가 구하는 이 사건 소장 부본 송달 다음날인 2017. 4. 22.부터 피고가 그 의무이행의 범위를 다툴 만한 상당한 이유가 있는 이 판결 선고일인 2019. 7. 9.까지는 민법이 정한 연 5%, 그 다음날부터 다 갚는 날까지는 소송촉진 등에 관한 특례법이 정한 연 12%의 각 비율로 계산한 지연손해금을 지급할 의무가 있다.  다. 재산분할 청구에 대한 판단    1) 분할 대상 재산 및 가액 : 원고와 피고는 혼인기간 동안 별지 분할재산명세표 기재와 같이 재산을 취득하였다.      가) 원고는, 피고가 망 소외인으로부터 상속받은 정읍시 (주소 1 생략) 지상 건물과 정읍시 (주소 2 생략)외 2필지 (아파트명, 동/호수 생략) 및 정읍시 (이하 생략)의 각 1/3 지분(이하 ‘각 상속재산’이라 한다)도 피고의 적극재산에 포함되어야 한다고 주장하나, 갑 26 내지 28호증의 각 기재와 변론 전체의 취지에 의하여 인정되는 다음 사정, 즉 위 각 상속재산은 피고가 어머니인 소외인이 2014. 12. 29. 사망함에 따라 상속받은 재산인 점, 원고가 위 각 상속재산의 형성 또는 유지, 감소방지에 어떠한 기여를 하였다고 인정할 만한 자료가 전혀 없는 점 등을 고려하면, 위 각 상속재산은 피고의 특유재산으로 재산분할 대상에서 제외함이 상당하다.      나) 피고는, 피고가 원고와의 혼인관계 파탄 이후 전주시 (주소 3 생략) 토지상에 건물을 신축하였으므로 위 건물은 재산분할 대상에서 제외되어야 한다고 주장하나, 변론 전체의 취지에 비추어 볼 때 위 건물 신축자금은 원고와의 혼인기간 동안 축적된 피고의 재산으로 조달된 것으로 봄이 상당하므로, 피고의 위 주장은 받아들이지 않는다.       다) 피고는, 자녀인 소외 2, 소외 3 명의의 각 금융재산이 원고의 적극재산에 포함되어야 한다고 주장하나, 피고가 제출한 증거들만으로는 소외 2, 소외 3 명의의 각 금융재산을 원고의 적극재산으로 인정하기 어렵고, 달리 이를 인정할 증거가 없으므로, 피고의 위 주장도 받아들이지 않는다.    2) 재산분할의 비율과 방법       가) 재산분할 비율 : 원고 50%, 피고 50%［판단근거］ 원고와 피고의 나이, 직업, 재산, 혼인생활의 과정과 기간, 혼인파탄의 경위, 분할대상 재산의 형성과 유지에 대한 원고와 피고의 기여 정도, 기타 여러 가지 사정 참작      나) 재산분할의 방법 : 원고와 피고가 현재 보유하고 있는 재산 및 그 가액, 재산분할에 관한 원고의 청구취지, 분할대상 재산의 형태와 그 이용 상황 등을 고려하여 피고 소유의 별지 목록 기재 부동산을 원고에게 이전하고, 별지 목록 기재 부동산을 제외하고 원고와 피고가 각자 명의로 보유하고 있는 재산은 각자 그 명의대로 소유권을 귀속시키며, 위 재산분할의 비율에 따라 귀속되어야 할 재산의 가액을 초과하여 보유하고 있는 일방(피고)으로 하여금 상대방(원고)에게 그 차액인 정산금을 현금으로 지급      다) 피고가 원고에게 지급하여야 하는 재산분할금 : 원고와 피고의 순재산 1,101,172,000원 중 재산분할 비율에 따른 원고의 몫 상당액에서 원고의 순재산과 재산분할로 피고로부터 이전받는 별지 목록 기재 부동산의 가액을 뺀 금액 75,965,000원(= 원ㆍ피고의 순재산 1,101,172,000원 × 50% - 344,621,000원 - 1억 3,000만원)    3) 따라서 피고는 원고에게 재산분할로 ① 별지 목록 기재 부동산에 관하여 이 사건 판결확정일자 재산분할을 원인으로 한 소유권이전등기절차를 이행하고, 75,965,000원과 이에 대하여 이 사건 판결 확정일 다음날부터 다 갚는 날까지 민법이 정한 연 5%의 비율로 계산한 지연손해금을 지급할 의무가 있다.3. 결  론  그렇다면, 원고의 이 사건 이혼 청구 및 위 인정범위 내의 위자료 청구는 이유 있어 이를 각 인용하고, 원고의 나머지 위자료 청구는 이유 없어 이를 기각하며, 재산분할에 관하여는 위와 같이 정하기로 하여, 주문과 같이 판결한다.   (별지 생략)판사 이유진 "
208746,"체류기간연장등불허가처분취소(한국 국적의 배우자와 이혼한 베트남 여성이 결혼이민(F-6 다.목) 체류자격 연장을 신청하였다가 거부된 사안에서, 혼인파탄에 관한 주된 귀책사유가 누구에게 있는지가 다투어진 사안)",2018두66869,대법원,"1 결혼이민F-6 (다)목 체류자격에 관한 구 출입국관리법 시행령(2018. 9. 18. 대통령령 제29163호로 개정되기 전의 것) 제12조 별표 1 제28호의4의 입법 취지는, 대한민국 국민과 혼인하여 당초 결혼이민F-6 (가)목 체류자격을 부여받아 국내에서 체류하던 중 국민인 배우자의 귀책사유로 정상적인 혼인관계를 유지할 수 없게 된 외국인에 대하여는 인도주의적 측면에서 결혼이민F-6 (다)목 체류자격을 부여하여 국내에서 계속 체류할 수 있도록 허용하기 위한 것이다. 한편 부부 사이의 혼인파탄이 어느 일방의 전적인 귀책사유에서 비롯되었다고 평가할 수 있는 경우는 현실적으로 드물거나 많지 않을 것으로 보이는데, 결혼이민F-6 (다)목 체류자격에 관한 위 규정을 엄격하게 해석하여 ‘정상적인 혼인관계를 유지할 수 없어 이혼에 이르게 된 것이 오로지 국민인 배우자의 귀책사유 탓이고 외국인 배우자에게는 전혀 귀책사유가 없는 경우’에 한하여 적용할 수 있다고 한다면 외국인 배우자로서는 재판상 이혼 등 우리 민법에서 정한 절차에 따라 혼인관계를 적법하게 해소할 권리를 행사하는 것에 소극적일 수밖에 없게 되고 국민인 배우자가 이를 악용하여 외국인 배우자를 부당하게 대우할 가능성도 생길 수 있다. 이러한 사정들에다가 결혼이민F-6 (다)목 체류자격은 1회에 3년 이내의 체류기간을 부여함으로써 기간 만료 시 그 체류자격의 요건을 유지하고 있는지에 관하여 다시 실질적 심사를 거쳐야 하는 것으로서 중대한 범죄를 저지르지 않는 한 영구적인 체류를 허용하는 영주(F-5) 체류자격이나 대한민국 국적을 부여하는 귀화허가와는 성질을 달리하는 점 등을 고려하면, 결혼이민F-6 (다)목 체류자격의 요건인 ‘자신에게 책임이 없는 사유로 정상적인 혼인관계를 유지할 수 없는 사람’이란 ‘자신에게 주된 책임이 없는 사유로 정상적인 혼인관계를 유지할 수 없는 사람’, 즉 ‘혼인파탄의 주된 귀책사유가 국민인 배우자에게 있는 경우’를 의미한다.2 결혼이민F-6 (다)목 체류자격을 신청한 외국인에 대하여 행정청이 그 요건을 충족하지 못하였다는 이유로 거부처분을 하는 경우에는 ‘그 요건을 갖추지 못하였다는 판단’, 다시 말해 ‘혼인파탄의 주된 귀책사유가 국민인 배우자에게 있지 않다는 판단’ 자체가 처분사유가 된다. 부부가 혼인파탄에 이르게 된 여러 사정들은 그와 같은 판단의 근거가 되는 기초 사실 내지 평가요소에 해당한다. 결혼이민F-6 (다)목 체류자격 거부처분 취소소송에서 원고와 피고 행정청은 각자 자신에게 유리한 평가요소들을 적극적으로 주장·증명하여야 하며, 수소법원은 증명된 평가요소들을 종합하여 혼인파탄의 주된 귀책사유가 누구에게 있는지를 판단하여야 한다. 수소법원이 ‘혼인파탄의 주된 귀책사유가 국민인 배우자에게 있다’고 판단하게 되는 경우에는, 해당 결혼이민F-6 (다)목 체류자격 거부처분은 위법하여 취소되어야 하므로, 이러한 의미에서 결혼이민F-6 (다)목 체류자격 거부처분 취소소송에서도 그 처분사유에 관한 증명책임은 피고 행정청에 있다. 일반적으로 혼인파탄의 귀책사유에 관한 사정들이 혼인관계 당사자의 지배영역에 있는 것이어서 피고 행정청이 구체적으로 파악하기 곤란한 반면, 혼인관계의 당사자인 원고는 상대적으로 쉽게 증명할 수 있는 측면이 있음을 고려하더라도 달리 볼 것은 아니다. 피고 행정청은 처분 전에 실태조사를 통해 혼인관계 쌍방 당사자의 진술을 청취하는 방식으로 혼인파탄의 귀책사유에 관한 사정들을 파악할 수 있고, 원고의 경우에도 한국의 제도나 문화에 대한 이해나 한국어 능력이 부족하여 평소 혼인파탄의 귀책사유에 관하여 자신에게 유리한 사정들을 증명할 수 있는 증거를 제대로 수집·확보하지 못한 상황에서 별거나 이혼을 하게 되는 경우가 있기 때문이다.3 행정소송의 수소법원이 관련 확정판결의 사실인정에 구속되는 것은 아니지만, 관련 확정판결에서 인정한 사실은 행정소송에서도 유력한 증거자료가 되므로, 행정소송에서 제출된 다른 증거들에 비추어 관련 확정판결의 사실 판단을 채용하기 어렵다고 인정되는 특별한 사정이 없는 한, 이와 반대되는 사실은 인정할 수 없다. 나아가 ‘혼인파탄의 주된 귀책사유가 누구에게 있는지’라는 문제는 우리의 사법제도에서 가정법원의 법관들에게 가장 전문적인 판단을 기대할 수 있으므로, 결혼이민F-6 (다)목 체류자격 부여에 관하여 출입국관리행정청이나 행정소송의 수소법원은 특별한 사정이 없는 한 가정법원이 이혼확정판결에서 내린 판단을 존중함이 마땅하다. 이혼소송에서 당사자들이 적극적으로 주장·증명하지 않아 이혼확정판결의 사실인정과 책임판단에서 누락된 사정이 일부 있더라도 그러한 사정만으로 이혼확정판결의 판단 내용을 함부로 뒤집으려고 해서는 안 되며, 이혼확정판결과 다른 내용의 판단을 하는 데에는 매우 신중해야 한다.","원고, 상고인 원고(영문 성명 생략)피고, 피상고인 서울남부출입국·외국인사무소장원심판결 서울고법 2018. 11. 27. 선고 2018누49736 판결주    문  원심판결을 파기하고, 사건을 서울고등법원에 환송한다.이    유  상고이유를 판단한다.  1. 가. 구 출입국관리법(2018. 3. 20. 법률 제15942호로 개정되기 전의 것) 제10조 제1항의 위임에 따른 구 출입국관리법 시행령(2018. 9. 18. 대통령령 제29163호로 개정되기 전의 것) 제12조 별표 1 제28호의4는 결혼이민(F-6) 체류자격의 요건을 “국민의 배우자”(가)목, “국민과 혼인관계(사실상의 혼인관계를 포함한다)에서 출생한 자녀를 양육하고 있는 부 또는 모로서 법무부장관이 인정하는 사람”(나)목, “국민인 배우자와 혼인한 상태로 국내에 체류하던 중 그 배우자의 사망이나 실종, 그 밖에 자신에게 책임이 없는 사유로 정상적인 혼인관계를 유지할 수 없는 사람으로서 법무부장관이 인정하는 사람”(다)목이라고 규정하고 있다.  나. 결혼이민F-6 (다)목 체류자격에 관한 위 규정의 입법 취지는, 대한민국 국민과 혼인하여 당초 결혼이민F-6 (가)목 체류자격을 부여받아 국내에서 체류하던 중 국민인 배우자의 귀책사유로 정상적인 혼인관계를 유지할 수 없게 된 외국인에 대하여는 인도주의적 측면에서 결혼이민F-6 (다)목 체류자격을 부여하여 국내에서 계속 체류할 수 있도록 허용하기 위한 것이다. 한편 부부 사이의 혼인파탄이 어느 일방의 전적인 귀책사유에서 비롯되었다고 평가할 수 있는 경우는 현실적으로 드물거나 많지 않을 것으로 보이는데, 결혼이민F-6 (다)목 체류자격에 관한 위 규정을 엄격하게 해석하여 ‘정상적인 혼인관계를 유지할 수 없어 이혼에 이르게 된 것이 오로지 국민인 배우자의 귀책사유 탓이고 외국인 배우자에게는 전혀 귀책사유가 없는 경우’에 한하여 적용할 수 있다고 한다면 외국인 배우자로서는 재판상 이혼 등 우리 민법에서 정한 절차에 따라 혼인관계를 적법하게 해소할 권리를 행사하는 것에 소극적일 수밖에 없게 되고 국민인 배우자가 이를 악용하여 외국인 배우자를 부당하게 대우할 가능성도 생길 수 있다. 이러한 사정들에다가 결혼이민F-6 (다)목 체류자격은 1회에 3년 이내의 체류기간을 부여함으로써 기간 만료 시 그 체류자격의 요건을 유지하고 있는지에 관하여 다시 실질적 심사를 거쳐야 하는 것으로서 중대한 범죄를 저지르지 않는 한 영구적인 체류를 허용하는 영주(F-5) 체류자격이나 대한민국 국적을 부여하는 귀화허가와는 성질을 달리하는 점 등을 고려하면, 결혼이민F-6 (다)목 체류자격의 요건인 ‘자신에게 책임이 없는 사유로 정상적인 혼인관계를 유지할 수 없는 사람’이란 ‘자신에게 주된 책임이 없는 사유로 정상적인 혼인관계를 유지할 수 없는 사람’, 즉 ‘혼인파탄의 주된 귀책사유가 국민인 배우자에게 있는 경우’를 의미한다고 봄이 타당하다.  다. 결혼이민F-6 (다)목 체류자격을 신청한 외국인에 대하여 행정청이 그 요건을 충족하지 못하였다는 이유로 거부처분을 하는 경우에는 ‘그 요건을 갖추지 못하였다는 판단’, 다시 말해 ‘혼인파탄의 주된 귀책사유가 국민인 배우자에게 있지 않다는 판단’ 자체가 처분사유가 된다. 부부가 혼인파탄에 이르게 된 여러 사정들은 그와 같은 판단의 근거가 되는 기초 사실 내지 평가요소에 해당한다. 결혼이민F-6 (다)목 체류자격 거부처분 취소소송에서 원고와 피고 행정청은 각자 자신에게 유리한 평가요소들을 적극적으로 주장·증명하여야 하며, 수소법원은 증명된 평가요소들을 종합하여 혼인파탄의 주된 귀책사유가 누구에게 있는지를 판단하여야 한다. 수소법원이 ‘혼인파탄의 주된 귀책사유가 국민인 배우자에게 있다’고 판단하게 되는 경우에는, 해당 결혼이민F-6 (다)목 체류자격 거부처분은 위법하여 취소되어야 할 것이므로, 이러한 의미에서 결혼이민F-6 (다)목 체류자격 거부처분 취소소송에서도 그 처분사유에 관한 증명책임은 피고 행정청에게 있다고 보아야 한다. 일반적으로 혼인파탄의 귀책사유에 관한 사정들이 혼인관계의 당사자의 지배영역에 있는 것이어서 피고 행정청이 구체적으로 파악하기 곤란한 반면, 혼인관계의 당사자인 원고는 상대적으로 용이하게 증명할 수 있는 측면이 있음을 고려하더라도 달리 볼 것은 아니다. 피고 행정청은 처분 전에 실태조사를 통해 혼인관계의 쌍방 당사자의 진술을 청취하는 방식으로 혼인파탄의 귀책사유에 관한 사정들을 파악할 수 있고, 원고의 경우에도 한국의 제도나 문화에 대한 이해나 한국어 능력이 부족하여 평소 혼인파탄의 귀책사유에 관하여 자신에게 유리한 사정들을 증명할 수 있는 증거를 제대로 수집·확보하지 못한 상황에서 별거나 이혼을 하게 되는 경우가 있을 수 있기 때문이다.  라. 행정소송의 수소법원이 관련 확정판결의 사실인정에 구속되는 것은 아니지만, 관련 확정판결에서 인정한 사실은 행정소송에서도 유력한 증거자료가 되므로, 행정소송에서 제출된 다른 증거들에 비추어 관련 확정판결의 사실 판단을 채용하기 어렵다고 인정되는 특별한 사정이 없는 한, 이와 반대되는 사실은 인정할 수 없다(대법원 2002. 1. 25. 선고 2001두1635 판결, 대법원 2009. 9. 24. 선고 2008다92312, 92329 판결 등 참조). 나아가 ‘혼인파탄의 주된 귀책사유가 누구에게 있는지’라는 문제는 우리의 사법제도에서 가정법원의 법관들에게 가장 전문적인 판단을 기대할 수 있으므로, 결혼이민F-6 (다)목 체류자격 부여에 관하여 출입국관리행정청이나 행정소송의 수소법원은 특별한 사정이 없는 한 가정법원이 이혼확정판결에서 내린 판단을 존중함이 마땅하다. 이혼소송에서 당사자들이 적극적으로 주장·증명하지 않아 이혼확정판결의 사실인정과 책임판단에서 누락된 사정이 일부 있다고 하더라도 그러한 사정만으로 이혼확정판결의 판단 내용을 함부로 뒤집으려고 하여서는 아니 되며, 이혼확정판결과 다른 내용의 판단을 하는 데에는 매우 신중하여야 한다.  2. 가. 원심이 인용한 제1심판결의 이유와 원심이 적법하게 채택한 증거들에 의하면, 다음과 같은 사정들을 알 수 있다.  1) 원고는 베트남 국적의 여성으로서, 국제결혼중매업체를 통해 대한민국 국민인 소외 1과 맞선을 보고 결혼식을 올린 다음 2015. 7. 1. 혼인신고를 마치고, 2015. 12. 4. 결혼이민F-6 (가)목 체류자격으로 대한민국에 입국하여 소외 1과 혼인생활을 시작하였다.  2) 원고 부부는 인천 서구 (주소 생략)○○○○호 8평 규모의 오피스텔에 거주하였는데, 바로 그 옆에 있는 1016호 오피스텔에서 소외 1의 모 소외 2가 거주하였다. 소외 2는 거주지 인근에서 24시간 편의점을 운영하였고, 소외 1은 그 편의점에서 일하고 소외 2에게서 많지 않은 월급을 받아 생활을 하였다.  3) 원고는 시어머니 소외 2의 요구로 2016. 1.경부터 편의점에서 일했다. 편의점에 다른 직원을 고용하지 않고 가족 세 명이 번갈아 가며 일하는 방식이어서, 근무시간이 일정하지는 않았다. 원고는 일한 만큼 보수를 받기를 희망하였으나, 소외 2는 원고에게 전혀 보수를 지급하지 않았다.  4) 원고는 2016. 2. 중순 무렵 임신을 하였으나 평소처럼 편의점에서 일했다. 원고는 임신 5주 4일째인 2016. 2. 25. 유산증후(질출혈)가 있어 소외 2와 함께 거주지에서 약 1.2km 거리에 위치한 □□□□병원까지 걸어가서 진료를 받았다. 당시 의사로부터 유산을 방지하기 위하여 안정과 휴식을 취해야 한다는 설명을 들었음에도, 소외 2는 원고에게 입원치료를 받도록 하지 아니한 채 다시 걸어서 귀가하도록 하였다. 원고는 그날 저녁에도 소외 2의 요구로 편의점에서 일하다가 다시 질출혈이 발생하였고, 다음 날 □□□□병원에서 유산하였다는 진단을 받았다. 그 후 원고는 약 1주일간 집에서 휴식을 취한 다음, 다시 평소처럼 편의점에서 일했다.  5) 원고는 편의점에서 일했음에도 소외 2에게서 어떠한 보수도 받지 못하였고, 소외 1로부터 매월 고정적인 생활비를 지급받지도 못하였으며 매번 돈 쓸 일이 있을 때마다 소외 1에게서 신용카드를 받아 사용한 다음 즉시 반환하여야 하는 등 평소 자신이 임의로 쓸 수 있는 돈이 전혀 없는 것에 불만이 있어 자신이 직접 돈을 벌기 위하여, 소외 1과 소외 2의 허락을 받아 2016. 5. 말경부터 인삼면세점에 출근하여 일했다.  6) 원고 없이 소외 2와 소외 1이 맞교대로 일하며 편의점을 운영하기가 힘들자, 소외 2는 원고에게 인삼면세점 근무를 그만두고 편의점에서 일하기를 종용하였다. 이에 원고가 2016. 7. 12. 소외 2에게 자신이 편의점에서 일할 경우 소외 1에 대한 급여와 원고에 대한 급여를 합하여 매월 부부에게 1,900,000원의 고정급여를 줄 것을 요구하였으나, 소외 2는 원고 부부에게 매월 1,500,000원의 급여를 주겠다고 제안하였고, 원고가 이를 거부하자, 소외 2는 원고에게 ‘편의점에서 일하지 않을 것이면 집에서 나가라, 이혼하라’고 큰소리를 쳤다. 그날 저녁 소외 1은 원고에게 ‘당분간 친척 언니 집에 가서 지내라’고 하면서 여행가방에 원고의 옷가지를 싸주었고, 다음 날 아침 원고를 친척 언니 집에 데려다주었는데, 원고가 집을 떠날 때 소외 2는 원고로부터 핸드폰을 빼앗았다. 그로부터 이틀 후인 2016. 7. 15. 소외 1은 인천출입국관리사무소에 ‘원고가 가출하여 소재불명이어서 신원보증을 철회한다’는 신고서를 작성하여 제출한 다음, 원고에게 소외 2의 뜻이라며 이혼을 요구하였다.  7) 원고는 변호사를 소송대리인으로 선임하여 2016. 7. 28. 소외 1을 상대로 인천가정법원에 이혼소송을 제기하였고, 소외 1도 변호사를 소송대리인으로 선임하여 응소하였다. 원고의 소송대리인은 소외 1의 소송대리인에게 ‘소외 1이 순순히 혼인파탄의 귀책사유를 인정하여 소송이 조기에 종결될 경우, 원고 승소 판결이 선고되더라도 소외 1로부터 실제 위자료나 소송비용은 받지 않겠다’는 취지의 제안을 하였고, 소외 1의 소송대리인은 이를 소외 1에게 전달하면서 패소할 경우 소외 1이 원고의 소송대리인 선임비용까지 물어내야 한다고 설명하였다. 이에 소외 1은 자신의 소송대리인에게 자신의 책임을 인정하는 준비서면을 제출하도록 하였다.  8) 인천가정법원은 원고가 제출한 각종 증거들에다가 소외 1이 자신의 책임을 인정하는 내용의 준비서면을 제출한 점을 종합하여, 원고가 소외 1과 시어머니의 부당대우로 유산하게 된 사실, 시어머니가 축출하여 집에서 나오게 된 사실, 소외 1은 그 후로 원고를 보살피지 않은 사실을 인정하고, 소외 1의 주된 귀책사유로 혼인관계가 파탄되었다고 판단하여, ‘원고와 소외 1은 이혼하고, 소외 1은 원고에게 위자료로 1,000,000원을 지급하라’는 내용의 판결을 선고하였고 그 판결은 쌍방이 항소하지 않아 그대로 확정되었다(인천가정법원 2017. 1. 25. 선고 2016드단107561 판결, 이하 ‘이 사건 이혼확정판결’이라 한다).  9) 원고가 2017. 5. 18. 피고에게 결혼이민F-6 (다)목 체류자격 허가신청을 하자, 그 무렵 피고 소속의 공무원들은 원고와 소외 1을 면담하여 이혼 경위를 청취하는 방식으로 실태조사를 실시하였는데, 당시 소외 1은 ‘원고가 직장에 출근하는 문제로 소외 2와 갈등하다가 스스로 짐을 싸서 집을 나갔고, 이혼소송에서 원고의 변호사로부터 자신이 책임을 인정하지 않으면 원고가 한국에서 살 수 없다는 말을 듣고 자신의 책임을 인정하는 준비서면을 가정법원에 제출하였다’는 취지로 진술하였다. 이에 피고는 이 사건 이혼확정판결 자체에 의하더라도 소외 1에게 주된 귀책사유가 있다는 것일 뿐 전적인 귀책사유가 있는 것은 아니고, 실태조사에서의 소외 1의 진술에 의하면 이 사건 이혼확정판결의 판단 내용에도 신빙성이 떨어진다고 보아, 2017. 6. 20. 원고에 대하여 ‘소외 1에게 혼인파탄에 관한 전적인 귀책사유가 없다’는 이유로 이 사건 거부처분을 하였다.  나. 위와 같은 사실관계에 기초하여 앞서 본 법리에 따라 판단한다.  1) 원고는 2016. 2. 25. 임신 초기에 유산증후가 있는 상황에서 가족들로부터 특별한 보살핌을 받지 못하고, 임산부가 걷기에는 부담스러운 거리를 걸어서 병원에 다녀왔으며, 안정과 휴식을 취해야 한다는 의사의 설명에도 입원치료를 받거나 집에서 쉬지 못하고 같은 날 저녁 시어머니 소외 2의 요구로 다시 편의점에 가서 일하다가 실제 유산을 하게 되었다. 이것은 적어도 원고의 입장에서는 시어머니의 부당한 대우로 볼 수 있는데 그 과정에서 소외 1이 적절한 조치를 취하지 못했으며, 그로 인한 원고의 마음 속 상처는 별거·이혼 무렵까지도 제대로 치유되지 못했던 것으로 보인다. 소외 1의 중대한 귀책사유로 보아야 한다.  2) 부부는 각 가정의 경제형편에 맞게 살아야 하는 것이므로, 편의점 운영을 통해 얻는 소득이 적어 소외 2나 소외 1이 원고에게 생활비를 넉넉하게 지급하지 못했던 점을 혼인파탄의 귀책사유로 볼 수는 없다. 또한 원고가 일한 대가를 받지 못하면서 시어머니의 편의점에서 일하기 싫고 다른 직장을 구하여 생활비를 벌겠다는 마음을 먹고, 이에 소외 1이 동의하였으므로, 원고가 다른 직장에 다닌 것을 혼인파탄의 귀책사유로 볼 수도 없다. 그러나 원고가 다른 직장에 다닌 이후로 소외 2가 원고에게 직장을 그만두고 편의점에서 일할 것을 종용하였고, 원고가 응하지 않자 이혼하라고 요구하며 집에서 쫓아낸 것은 소외 1의 중대한 귀책사유로 보아야 한다. 2016. 7. 12. 저녁에 소외 2와 원고의 싸움이 있은 후, 소외 1이 원고에게 ‘당분간 친척 언니 집에서 지내라’고 말하였고 다음 날 아침 원고를 친척 언니 집에 데려다주었으므로, 원고가 일방적으로 가출을 한 것이라고 볼 수는 없다. 오히려 소외 2가 2016. 7. 13. 아침에 원고로부터 핸드폰을 빼앗은 점, 소외 1이 2016. 7. 15. 원고의 소재를 알면서도 소재불명이라며 허위의 가출신고 및 신원보증 철회서를 작성하여 제출한 점을 보면, 소외 2가 일방적으로 원고를 축출하였다고 보는 것이 타당하다.  3) 따라서 인천가정법원이 이 사건 이혼확정판결에서 이러한 사정들을 종합하여 소외 1의 주된 귀책사유로 혼인관계가 파탄되었다고 판단한 것은 정당하다. 이혼소송에서 소외 1이 원고의 소송대리인의 제안을 듣고 자신에게 혼인파탄의 귀책사유가 있음을 인정하는 취지의 준비서면을 제출한 것은 허위자백을 한 것이 아니라 실제 본인과 소외 2의 잘못이 있고 원고에게 미안한 마음이 들어서 그렇게 한 것이라고 보일 뿐이다. 이혼소송의 쌍방 당사자 사이에서 일방이 순순히 책임을 인정하여 소송이 조기에 종결될 경우 상대방이 위자료나 소송비용을 강제집행하지는 않겠다는 취지의 비공식적 합의가 있었더라도, 인천가정법원이 그러한 합의의 존재를 알았는지 몰랐는지 여부와 무관하게 이 사건 이혼확정판결의 정당성에 아무런 영향이 없다고 보아야 한다.  다. 그럼에도 원심은, 원고가 결혼이민F-6 (다)목 체류자격을 부여받기 위해서는 소외 1에게 혼인파탄에 관한 전적인 책임이 있음을 원고가 증명하여야 하는데, 원고에게도 혼인파탄에 관하여 일정 부분 책임이 있으므로 결혼이민F-6 (다)목 체류자격의 요건을 충족하지 못하였다고 판단하였다. 이러한 원심판단에는 결혼이민F-6 (다)목 체류자격의 요건의 해석과 증명책임에 관한 법리 등을 오해하여 판결에 영향을 미친 위법이 있고, 이 점을 지적하는 상고이유 주장은 이유 있다.  3. 그러므로 원심판결을 파기하고, 사건을 다시 심리·판단하게 하기 위하여 원심법원에 환송하기로 하여, 관여 대법관의 일치된 의견으로 주문과 같이 판결한다.대법관 안철상(재판장) 박상옥 노정희 김상환(주심) "
208413,연금분할비율별도결정거부처분취소(이혼 및 재산분할절차에서 국민연금법상 연금의 분할에 관하여 별도로 결정되었는지 여부가 문제된 사건),2018두65088,대법원,"국민연금법 제64조에 규정된 이혼배우자의 분할연금 수급권은 이혼한 배우자에게 전 배우자가 혼인 기간 중 취득한 노령연금 수급권에 대해서 연금 형성에 기여한 부분을 인정하여 청산·분배를 받을 수 있도록 하는 한편, 가사노동 등으로 직업을 갖지 못하여 국민연금에 가입하지 못한 배우자에게도 상대방 배우자의 노령연금 수급권을 기초로 일정 수준의 노후 소득을 보장하려는 취지에서 마련된 것이다. 이는 민법상 재산분할청구권과는 구별되는 것으로 국민연금법에 따라 이혼배우자가 국민연금공단으로부터 직접 수령할 수 있는 이혼배우자의 고유한 권리이다.  원칙적으로 일정한 수급요건을 갖춘 이혼배우자는 국민연금법 제64조에 따라 상대방 배우자의 국민연금 가입기간 중 혼인 기간에 해당하는 노령연금액을 균등하게 나눈 금액을 분할연금으로 받을 수 있다. 다만 국민연금법 제64조의2 제1항(이하 ‘특례조항’이라 한다)에 따라 협의상 또는 재판상 이혼에 따른 재산분할절차에서 이혼당사자의 협의나 법원의 심판으로 연금의 분할 비율에 관하여 달리 정할 수 있다. 이는 당사자의 의사를 존중하고 개별 사안의 특수성을 고려하여 구체적 타당성을 도모하기 위한 것이다.  이러한 국민연금법상 이혼배우자의 분할연금 수급권의 법적 성격과 특례조항의 내용과 입법 취지 등을 종합하면, 특례조항에서 정한 ‘연금의 분할에 관하여 별도로 결정된 경우’라고 보기 위해서는, 협의상 또는 재판상 이혼에 따른 재산분할절차에서 이혼당사자 사이에 연금의 분할 비율 등을 달리 정하기로 하는 명시적인 합의가 있었거나 법원이 이를 달리 결정하였음이 분명히 드러나야 한다. 이와 달리 이혼당사자 사이의 협의서나 조정조서 등을 포함한 재판서에 연금의 분할 비율 등이 명시되지 아니한 경우에는, 재산분할절차에서 이혼배우자가 자신의 분할연금 수급권을 포기하거나 자신에게 불리한 분할 비율 설정에 동의하는 합의가 있었다거나 그러한 내용의 법원 심판이 있었다고 쉽게 단정해서는 안 된다.","원고, 피상고인 원고피고, 상고인 국민연금공단 (소송대리인 법무법인 어울림 담당변호사 구은미 외 3인)원심판결 부산고법 2018. 11. 9. 선고 2018누21774 판결주    문  원심판결을 파기하고, 사건을 부산고등법원에 환송한다.이    유  상고이유를 판단한다.  1. 가. 국민연금법 제64조 제1항은 ‘혼인 기간이 5년 이상인 자가 배우자와 이혼하였을 것(제1호), 배우자였던 사람이 노령연금 수급권자일 것(제2호), 60세가 되었을 것(제3호)의 요건을 모두 갖추면 그때부터 그가 생존하는 동안 배우자였던 자의 노령연금을 분할한 일정한 금액의 연금(이하 ‘분할연금’이라 한다)을 받을 수 있다.’고 정하고, 같은 조 제2항은 ‘분할연금액은 배우자였던 자의 노령연금액(부양가족 연금액은 제외함) 중 혼인 기간에 해당하는 연금액을 균등하게 나눈 금액으로 한다.’고 정하고 있다.  한편 국민연금법 제64조의2 제1항은 “제64조 제2항에도 불구하고 민법 제839조의2 또는 제843조에 따라 연금의 분할에 관하여 별도로 결정된 경우에는 그에 따른다.”(이하 ‘이 사건 특례조항’이라 한다)라고 정하면서, 같은 조 제2항은 “제1항에 따라 연금의 분할이 별도로 결정된 경우에는 분할 비율 등에 대하여 공단에 신고하여야 한다.”라고 정하고 있다.  나. 국민연금법 제64조에 규정된 이혼배우자의 분할연금 수급권은 이혼한 배우자에게 전 배우자가 혼인 기간 중 취득한 노령연금 수급권에 대해서 그 연금 형성에 기여한 부분을 인정하여 청산·분배를 받을 수 있도록 하는 한편, 가사노동 등으로 직업을 갖지 못하여 국민연금에 가입하지 못한 배우자에게도 상대방 배우자의 노령연금 수급권을 기초로 일정 수준의 노후 소득을 보장하려는 취지에서 마련된 것이다(헌법재판소 2016. 12. 29. 선고 2015헌바182 전원재판부 결정 참조). 이는 민법상 재산분할청구권과는 구별되는 것으로 국민연금법에 따라 이혼배우자가 국민연금공단으로부터 직접 수령할 수 있는 이혼배우자의 고유한 권리이다.원칙적으로 일정한 수급요건을 갖춘 이혼배우자는 국민연금법 제64조에 따라 상대방 배우자의 국민연금 가입기간 중 혼인 기간에 해당하는 노령연금액을 균등하게 나눈 금액을 분할연금으로 받을 수 있다. 다만 이 사건 특례조항에 따라 협의상 또는 재판상 이혼에 따른 재산분할절차에서 이혼당사자의 협의나 법원의 심판으로 연금의 분할 비율에 관하여 달리 정할 수 있다. 이는 당사자의 의사를 존중하고 개별 사안의 특수성을 고려하여 구체적 타당성을 도모하기 위한 것이다(헌법재판소 2018. 4. 26. 선고 2016헌마54 전원재판부 결정 참조).  다. 이러한 국민연금법상 이혼배우자의 분할연금 수급권의 법적 성격과 이 사건 특례조항의 내용과 입법 취지 등을 종합하여 보면, 이 사건 특례조항에서 정한 ‘연금의 분할에 관하여 별도로 결정된 경우’라고 보기 위해서는, 협의상 또는 재판상 이혼에 따른 재산분할절차에서 이혼당사자 사이에 연금의 분할 비율 등을 달리 정하기로 하는 명시적인 합의가 있었거나 법원이 이를 달리 결정하였음이 분명히 드러나야 한다. 이와 달리 이혼당사자 사이의 협의서나 조정조서 등을 포함한 재판서에 연금의 분할 비율 등이 명시되지 아니한 경우에는, 재산분할절차에서 이혼배우자가 자신의 분할연금 수급권을 포기하거나 자신에게 불리한 분할 비율 설정에 동의하는 합의가 있었다거나 그러한 내용의 법원 심판이 있었다고 쉽게 단정해서는 아니 된다.  2. 원심판결 이유에 따르면, 다음 사실을 알 수 있다.  가. 원고는 1997. 11. 5. 소외 1과 혼인하고 그 사이에 자녀 소외 2를 두었다. 원고는 2016. 9. 19. 소외 1을 상대로 이혼, 위자료 및 재산분할 등을 구하는 소를 제기하였고, 이에 대하여 소외 1도 이혼, 위자료 및 재산분할 등을 구하는 반소를 제기하였다(이하 원고와 소외 1 사이의 위 소송을 통틀어 ‘이 사건 이혼소송’이라 한다).  나. 원고와 소외 1은 이 사건 이혼소송 진행 중 2017. 9. 29. 서로 이혼하되, 재산분할로 원고가 이 사건 아파트에 관하여 소유권이전등기절차를 이행받음과 동시에 소외 1에게 1억 7,000만 원을 지급하고, 미성년자녀인 소외 2의 양육비를 부담하는 내용 등의 조정(이하 ‘이 사건 조정’이라 한다)이 성립되었다.  다. 이 사건 조정조서 제8항은 ‘원고의 나머지 본소청구와 소외 1의 나머지 반소청구를 포기한다’는 조항이고, 제9항은 ‘원고와 소외 1은 향후 상대방에 대하여 위 조정조서에서 정한 사항 이외에는 이 사건 이혼과 관련된 위자료와 재산분할을 청구하지 아니한다’는 조항(이하 ‘이 사건 청산조항’이라 한다)이다.  라. 소외 1은 이 사건 조정이 성립된 후 2017. 11. 1. 피고에게 국민연금법 제64조의3에 따른 분할연금 선청구를 하였다. 원고는 2017. 11. 9. 피고에게 이 사건 조정조서와 함께 국민연금법상 연금에 대한 원고의 분할 비율이 100%, 소외 1의 분할 비율이 0%로 된 ‘연금 분할 비율 별도결정 신고서’를 제출하였다.  마. 피고는 2017. 11. 9. 원고에게 이 사건 조정조서에 연금의 분할 비율이 별도로 명시되어 있지 않다는 이유로 분할 비율 별도결정 요건을 충족하지 않는다고 통지하였다(이하 ‘이 사건 거부처분’이라 한다).  3. 원심은 다음과 같은 이유로 이 사건 청산조항에 따라 원고의 연금 분할 비율이 100%, 소외 1의 분할 비율이 0%로 결정되었다고 보아 이 사건 거부처분을 위법하다고 보았다.  가. 이 사건 특례조항이 시행된 이후부터는 이혼당사자가 민법상 재산분할청구를 하면서 어느 한쪽 배우자가 자신의 연금수급권을 포기하고 다른 한쪽 배우자에게 온전히 귀속시키는 것이 가능하다.  나. 원고와 소외 1은 이 사건 조정 당시 재산분할 대상으로 자신들의 국민연금법상 연금수급권을 충분히 예상할 수 있었다. 이혼 시 재산분할 과정에서 이러한 연금수급권을 다른 부부공동재산(누락되거나 은닉된 재산을 포함한다)과 달리 취급할 이유가 없다.  다. 이혼당사자가 재산분할에 관하여 조정을 하면서 이른바 ‘청산조항’을 두는 경우 다른 부부공동재산과 마찬가지로 연금수급권에 대해서도 적용되어 향후 연금 분할을 청구하지 않기로 하였다고 보는 것이 당사자의 의사에 부합한다. 오히려 연금수급권에 대하여 ‘청산조항’의 적용을 배제하려면 그 취지가 조정조서에 명시되어야 한다.  라. 이 사건 이혼소송의 쌍방 청구내용, 조정 경위와 내용, 구체적 조정조항 등에 비추어 원고와 소외 1 사이에는 국민연금법상 연금수급권을 포함하여 재산분할이 종국적으로 이루어진 것으로 보아야 한다.  4. 가. 그러나 위와 같은 사실관계를 앞서 본 법리에 비추어 살펴보면, 원심의 위와 같은 판단은 다음과 같은 이유로 수긍하기 어렵다.  1) 이혼당사자는 이 사건 특례조항에 따라 재산분할 과정에서 연금의 분할 비율 등을 자유롭게 정할 수 있지만 반드시 이를 포함시켜 분할 비율 등을 별도로 정해야만 하는 것은 아니다. 이혼배우자의 분할연금 수급권이 국민연금법상 인정되는 고유한 권리임을 감안하면, 이혼 시 재산분할절차에서 명시적으로 정한 바가 없을 경우 분할연금 수급권은 당연히 이혼배우자에게 귀속된다고 보아야 한다.  2) 이 사건 청산조항은 원고와 소외 1이 향후 상대방에 대하여 이 사건 이혼과 관련된 재산분할청구를 하지 않는다고 되어 있으므로, 그 적용 범위는 어디까지나 이혼 시 재산분할 과정에서 누락되거나 은닉된 상대방의 재산에 관하여 이혼당사자 사이의 재산분할청구를 금지하는 것에 한정된다. 따라서 이혼배우자인 소외 1이 국민연금공단을 상대로 자신의 고유한 권리인 분할연금 수급권을 행사하는 것에 대해서까지 이 사건 청산조항이 적용된다고 보기 어렵다.  3) 이 사건 조정조서에는 원고와 소외 1 사이에 연금의 분할 비율 등을 국민연금법 제64조 제2항과 달리 정하였다고 볼 만한 기재가 없다. 또한 이 사건 이혼소송에서 원고와 소외 1이 변호사를 통해 제출한 소장과 준비서면, 반소장과 준비서면 등에 담긴 재산분할 등에 관한 주장이나 이 사건 조정에 따른 재산분할 비율과 내용 등에 비추어 보더라도, 재산분할절차에서 소외 1이 자신의 분할연금 수급권을 포기(분할 비율 0%)하기로 하였다고 볼 만한 사정도 드러나지 않는다.  나. 원심의 판단에는 국민연금법상 분할연금 수급권의 법적 성격이나 이 사건 특례조항의 적용과 관련하여 이 사건 청산조항의 해석 등에 관한 법리를 오해하여 판결 결과에 영향을 미친 위법이 있다. 이를 지적하는 상고이유 주장은 이유 있다.  5. 결론  그러므로 나머지 상고이유에 관한 판단을 생략한 채 원심판결을 파기하고 사건을 다시 심리·판단하도록 원심법원에 환송하기로 하여, 관여 대법관의 일치된 의견으로 주문과 같이 판결한다.대법관 노정희(재판장) 박상옥(주심) 안철상 김상환 "
225199,이혼등·이혼및양육자지정,2019르123,수원가정법원,내용없음,"원고(반소피고), 피항소인 원고(반소피고) (소송대리인 법무법인 한송 담당변호사 이성미)피고(반소원고), 항소인 피고(반소원고) (소송대리인 변호사 이보미)사건본인 사건본인제1심판결 수원가정법원 성남지원 2018. 12. 13. 선고 2017드단700820(본소), 2017드단704747(반소) 판결변론종결2019. 5. 9.주    문  1. 제1심판결 중 재산분할에 관한 부분을 다음과 같이 변경한다.     피고(반소원고)는 원고(반소피고)에게 재산분할로 7,500,000원 및 이에 대하여 이 판결 확정 다음날부터 다 갚는 날까지 연 5%의 비율로 계산한 돈을 지급하라.  2. 피고(반소원고)의 나머지 항소를 기각한다.  3. 소송총비용은 본소와 반소를 합하여 9/10는 원고(반소피고)가, 나머지는 피고(반소원고)가 각 부담한다. 청구취지 및 항소취지1. 청구취지  가. 본소    본소에 의하여, 원고(반소피고, 이하 ‘원고’라 한다)와 피고(반소원고, 이하 ‘피고’라 한다)는 이혼한다. 피고는 원고에게 위자료로 20,000,000원 및 이에 대하여 이 사건 소장 부본 송달일 다음날부터 다 갚는 날까지 연 15%의 비율로 계산한 돈을, 재산분할로 155,000,000원 및 이에 대하여 이 판결 확정일 다음날부터 다 갚는 날까지 연 5%의 비율로 계산한 돈을 각 지급하라. 사건본인의 친권자 및 양육자로 원고를 지정한다. 피고는 원고에게 사건본인의 과거 양육비로 4,000,000원 및 이에 대하여 원고의 2018. 6. 27.자 청구취지 및 청구원인 변경신청서 송달 다음날부터 다 갚는 날까지 연 15%의 비율로 계산한 돈을, 장래 양육비로 이 사건 소장 부본 송달 다음날부터 사건본인이 성년에 이르기 전날까지 월 1,000,000원씩 각 지급하라.  나. 반소    반소에 의하여, 원고와 피고는 이혼한다. 원고는 피고에게 위자료로 10,000,000원 및 이에 대하여 이 사건 반소장 부본 송달 다음날부터 다 갚는 날까지 연 15%의 비율로 계산한 돈을, 재산분할로 49,875,001원 및 이에 대하여 이 판결 확정일 다음날부터 다 갚는 날까지 연 5%의 비율로 계산한 돈을 각 지급하라. 사건본인의 친권자 및 양육자로 피고를 지정한다. 원고는 피고에게 사건본인의 양육비로 이 사건 반소장 부본 송달일 다음날부터 사건본인이 성년에 이르기까지 매월 말일에 월 442,000원씩 지급하라.2. 항소취지   제1심판결 중 재산분할, 친권자 및 양육자 지정, 양육비 청구 부분을 다음과 같이 변경한다. 원고는 피고에게 재산분할로 49,875,001원 및 이에 대하여 이 판결 확정일 다음날부터 다 갚는 날까지 연 5%의 비율로 계산한 돈을 지급하라. 사건본인의 친권자 및 양육자로 피고를 지정한다. 원고는 피고에게 사건본인의 양육비로 이 사건 반소장 부본 송달 다음날부터 사건본인이 성년에 이르기까지 월 442,000원을 매월 말일에 지급하라. 이    유1. 이 법원의 심판범위   원고와 피고는 제1심에서 본소와 반소로 각 이혼, 위자료, 재산분할, 친권자 및 양육자 지정, 양육비 청구를 하였는데, 제1심법원은 본소와 반소의 각 이혼 청구를 인용하고, 본소와 반소 각 위자료 청구를 모두 기각하며, 본소 재산분할 청구 중 일부를 인용하는 한편, 원고를 사건본인의 친권자 및 양육자로 지정하고, 피고로 하여금 원고에게 양육비를 지급하도록 명하고 면접교섭에 관하여 직권으로 정하였다. 이에 대하여 피고가 재산분할, 친권자 및 양육자 지정, 양육비 부분에 관하여만 항소하였으므로, 이 법원의 심판범위는 제1심판결 중 재산분할, 친권자 및 양육자 지정, 양육비 부분에 한정된다.    2. 본소와 반소 각 재산분할 청구에 관한 판단  가. 분할대상재산과 그 가액      별지 분할재산명세표 기재와 같다.   나. 재산분할의 비율과 방법 : 원고 50%, 피고 50%1) 원고와 피고의 실질적인 혼인기간이 약 3년에 불과한 점, 그 기간에 원고나 원고의 모친이 가사와 육아의 대부분을 담당한 것으로 보이는 점 및 분할대상재산의 대부분을 차지하는 ○○○○○이편한세상 아파트 분양권 및 하남시 아파트에 관한 임대차보증금 반환채권 등의 형성·유지 경위, 혼인기간에 원고와 피고가 한 경제 활동과 그 소득의 정도, 가족의 생활환경이나 자녀의 수, 연령 등에 따른 가사의 내용과 강도 및 그 분담 정도, 원고와 피고의 현재 소득 능력, 혼인이 원고의 소득 능력에 미친 영향, 향후 사건본인을 양육하게 될 원고에 대한 다소의 배려가 필요한 점 등을 참작2) 분할대상재산의 형태와 성질, 그 취득 경위와 그 후의 관리 방법, 분할 방법이 재산의 가치나 효용에 미치는 영향, 분할 방법에 따른 집행의 용이성, 당사자의 의사 등을 고려하여, 원고와 피고가 각자의 명의로 보유하는 적극재산, 소극재산은 그 명의대로 귀속시키되, 분할비율에 따라 원고에게 귀속되어야 할 재산의 가액에서 원고가 현재 보유하는 재산의 가액을 뺀 나머지 금액을 피고가 원고에게 지급하도록 하는 방법에 의하여 분할한다.      3) 피고가 원고에게 지급해야 하는 재산분할금      계산식      가) 원고와 피고의 순재산 중 재산분할의 비율에 따른 원고의 몫        원고와 피고의 순재산 합계 118,876,293원 × 50% = 59,438,146원(원 미만 버림)      나) 위 가)항의 금액에서 원고의 순재산을 공제한 금액        59,438,146원 - 51,917,493원 = 7,520,653원      다) 피고가 원고에게 지급할 재산분할금        위 나)항의 금액을 약간 하회하는 7,500,000원   다. 소결론    피고는 원고에게 재산분할로 7,500,000원 및 이에 대하여 이 판결 확정일 다음날부터 다 갚는 날까지 민법에서 정한 연 5%의 비율로 계산한 돈을 지급할 의무가 있다. 3. 본소와 반소 각 친권자 및 양육자 지정, 양육비 청구에 관한 판단  이 법원이 이 부분에 관하여 설시할 이유는 제1심판결 중 해당부분의 기재와 같으므로 가사소송법 제12조, 민사소송법 제420조 본문에 의하여 이를 그대로 인용한다. 4. 결  론  본소와 반소 각 재산분할, 친권자 및 양육자 지정, 양육비 청구에 관하여 위와 같이 정하여야 하는데, 제1심판결 중 재산분할에 관한 부분은 이와 결론을 달리하여 부당하므로 피고의 항소를 일부 받아들여 위와 같이 변경하고, 피고의 나머지 항소는 이유 없으므로 기각하기로 하여 주문과 같이 판결한다.별지 생략판사 엄상섭(재판장) 김영주 박은진 "
225099,혼인의무효·이혼,2018르11853,인천가정법원,내용없음,"원고(반소피고), 항소인 원고(반소피고)피고(반소원고), 피항소인 피고(반소원고) (소송대리인 법무법인 덕수 담당변호사 황준협)제1심판결 인천가정법원 부천지원 2018. 11. 2. 선고 2018드단101232(본소), 2018드단104811(반소) 판결변론종결2019. 3. 8.주    문  1. 제1심판결을 취소한다.   2. 원고(반소피고)와 피고(반소원고) 사이에 2017. 1. 9. 서울특별시 관악구청장에게 신고하여 한 혼인은 무효임을 확인한다.   3. 피고(반소원고)는 원고(반소피고)에게 위자료로 500만 원 및 이에 대하여 2018. 5. 1.부터 2019. 4. 5.까지는 연 5%의, 그 다음날부터 다 갚는 날까지는 연 15%의 각 비율로 계산한 돈을 지급하라.    4. 원고(반소피고)의 나머지 본소 위자료 청구 및 피고(반소원고)의 반소 청구를 각 기각한다.   5. 소송총비용은 피고(반소원고)가 부담한다. 청구취지 및 항소취지1. 청구취지가. 본소    1) 주위적 청구취지        주문 제1항 및 피고(반소원고, 이하 ‘피고’라 한다)는 원고(반소피고, 이하 ‘원고’라 한다)에게 위자료로 2,300만 원 및 이에 대하여 이 사건 소장 부본 송달 다음날부터 다 갚는 날까지 연 15%의 비율로 계산한 돈을 지급하라.    2) 예비적 청구취지       원고와 피고 사이에 2017. 1. 9. 서울특별시 관악구청장에게 신고하여 한 혼인을 취소한다. 피고는 원고에게 위자료로 2,300만 원 및 이에 대하여 이 사건 소장 부본 송달 다음날부터 다 갚는 날까지 연 15%의 비율로 계산한 돈을 지급하라(원고는 이 법원에서 예비적 청구를 추가하였다).나. 반소     원고와 피고는 이혼한다.  2. 항소취지  제1심판결을 취소한다. 본소 주위적 청구취지 기재와 같은 판결을 구한다. 피고의 반소 청구를 기각한다. 이    유1. 준거법  대한민국 민법(국제사법 제36조)2. 인정사실  가. 원고는 결혼을 목적으로 2016. 12. 26. 키르기즈 공화국을 방문하여 피고를 소개받은 후 2016. 12. 29. 피고와 키르기즈 공화국 비쉬켁시에서 혼인신고를 마쳤다.   나. 이후 원고는 키르기즈 공화국의 혼인신고서 등을 첨부하여 2017. 1. 9. 서울특별시 관악구청에서 피고와의 혼인신고를 마쳤다.   다. 한편 원고는 2017. 1. 9. 피고와의 혼인신고를 하기에 앞서 피고에게 아버지와 어머니의 성명을 알려줄 것을 요구하였는데, 피고는 아버지 성명을 ‘○○○○ △△△△’가 아닌 ‘□□□□□□□ △△△△’로, 어머니 성명을 ‘☆☆☆☆☆☆ ◇◇◇◇’이 아닌 ‘▽▽▽▽▽▽ ◇◇◇◇’으로 각각 거짓으로 알려주었다.   라. 피고는 결혼이민비자(F-6)를 발급받아 2017. 6. 17. 대한민국에 입국하였고, 그 무렵부터 원고와 ◎◎시 소재 아파트에서 동거하였으나, 원고와 성관계를 하지는 않았다.   마. 피고는 2017. 7. 11. 외국인등록증이 발급되자, 2017. 7. 26. 원고에게 전화를 걸어 “부산에 가서 일을 하고, 비행기 표를 구해 비슈케크로 갈 거예요. 오빠 미안해요.”라고 말한 뒤 가출하였다. 이에 원고는 피고에게 “부산에 가봐야 술집이나 더러운 일 밖에 없다. 결혼회사는 사기꾼이다 속지마라. 돈을 주겠다. 속지마라”라고 카카오톡 메시지를 보냈으나, 피고는 원고에게 “오빠 감사합니다. 제가 일해서 표 사서 가요. 비슈케크.”라고 카카오톡 메시지를 보낸 후 더 이상 원고에게 연락하지 않았다.    바. 피고는 2017. 8. 1.부터 2017. 8. 27.까지 (사단법인 명칭 및 쉼터 명칭 생략)에서 생활하다가 2017. 9. 21. 원고를 상대로 인천가정법원 부천지원 2017드단2864호로 이혼 소송을 제기하였다. 그러나 위 법원은 2018. 3. 16. ‘피고가 제출한 증거들만으로는 원고가 혼인기간 동안 피고에게 부당한 대우를 하였음을 인정하기 부족하고, 달리 이를 인정할 만한 증거가 없으며, 오히려 혼인관계가 파탄된 데에는 대한민국에 입국한 후 40일도 되지 않아 일방적으로 가출한 피고의 책임이 크다’고 하여 피고의 청구를 기각하였고, 위 판결은 2018. 4. 20.경 그대로 확정되었다.인정근거  갑 1, 2, 4, 10, 11, 21, 을 1, 2, 6의 각 기재(가지번호가 있는 경우 가지번호 포함, 이하 같다), 변론 전체의 취지3. 본소 혼인무효 확인 청구에 관한 판단가. 관련 법리민법 제815조 제1호가 혼인무효의 사유로 규정하는 ‘당사자 간에 혼인의 합의가 없는 때’란 당사자 사이에 사회관념상 부부라고 인정되는 정신적·육체적 결합을 생기게 할 의사의 합치가 없는 경우를 의미하므로, 당사자 일방에게만 그와 같은 참다운 부부관계의 설정을 바라는 효과의사가 있고 상대방에게는 그러한 의사가 결여되었다면 비록 당사자 사이에 혼인신고 자체에 관하여 의사의 합치가 있어 일응 법률상의 부부라는 신분관계를 설정할 의사는 있었다고 하더라도 그 혼인은 당사자 간에 혼인의 합의가 없는 것이어서 무효라고 보아야 한다(대법원 2010. 6. 10. 선고 2010므574 판결 참조).나. 판단    위와 같은 법리에 비추어 이 사건을 보건대, 위 인정사실과 증거들을 통하여 알 수 있는 다음과 같은 사정들, 즉 ① 피고가 대한민국에 입국하여 원고와 동거한 기간이 40일 정도 밖에 되지 않고, 위 기간 동안 원고와 성관계를 맺는 등 정상적인 부부생활을 하지 않은 점(이에 대하여 피고는 원고가 변태적인 성행위를 강요하였다는 취지의 주장을 하나, 이를 인정할 만한 증거가 없고, 평소 원고와 피고가 주고받은 카카오톡 메시지 등을 살펴보면 원고는 피고가 국내에 잘 적응할 수 있도록 피고의 의사를 존중하고 배려하였던 것으로 보이며, 피고도 원고에 대하여 특별히 불만이 있었던 것으로 보이지 않는다), ② 피고가 대한민국에서의 혼인신고를 준비하던 원고에게 자신의 부모님의 성명을 사실과 다르게 알려준 점, ③ 피고는 외국인등록증을 발급받아 국내에서 합법적인 취업이 가능하게 되자 곧바로 가출하였고, 당시 원고에게 ‘부산으로 가서 일을 해 돈을 번 후 비슈케크로 돌아갈 것이다‘라고 말한 점 등을 종합하면, 피고는 원고와 참다운 부부관계를 설정하려는 의사가 없음에도 단지 대한민국에 입국하여 경제활동을 하기 위한 목적으로 원고와 혼인신고를 하였다고 봄이 상당하고, 설령 피고가 대한민국에 입국한 후 잠시나마 원고와 혼인생활을 하였다고 하더라도, 이는 피고가 진정한 혼인의사 없이 위와 같은 다른 목적의 달성을 위해 일시적으로 혼인생활의 외관을 만든 것에 불과해 보인다.     따라서 원고와 피고의 혼인은 당사자 간에 혼인의 합의가 없는 것이어서 민법 제815조 제1호에 따라 무효라고 할 것이고, 원고는 그 확인을 구할 이익이 있다(원고의 주위적 청구를 인용하는 이상 예비적 혼인취소 청구에 관하여는 더 나아가 살펴보지 않는다).  4. 본소 위자료 청구에 관한 판단  위 인정사실에 의하면, 피고는 원고와 혼인할 의사가 없음에도 이와 같은 의사가 있는 것으로 원고를 기망하였고, 이로 인하여 원고가 정신적 고통을 받았음은 경험칙상 명백하다. 따라서 피고는 원고에게 금전으로나마 이를 배상할 책임이 있는바, 원고와 피고가 혼인신고를 하게 된 경위 및 그 이후의 과정, 원고가 피고와 혼인을 위하여 기울인 노력, 그밖에 이 사건 변론에 나타난 모든 사정을 참작하여 피고가 원고에게 지급할 위자료 액수를 500만 원으로 정한다.   따라서 피고는 원고에게 위자료로 500만 원 및 이에 대하여 이 사건 소장 부본 송달 다음날인 2018. 5. 1.부터 피고가 그 이행의무의 존재 및 범위에 관하여 항쟁함이 상당한 이 판결 선고일인 2019. 4. 5.까지는 민법이 정한 연 5%의, 그 다음날부터 다 갚는 날까지는 소송촉진 등에 관한 특례법이 정한 연 15%의 각 비율로 계산한 지연손해금을 지급할 의무가 있다.  5. 피고의 반소 청구에 관한 판단  원고와 피고의 혼인이 무효임은 앞서 살펴본 바와 같으므로, 원고와 피고의 혼인이 유효함을 전제로 한 피고의 반소 청구는 이유 없다. 6. 결 론  그렇다면, 원고의 본소 혼인무효 확인 청구는 이유 있어 이를 인용하고, 본소 위자료 청구는 위 인정범위 내에서 이유 있어 이를 인용하고, 나머지 청구는 이유 없어 기각하며, 피고의 반소 청구를 기각하여야 할 것인바, 제1심판결은 이와 결론이 달라 부당하므로 이를 취소하고, 주문과 같이 판결한다. 판사 정우영(재판장) 허정인 이원범 "
205686,이혼등·이혼등청구의소,2017드합201319,부산가정법원,"  대한민국 국적인 甲이 베트남 국적인 乙과 혼인하였는데, 甲은 乙이 가사일과 자녀양육을 잘 하지 못한다는 등의 이유로, 乙도 甲이 乙 및 乙의 모국인 베트남을 비하한다는 이유로 서로 불만을 갖고 있던 중 부부싸움 후 별거하여 상호 이혼 등의 본소 및 반소를 제기한 사안이다.  甲과 乙은 단기간의 만남 끝에 국제결혼을 하였고 나이 차이가 상당히 난다는 점에서 문화 차이와 세대 차이로 인한 갈등이 충분히 예견되었음에도, 혼인생활 중 서로 상대방을 이해하고 존중하려는 노력이 부족하였고, 서로 자신의 입장만 내세우며 갈등을 심화시켰던 것으로 보이므로, 혼인관계 파탄의 책임은 甲과 乙 모두에게 있고, 그 정도가 대등하다는 이유로 甲과 乙의 위자료 청구를 모두 배척한 사례이다.","원고(반소피고) 원고(반소피고) (소송대리인 변호사 이종덕)피고(반소원고) 피고(반소원고) (소송대리인 변호사 김성윤)사건본인 사건본인 1 외 1인변론종결2018. 12. 20.주    문  1. 본소 및 반소에 의하여, 원고(반소피고)와 피고(반소원고)는 이혼한다.  2. 원고(반소피고)와 피고(반소원고)의 본소 및 반소 위자료 청구를 각 기각한다.  3. 원고(반소피고)는 피고(반소원고)에게 재산분할로 103,000,000원 및 이에 대하여 이 판결 확정일 다음 날부터 다 갚는 날까지 연 5%의 비율로 계산한 돈을 지급하라.  4. 사건본인들의 친권자 및 양육자로 피고를 지정한다.  5. 원고(반소피고)는 피고(반소원고)에게 사건본인들의 양육비로 2017. 3. 10.부터 2029. 5. 15.까지는 월 600,000원씩을, 그 다음 날부터 2031. 12. 11.까지는 월 300,000원씩을 매월 말일에 지급하라.  6. 원고(반소피고)는 사건본인들이 성년이 되기 전날까지 사건본인들을 다음과 같이 면접교섭할 수 있다. 피고(반소원고)는 위 면접교섭에 적극 협조하여야 하며, 이를 방해하여서는 아니 된다.  가. 일시: 매월 둘째, 넷째 토요일 10:00부터 19:00까지  나. 장소 및 방법: 원고(반소피고)가 사건본인들의 주거지 또는 피고(반소원고)와 협의한 장소에 사건본인들을 데리러 가고, 원고(반소피고)가 책임질 수 있는 장소에서 면접교섭을 한 후 사건본인들을 다시 데려다 주는 방법  다. 원고(반소피고)와 피고(반소원고)는 사전에 협의하여 면접교섭의 일정, 장소, 방법을 변경할 수 있고, 사건본인들의 복리를 최대한 존중하여 면접교섭을 실시한다.  7. 소송비용은 각자 부담한다.  8. 제5항은 가집행할 수 있다.청구취지  본소: 주문 제1항 및 피고(반소원고, 이하 ‘피고’라 한다)는 원고(반소피고, 이하 ‘원고’라 한다)에게 위자료로 30,000,000원 및 이에 대하여 이 사건 소장 부본 송달 다음 날부터 이 판결 선고일까지는 연 5%의, 그 다음 날부터 다 갚는 날까지는 연 15%의 각 비율에 의한 돈을 지급하라. 사건본인들에 대한 친권행사자 및 양육권자로 원고를 지정한다. 피고는 원고에게 사건본인들에 대한 양육비로 이 사건 판결 선고일로부터 2029. 5. 16.까지는 1,000,000원씩을, 2031. 12. 12.까지는 500,000원씩을 매월 말일에 지급하라.  반소: 주문 제1, 4항 및 원고는 피고에게 위자료로 30,000,000원 및 이에 대한 2017. 3. 10.부터 다 갚는 날까지 연 15%의 비율에 의한 돈을 지급하고, 재산분할로 257,500,000원 및 이에 대한 이 판결 확정일 다음 날부터 다 갚는 날까지 연 5%의 비율에 의한 돈을 지급하며, 사건본인들에 대한 양육비로 2017. 3. 10.부터 사건본인들이 성년에 이르는 날까지 각 1인에 대하여 600,000원씩을 매월 말일에 지급하라.이    유  본소, 반소를 함께 본다.  1. 인정 사실  가. 원고와 피고는 2009. 7. 24. 혼인신고를 마친 법률상 부부로서, 그 사이의 자녀로 미성년자인 사건본인들을 두고 있다. 피고는 베트남 국적이었는데 2015. 11. 19. 귀화하여 한국 국적을 취득하였다.  나. 원고는 혼인생활 중 피고의 친정에 주택 신축비용으로 1,000만 원을 보내고 때때로 용돈이나 병원비를 보내는 등 합계 3,000만 원 정도의 금원을 송금해주었다.  다. 원고는, 자신이 바라는 만큼 피고가 가사일과 자녀양육을 잘 하지 못하고, 베트남에 있는 친정 가족들에게 장시간 국제전화를 하며, 핸드폰을 자주 바꾸는 등 과소비를 한다고 생각하여 피고에게 불만을 가졌다. 한편 피고는, 원고가 피고 및 피고의 모국인 베트남을 비하한다는 이유로 원고에게 불만을 갖게 되었다.  라. 원고와 피고는 2016. 6. 23.경부터 2주간 사건본인들을 데리고 베트남에 있는 피고의 친정에 다녀왔다. 원고는 베트남에 다녀온 후 독감에 걸려 식사를 제대로 하지 못하였고, 피고는 2016. 7. 16. 원고에게 삶은 옥수수와 감자 잼을 해주었다. 원고가 위 식단에 불만을 표하면서 원고와 피고는 서로 몸싸움을 벌였다. 원고는 위 과정에서 피고를 폭행하였고, 이로 인하여 상해죄로 벌금 50만 원의 약식명령을 받고 부산지방법원 동부지원 2016고정1187호로 정식재판을 청구하였으나, 벌금 50만 원을 선고받았다. 그 후 원고가 항소를 취하함으로써 위 판결이 확정되었다.  마. 피고는 2016. 7. 16. 위와 같이 부부싸움이 있은 후 피고 친구의 신고로 경찰이 출동하자, 원고와의 분리를 요청하여 사건본인들을 데리고 집을 나갔다. 원고와 피고는 그 무렵부터 현재까지 별거하고 있다.  바. 원고는 피고가 집을 나간 직후에는 피고에게 사건본인들과 함께 집에 돌아올 것을 권유하는 내용의 문자를 보냈으나, 피고는 집에 돌아오지 않았다. 원고는 2017. 5.경부터 2017. 6.경까지 피고에게 카카오톡 메시지로, ‘은혜를 악마로 갚아라’, ‘여자깡패’, ‘사기꾼’, ‘꽃뱀’, ‘거지’, ‘부친이…계속 돈 뜯어내라고 하든가?’ 등 피고와 피고의 가족을 비난하는 내용의 카카오톡 메시지를 보냈고, 피고의 어머니와 언니에게도 유사한 내용의 메시지를 보냈다.  인정 근거 갑 제1 내지 8호증, 을 제1, 2, 3, 8 내지 10호증(각 가지번호 있는 것은 가지번호 포함, 이하 같다)의 각 기재, 가사조사관 보고서, 변론 전체의 취지  2. 이혼 및 위자료 청구에 관한 판단  가. 본소 및 반소 이혼 청구: 민법 제840조 제6호의 사유로 각 이유 있음  나. 본소 및 반소 위자료 청구: 각 이유 없음  판단 근거  ① 혼인관계 파탄 인정: 위 인정 사실에 더하여 원고와 피고가 모두 이혼을 원하고 있고, 2016. 7. 17.경부터 별거하고 있으며, 서로에 대한 신뢰를 상실하여 앞으로 혼인생활을 지속할 가능성이 없어 보이는 점 등 여러 사정을 참작한다.  ② 혼인관계 파탄의 주된 책임이 쌍방 모두에게 있고, 그 정도가 대등함:  피고는 한국어와 한국문화에 익숙하지 않았고, 가사 및 육아방식과 관련하여 원고와 갈등이 있었던 것으로 보이나, 이러한 사정만으로 피고의 귀책사유로 인하여 혼인관계가 파탄되었다고 보기는 어렵다. 한편 원고가 2016. 7. 16. 피고를 폭행하였던 것은 사실이나, 원고와 피고는 위 폭행이 있기 직전에 베트남에 있는 피고의 친정을 함께 방문하는 등 비교적 원만한 부부관계를 유지하고 있었던 것으로 보이는 점, 위 사건이 발생한 경위와 피해의 정도, 별거 이후 당사자들의 태도 등을 고려하면 위 폭행이 원인이 되어 원고와 피고의 혼인관계가 파탄에 이르렀다고 단정하기도 어렵다. 또한 원고가 피고와 피고의 가족들을 비난하는 메시지를 보낸 것은 원고와 피고의 혼인파탄 이후로 보이고, 그 이전에도 원고가 피고를 폭행하거나 폭언을 하였다고 볼 증거가 부족하다.  오히려 원고와 피고는 단기간의 만남 끝에 국제결혼을 하였고 나이 차이가 상당히 난다는 점에서 문화 차이와 세대 차이로 인한 갈등이 충분히 예견되었음에도, 혼인생활 중 서로 상대방을 이해하고 존중하려는 노력이 부족하였고, 서로 자신의 입장만 내세우며 갈등을 심화시켰던 것으로 보인다. 따라서 혼인관계 파탄의 책임은 원고와 피고 모두에게 있고, 그 정도는 대등하다.  3. 재산분할 청구에 관한 판단  가. 재산형성 및 유지 경위  1) 원고는 2008. 6. 5. 아버지 소외인이 사망함에 따라 부산 해운대구 (주소 생략) 아파트를 협의분할에 의하여 상속받았다. 원고와 피고는 혼인기간 중 위 아파트에 거주하였다.  2) 원고는 혼인 당시 이동통신 판매점을 운영하다가 그만두었다. 피고는 혼인생활 중 육아와 가사를 담당하였다.  인정 근거 앞서 든 증거들, 을 제4 내지 7호증의 각 기재, 가사조사관 보고서, 변론 전체의 취지  나. 분할대상 재산 및 가액  1) 분할대상 재산: 별지 ‘분할대상재산명세표’ 기재와 같다.  2) 분할대상 재산의 가액  가) 원고의 순재산: 515,000,000원  나) 피고의 순재산: 0원  다) 원·피고의 순재산 합계: 515,000,000원  다. 재산분할의 비율 및 방법  1) 재산분할의 비율: 원고 80%, 피고 20%  판단 근거 위에서 본 분할대상 재산의 형성과 유지에 대한 원고와 피고의 기여 정도, 그 밖에 혼인생활의 과정과 기간, 원고와 피고의 소득, 재산 및 경제력 등을 참작.  2) 재산분할의 방법: 당사자들의 의사, 앞서 본 분할대상 재산의 소유명의, 취득 및 유지 경위, 이용 상황 등 이 사건 변론에 나타난 여러 사정을 고려하여 분할대상 재산을 현재의 명의대로 그대로 귀속시키면서 위 분할비율에 따라 피고에게 귀속되어야 할 금액 중 부족한 부분을 원고가 피고에게 금원으로 지급하는 것으로 정함.  3) 원고가 피고에게 지급하여야 하는 재산분할금: 103,000,000원  계산식  순재산 합계 515,000,000원 × 피고의 몫 20% = 103,000,000원  라. 소결론  따라서 원고는 피고에게 재산분할로 103,000,000원 및 이에 대하여 이 판결 확정일 다음 날부터 다 갚는 날까지 민법이 정한 연 5%의 비율로 계산한 지연손해금을 지급할 의무가 있다.  4. 친권자·양육자 지정, 양육비, 면접교섭(직권)에 관한 판단  가. 친권자 및 양육자 지정  원고와 피고의 혼인생활 및 파탄경위, 사건본인들과의 친밀도, 사건본인들의 나이, 현재까지의 양육 상황, 당사자들의 의사 등 이 사건 변론에 나타난 모든 사정을 종합하면, 사건본인들의 친권자 및 양육자로 피고를 지정함이 상당하다.  나. 양육비  1) 양육비 지급 의무의 발생  원고는 사건본인들의 아버지로서 피고와 함께 사건본인들을 양육할 책임이 있으므로, 피고에게 사건본인들의 양육비를 지급할 의무가 있다.  2) 원고가 지급하여야 하는 장래양육비의 액수  원고는 피고에게 피고가 구하는 바에 따라 이 사건 반소장 부본 송달 다음 날인 2017. 3. 10.부터 사건본인들이 각 성년에 이르기 전날까지 사건본인 1인당 월 300,000원씩을 매월 말일에 지급하는 것으로 정한다.  산정 근거 사건본인들의 나이 및 양육 상황, 원고와 피고의 연령, 직업 및 소득, 재산 및 생활능력, 당사자들의 의사 등을 참작  다. 면접교섭(직권)  원고는 비양육친으로서 사건본인들의 복리에 반하지 않는 한 사건본인들과 면접교섭할 권리가 있으므로, 사건본인들의 나이, 양육 상황, 당사자들의 의사 등 이 사건 변론에 나타난 제반 사정을 고려하여 주문 제6항 기재와 같이 면접교섭 일시, 장소 등을 정한다.  5. 결론  그렇다면 본소 및 반소 이혼 청구는 각 이유 있어 인용하고, 본소 및 반소 위자료 청구는 각 이유 없어 기각하기로 하고, 재산분할, 친권자 및 양육자 지정, 양육비, 면접교섭에 관하여는 위와 같이 정하기로 하여, 주문과 같이 판결한다.별   지 분할대상재산명세표: 생략판사 김종민(재판장) 지현경 이민령 "
224975,이혼등·이혼및양육자지정,2017드단700820,수원지방법원성남지원,내용없음,"원고(반소피고) 원고(반소피고) (소송대리인 법무법인 한송 담당변호사 이성미)피고(반소원고) 피고(반소원고) (소송대리인  변호사 김준희)사건본인 사건본인변론종결2018. 11. 22.주    문  1. 본소 및 반소에 의하여, 원고(반소피고)와 피고(반소원고)는 이혼한다.  2. 원고(반소피고)의 본소 위자료 청구, 피고(반소원고)의 반소 위자료 청구를 각 기각한다.  3. 피고(반소원고)는 원고(반소피고)에게 재산분할로 110,000,000원 및 이에 대하여 이 판결 확정일 다음날부터 다 갚는 날까지 연 5%의 비율에 의한 금원을 지급하라.  4. 가. 사건본인의 친권자 및 양육자로 원고(반소피고)를 지정한다.  나. 피고(반소원고)는 원고(반소피고)에게 사건본인의 과거 양육비로 3,200,000원을, 장래 양육비로 2018. 12. 14.부터 사건본인이 성년에 이르기 전날까지 매월 말일에 월 800,000원씩을 각 지급하라.  다. 피고(반소원고)는 2018. 12. 14.부터 사건본인이 성년에 이르기 전날까지 아래와 같이 사건본인을 면접교섭 할 수 있다. 원고(반소피고)는 피고(반소원고)의 면접교섭이 원만하게 실시될 수 있도록 적극 협조하여야 한다. 보다 구체적인 면접교섭의 시간, 장소 및 방법은 원고(반소피고)와 피고(반소원고)가 상호 협의하여 정한다.  1) 매월 2, 4주 토요일 09:00부터 같은 날 19:00까지   2) 사건본인의 여름, 겨울방학 중 쌍방이 협의하여 정한 각 2박 3일간  3) 구정, 추석 연휴 중 각 명절 당일 15:00부터 그 다음날 18:00까지  4) 사건본인의 생일과 어린이날, 크리스마스 중 쌍방이 협의하여 정한 기간  5. 소송비용은 본소, 반소를 합하여 그 3/10은 원고(반소피고)가, 나머지는 피고(반소원고)가 각 부담한다.  6. 제4의 나항은 가집행할 수 있다.청구취지  본소 : 주문 제1항, 제4의 가항 및 피고(반소원고, 이하 ‘피고’라 한다)는 원고(반소피고, 이하 ‘원고’라 한다)에게 위자료로 20,000,000원 및 이에 대하여 이 사건 본소장 부본 송달일 다음날부터 다 갚는 날까지 연 15%의 비율에 의한 금원을, 재산분할로 155,000,000원 및 이에 대하여 이 판결 확정일 다음날부터 다 갚는 날까지 연 5%의 비율에 의한 금원을 각 지급하라. 피고는 원고에게 사건본인의 과거 양육비로 4,000,000원 및 이에 대하여 원고의 2018. 6. 27.자 청구취지 및 청구원인 변경신청서 송달일 다음날부터 다 갚는 날까지 연 15%의 비율에 의한 금원을, 장래 양육비로 이 사건 본소장 부본 송달일 다음날부터 사건본인이 성년에 이르기 전날까지 월 1,000,000원씩 각 지급하라.  반소 : 주문 제1항 및 원고는 피고에게 위자료로 10,000,000원 및 이에 대하여 이 사건 반소장 부본 송달일 다음날부터 다 갚는 날까지 연 15%의 비율에 의한 금원을, 재산분할로 49,875,001원 및 이에 대하여 이 판결 확정일 다음날부터 다 갚는 날까지 연 5%의 비율에 의한 금원을 각 지급하라. 사건본인의 친권자 및 양육자로 피고를 지정한다. 원고는 피고에게 사건본인의 양육비로 이 사건 반소장 부본 송달일 다음날부터 사건본인이 성년에 이르기까지 매월 말일에 월 442,000원씩 지급하라.이    유  본소, 반소를 함께 본다.  1. 인정사실  가. 원고와 피고는 2014. 8. 8. 혼인신고를 마친 법률상 부부로, 슬하에 사건본인을 두고 있다. 두 사람은 2013. 7.경 원고의 직장 동료의 소개로 처음 만나 교제하다가 2014. 7. 12. 결혼식을 올리고 그 무렵 혼인생활을 시작하였다. 원고는 2013년경부터 현재까지 의류 회사의 의상디자인 담당 직원으로, 피고는 2008년경부터 현재까지 의류 회사의 영업 담당 직원으로 각 근무하고 있다.  나. 원고는 2015. 7.경 사건본인을 출산한 후 2016. 3.경 회사에 복직하면서, 피고의 귀가시간, 가사·육아의 분담, 생활비 등의 문제로 불만을 표시하는 일이 잦아졌다. 점차 원고는 피고에게 냉담한 태도를 보이기 시작하였고, 피고도 원고의 불만 섞인 말투나 태도 등에 종종 서운함을 드러내게 되었다. 그 사이 원고는 2016. 8. 14.경부터 2016. 8. 19.경까지 친구들과 두바이로 여행을 떠났고, 2016. 9. 21.경에는 피고의 재정 상태를 확인하겠다면서 피고로부터 신용카드 사용내역서와 피고 명의의 공인인증서를 받았다. 위 신용카드 사용내역서에는 피고가 2015. 11.경부터 2016. 3.경까지 수차례 모텔 등의 숙박업소에서 그 이용대금을 결제한 내역이 기재되어 있었고, 원고는 2017. 2.경 피고의 가방에서 발기부전 치료제를 발견하기도 하였다.  다. 원고는 2017. 2. 27. 피고를 상대로 이혼을 구하는 이 사건 본소를 제기하였다. 피고는 2017. 7. 28.경 원고 모친의 만류를 무릅쓰고 사건본인을 데리고 본가로 갔고, 원고는 같은 날 피고의 본가에 찾아가 사건본인을 데리고 돌아왔다. 원고는 2017. 8.경 1시간이 넘도록 피고를 원고와 함께 살던 집에 들어오지 못하게 하였고, 2017. 9. 3.경 피고가 사건본인의 돌반지 등을 가져갔다면서 피고와 함께 살던 집 현관문에 설치된 잠금장치의 비밀번호를 변경하여 약 2주간 피고를 위 집에 들어오지 못하게 하였다. 이에 피고는 2017. 9. 13. 원고를 상대로 이혼을 구하는 이 사건 반소를 제기하였고, 2017. 10.경 원고와 함께 살던 집에서 나왔다. 그때부터 현재까지 원고와 피고는 별거하고 있고, 사건본인은 원고가 양육하고 있다.  인정근거 갑 제1 내지 6, 10, 15, 16호증(가지번호 포함, 이하 같다), 을 제1, 10, 11, 20호증의 각 기재와 영상, 가사조사관의 조사보고서, 변론 전체의 취지  2. 이혼 및 위자료 청구(본소, 반소)에 대한 판단  가. 혼인은 남녀의 애정을 바탕으로 일생의 공동생활을 위하여 결합하는 것으로서, 부부는 동거하며 서로 부양하고 협조하여야 할 의무가 있다(민법 제826조 제1항). 따라서 부부는 애정과 신의 및 인내로써 서로 상대방을 이해하고 보호하여 혼인생활을 유지하기 위한 최선의 노력을 기울여야 하고, 혼인생활 중에 그 장애가 되는 여러 사태에 직면하더라도 이를 극복하기 위한 노력을 다하여야 한다(대법원 1995. 12. 22. 선고 95므861 판결 등 참조).  나. 위와 같이 원고와 피고가 오랜 기간 같은 문제로 다툼을 반복하다가 끝내 서로를 상대로 이혼을 구하는 이 사건 본소 및 반소를 제기하기에 이른 점, 두 사람이 2017. 10.경부터 약 1년이 지난 현재까지 별거하고 있는 점 및 원고와 피고가 별거에 이르게 된 경위, 불화의 원인과 그로 인한 다툼의 정도 및 대응 방식, 이 사건 소송의 경과와 그 전후의 정황 등을 고려하면, 원고와 피고의 혼인관계는 더는 회복할 수 없을 정도로 파탄되었다고 판단되고, 이는 원고와 피고가 본소 및 반소로써 주장하는 민법 제840조 제6호 소정의 재판상 이혼사유인 “기타 혼인을 계속하기 어려운 중대한 사유가 있을 때”에 해당한다.  다. 1) 이에 대하여 원고는 피고가 혼인 직후부터 술을 마시고 늦게 귀가하거나 외박하는 일이 잦았고, 가사와 육아를 제대로 분담하지 않았으며, 원고를 속이고 부정행위를 일삼는 등의 잘못으로, 피고는 원고가 혼인기간에 피고에게 상습적으로 폭언을 하였고, 이 사건 본소를 제기한 이후 피고를 집에 들어오지 못하게 하였을 뿐만 아니라, 형편에 맞지 않는 과도한 소비를 하면서 양육에는 소홀하였고, 지속적으로 피고를 의심하고 비난하는 등의 잘못으로 혼인관계가 파탄되었다고 주장하지만, 원고가 제출한 갑 제6, 7, 11, 14 내지 16호증의 각 기재와 영상이나, 피고가 제출한 을 제1, 10, 11, 20호증의 각 기재와 영상만으로는 위 각 주장사실을 인정하기 부족하고, 달리 이를 인정할 증거가 없다.  2) 오히려 원고와 피고의 혼인관계는, 부부가 혼인생활을 유지하면서 불가피하게 직면할 수밖에 없는 서로의 생활방식이나 태도, 가사·육아의 분담, 생활비 등에 관한 불만과 이로 인한 갈등에 대하여, 자녀를 둔 혼인의 당사자로서 서로에 대한 애정과 신의로써 그 상황을 인내하면서 상대방의 입장을 이해하고 그 처지와 감정을 배려하며 이를 조율하려는 진지한 노력을 다하지 않은 채, 자신의 불만과 고통만을 앞세우며 다툼을 반복하다가 끝내 그 갈등을 극복하지 못하고 파탄에 이르게 되었다고 할 것이므로, 원고와 피고 어느 일방에게 혼인관계 파탄의 주된 책임이 있다고 볼 수 없다. 따라서 이를 전제로 한 원고와 피고의 본소 및 반소 각 위자료 청구는 모두 받아들일 수 없다.  3. 재산분할 청구(본소, 반소)에 대한 판단  가. 분할대상재산과 그 가액  1) 분할대상재산과 그 가액은 별지 분할재산명세표 기재와 같다(이 사건 변론종결일인 2018. 11. 22.을 기준으로 정하되, 원고와 피고가 별거하면서 각자의 생활을 분리하고 경제적 활동을 따로 함으로써 서로의 재산에 대한 협력적 관계가 종료되었다고 봄이 상당한 2017. 10.경 이후 그 일방의 후발적인 사정에 의하여 변동된 것으로서 혼인 중 공동으로 형성한 재산관계와 무관한 부분은 제외한다. 다만, 당사자 사이에 개별 분할대상재산의 포함 여부나 그 가액에 대하여 명시적으로 이의를 제기하지 않은 부분은 그대로 인정하되, 그 나머지 부분에 대하여만 주장의 당부를 따져 분할대상재산을 확정한다).  2) 피고는, 별지 분할재산명세표 원고 적극재산 순번 제1번에 기재된 하남시 (주소 2 생략), ◇◇◇◇동☆☆☆☆호(이하 ‘하남시 아파트’라 한다)에 관한 임대차보증금 반환채권 중 4,000만 원 부분은 피고가 원고와 혼인하기 전에 마련한 자금으로 형성된 피고의 특유재산이므로, 분할대상재산에 해당하지 않는다고 주장한다. 그러나 아래 재산분할의 비율과 방법에서 보는 원고와 피고의 실질적인 혼인기간, 원고와 피고가 한 경제 활동과 그 소득의 정도, 가사·육아의 내용과 강도 및 그 분담 정도 등의 사정을 고려하면, 위 임대차보증금 반환채권 중 위 4,000만 원 부분을 유지하는 데 원고가 협력하였다고 봄이 타당하므로, 위 부분 역시 분할대상재산에 해당한다. 따라서 피고의 위 주장은 받아들일 수 없고, 다만 위 임대차보증금 반환채권의 형성 경위에 관한 사정은 재산분할의 비율을 정함에 참작한다.  3) 피고는, 별지 분할재산명세표 피고 적극재산 순번 제1 내지 4번 기재 각 계좌의 잔액 합계 19,708,590원에는 피고가 2011. 5. 16.부터 근무하던 회사에서 2016. 7. 1. 퇴직하면서 수령한 15,284,550원의 퇴직금이 포함되어 있고, 위 퇴직금 중 피고가 원고와 혼인하기 전까지 근무한 기간에 상응하는 9,170,730원= 퇴직금 15,284,550원 × (피고가 원고와 혼인하기 전까지 근무한 기간 3년 ÷ 전체 근무기간 5년)은 피고의 특유재산에 해당하므로, 위 각 계좌의 잔액에서 위 특유재산 부분을 뺀 나머지 10,537,860원(= 19,708,590원 - 9,170,730원) 부분만을 분할대상재산에 포함시켜야 한다고 주장한다. 그러나 재산분할 제도는 이혼 등의 경우에 부부가 혼인 중 공동으로 형성·유지한 재산을 청산·분배하는 것을 주된 목적으로 하는 것이므로(대법원 2013. 6. 20. 선고 2010므4071, 4088 전원합의체 판결 참조), 재산분할의 대상이 되는 재산은 특별한 사정이 없는 한 청산·분배의 기준시점에 존재하여야 하는 것인데, 피고가 수령한 위 퇴직금이 위 기준시점에 그대로 존재하고 있다고 볼 만한 증거가 없을 뿐만 아니라, 위 각 계좌의 거래내역에 의하면 애당초 위 퇴직금이 위 각 계좌에 입금된 바 없음을 알 수 있다. 피고가 주장하는, 혼인기간에 위 퇴직금을 수령하였다는 사정은 혼인기간의 경제 활동과 그 소득의 정도에 관한 것으로서 재산분할의 비율을 정함에 참작할 수 있을 뿐이다. 따라서 위 각 계좌의 잔액은 모두 분할대상재산에 해당한다. 피고의 위 주장은 받아들일 수 없다.  4) 피고는, 남양주시 (주소 생략)○○○○○이편한세상△△△△동□□□□호(이하 ‘다산진건지구 아파트’라 한다)는 피고가 2009. 12.경 개설한 주택청약종합저축 계좌에 월 15만 원씩 납입함으로써 청약주택 관련 1순위 자격요건을 충족하여 일반공급대상자로서 분양받아 피고의 자금으로 그 분양대금을 납부하고 원고와 피고의 혼인관계가 파탄에 이른 뒤인 2018. 4. 3. 피고 명의로 소유권이전등기를 마친 것이므로, 위 아파트 자체는 피고의 특유재산으로서 분할대상재산에 해당하지 않고, 위 아파트에 대한 분양권의 가액 중 피고가 위 주택청약종합저축 계좌에 납입한 총 금액에서 피고가 혼인한 이후 위 계좌에 납입한 금액이 차지하는 비율인 10%에 해당하는 부분만이 분할대상재산에 해당하는데, 위 분양권의 가액은 피고가 위 아파트의 계약금으로 지급한 28,674,200원(= 위 아파트 분양계약금 27,506,000원 + 발코니 확장공사 계약금 1,168,200원)으로 봄이 타당하므로, 결국 위 아파트에 관한 분할대상재산은 위 아파트의 분양권 중 2,867,420원(= 28,674,200원 × 10%) 부분에 한정된다고 주장한다.  그러나 갑 제8, 9, 22호증, 을 제1, 13, 17, 18, 29, 30호증의 각 기재와 이 법원의 시가 감정촉탁결과, 가사조사관의 조사보고서 및 변론 전체의 취지를 종합하여 알 수 있는 다음의 사정, 즉 ① 피고는 원고와 혼인생활을 시작한 후 약 11개월이 지난 2015. 6. 9.경 다산진건지구 아파트의 예비당첨자로 추첨되어 2015. 7. 3.경 위 아파트에 관한 공급계약을 체결하였고, 그 무렵 위 아파트의 분양계약금으로 27,506,000원, 위 아파트의 발코니 확장공사 계약금으로 1,168,200원 합계 28,674,200원을 지급한 뒤 금융기관에서 대출을 받아 2015. 11. 16.경부터 2017. 9. 18.경까지 6회에 걸쳐 위 아파트 분양계약의 중도금으로 165,036,000원(별지 분할재산명세표 피고 소극재산 순번 제3번에 기재된 137,530,000원의 대출 채무는 그 중 5회분에 해당하는 것이다)을 지급하는 등 위 아파트의 공급대금 275,060,000원 중 193,710,200원을 납입한 점, ② 위 아파트에 대한 분양권은 위 아파트에 관한 공급계약의 매수인 지위에서 갖는 권리를 일컫는 것으로, 특별한 사정이 없는 한 매수인은 그 공급대금을 지급하고 매도인인 경기도시공사에 위 아파트에 대한 소유권이전등기절차의 이행을 구함으로써 위 아파트의 소유권을 취득할 것이 예정되어 있었던 점, ③ 이후 피고가 2018. 3.경 위 아파트의 잔금 82,518,000원을 지급 또는 국민주택기금 채무인수의 방법으로 지급하고 2018. 4. 3. 위 아파트에 관하여 피고 앞으로 소유권이전등기를 마침으로써 위 아파트의 소유권을 취득한 점, ④ 피고가 위와 같이 다산진건지구 아파트에 관한 공급계약을 체결하고 그 공급대금의 대부분을 납부하는 기간에 원고가 사건본인을 출산하고 가사와 육아를 돌보았을 뿐만 아니라, 2016. 3.경부터는 회사에 복직하면서 소득 활동을 하는 한편, 가사와 육아는 원고 모친의 도움을 크게 받아온 점, ⑤ 피고가 위 아파트에 관한 공급계약에 따라 계약금으로 지급한 금액은 위 아파트 또는 그 분양권을 취득하기 위하여 지출한 비용에 불과할 뿐, 이를 곧바로 위 아파트 또는 그 분양권의 경제적 가치로 평가할 수는 없고, 만약 피고의 주장대로 위 아파트에 관한 계약금으로 지출한 금액만을 분할대상재산으로 파악한다면 위 아파트나 그 분양권의 경제적 가치, 즉 시가 상당액에서 위 계약금 상당액을 뺀 나머지 부분을 피고가 독점하는 결과가 되어 부당한 점 등을 고려하면, 피고가 위 아파트의 분양권을 취득하고 나아가 위 아파트의 소유권을 확보하여 그 경제적 가치를 유지·증식하는 데 원고가 협력하였다고 봄이 타당하므로, 이 법원이 한 시가 감정촉탁의 평가대상인 위 아파트 자체를 분할대상재산으로 삼고, 그 가액을 재산분할의 기준시점인 이 사건 변론종결일에 가장 근접한 2018. 10. 22. 기준 시가 감정평가액인 5억 5,000만 원으로 정하되, 피고가 위 아파트의 취득을 위하여 부담한 채무 역시 분할대상재상에 포함시키는 것이 타당하다.  따라서 피고의 위 주장은 받아들일 수 없다.  5) 피고는 별지 분할재산명세표 피고 소극재산 순번 제4 내지 6번에 기재된 2억 2,000만 원의 임대차보증금 반환채무, 한국카카오은행에 대한 4,000만 원의 대출 채무, 케이뱅크은행에 대한 2,500만 원의 대출 채무가 분할대상재산에 해당한다고 주장한다.   그러나 앞서 본 바와 같이 원고와 피고의 서로의 재산에 대한 협력적 관계가 종료된 2017. 10.경 이후 어느 일방의 사정에 의하여 변동된 적극재산, 소극재산은 그것이 분할대상재산에 해당하는 부부공동재산을 기반으로 발생한 것이거나 부부공동재산의 형성 또는 그 유지·증식을 위하여 부담한 것이라는 등의 특별한 사정이 없는 한 이를 분할대상재산에 반영할 수 없다. 위 임대차보증금 반환채무는 피고가 2018. 1. 30.경 다산진건지구 아파트를 제3자에게 임대하고 2018. 3. 9.경 그 임대차보증금 2억 2,000만 원을 모두 수령함으로써 발생한 것이고, 위 각 대출 채무는 그 발생 시점을 확인할 수 있는 자료가 없는데다가, 위 임대차보증금과 위 각 대출금의 사용 내역을 파악할 수 있는 증거도 없으므로, 특별한 사정이 없는 한 위 각 채무를 분할대상재산에 포함시킬 수 없다.  다만, 피고가 2017. 5. 16.경까지 별지 분할재산명세표 피고 소극재산 순번 제3번의 대출을 받아 다산진건지구 아파트에 관한 공급계약의 중도금 중 137,530,000원을 납입하는 등으로 위 아파트의 공급대금 275,060,000원 중 165,036,000원을, 그 발코니 확장공사 대금 5,841,000원 중 1,168,200원을 지급함으로써 그 당시 위 아파트의 공급대금 중 110,024,000원, 위 발코니 확장공사 대금 중 4,672,800원 합계 114,696,800원이 지급되지 않은 상태로 남아있었던 것으로 보인다. 피고가 보유하고 있던 다른 재산으로 위 각 대금의 잔금을 지급하였다고 볼 만한 특별한 사정이 없는 이상 위 임대차보증금 및 위 각 대출금 중 적어도 위 114,696,800원에 해당하는 부분은 위 각 대금의 잔금을 지급하는 데 사용되었다고 봄이 타당하다.  따라서 피고의 위 주장은 받아들일 수 없고, 위 임대차보증금 반환채무, 위 각 대출 채무 중 위 114,696,800원에 해당하는 부분만을 분할대상재산에 산입한다.  나. 재산분할의 비율과 방법  1) 원고와 피고의 실질적인 혼인기간이 약 3년에 불과한 점, 그 기간에 원고나 원고의 모친이 가사와 육아의 대부분을 담당한 것으로 보이는 점 및 분할대상재산의 대부분을 차지하는 다산진건지구 아파트 및 하남시 아파트에 관한 임대차보증금 반환채권 등의 형성·유지 경위, 혼인기간에 원고와 피고가 한 경제 활동과 그 소득의 정도, 가족의 생활환경이나 자녀의 수, 연령 등에 따른 가사의 내용과 강도 및 그 분담 정도, 원고와 피고의 현재 소득 능력, 혼인이 원고의 소득 능력에 미친 영향 등을 고려하면, 원고의 재산분할 비율을 약 45%로, 피고의 재산분할 비율을 약 55%로 정함이 타당하다.  2) 분할대상재산의 형태와 성질, 그 취득 경위와 그 후의 관리 방법, 분할 방법이 재산의 가치나 효용에 미치는 영향, 분할 방법에 따른 집행의 용이성, 당사자의 의사 등을 고려하여, 원고와 피고가 각자의 명의로 보유하는 적극재산, 소극재산은 그 명의대로 귀속시키되, 분할비율에 따라 원고에게 귀속되어야 할 재산의 가액에서 원고가 현재 보유하는 재산의 가액을 뺀 나머지 금액을 피고가 원고에게 지급하도록 하는 방법에 의하여 분할한다.  다. 재산분할금액의 결정  원고에게 귀속되어야 할 재산의 가액 162,211,181원(= 원, 피고의 순재산 합계 360,469,293원 × 원고의 분할비율 45%, 원 미만 버림)에서 원고가 현재 보유하는 재산의 가액 51,917,493원을 뺀 나머지 금액은 110,293,688원이다. 이를 감안하여 피고가 원고에게 지급할 재산분할금액을 110,000,000원으로 정한다.  라. 소결론  따라서 피고는 원고에게 재산분할로 110,000,000원 및 이에 대하여 이 판결 확정일 다음날부터 다 갚는 날까지 민법상 연 5%의 비율에 의한 지연손해금을 지급할 의무가 있다.  4. 친권자, 양육자 지정, 양육비 청구(본소, 반소) 및 면접교섭(직권)에 대한 판단  가. 친권자, 양육자의 지정  원고와 피고의 양육의사 및 양육능력, 사건본인의 나이와 성별, 그간의 양육 상황, 사건본인과의 정서적 유대관계, 원고와 피고의 경제적 형편과 능력 등을 고려하면, 사건본인의 친권자 및 양육자로 원고를 지정함이 타당하다.  나. 양육비  피고는 사건본인의 친부로서 사건본인을 부양할 책임이 있으므로, 사건본인을 양육하여 온 원고에게 그 양육비의 일부를 지급할 의무가 있다.  원고와 피고의 경제적 형편과 능력, 원고가 사건본인을 홀로 양육한 기간, 피고가 부양의무를 이행하지 못한 경위, 사건본인의 나이나 성장 과정에 따라 소요되는 일반적인 비용의 정도 및 피고가 원고에게 2017. 8.경부터 2017. 11.경까지의 양육비를 지급하지 않다가 2017. 12.경부터 현재까지 양육비로 월 80만 원씩 지급하고 있는 것으로 보이는 점 등을 고려하여, 원고가 구하는 2017. 8.경부터 이 판결 선고일인 2018. 12. 13.까지의 과거 양육비를 320만 원으로, 그 다음날인 2018. 12. 14.부터의 장래 양육비를 월 80만 원으로 정한다.  다. 면접교섭  피고는 사건본인의 친부로서 사건본인을 면접교섭 할 권리가 있다. 사건본인의 나이와 성별, 그간의 면접교섭 상황, 당사자의 의사 등을 고려하여 피고의 사건본인에 대한 면접교섭을 주문 제4의 다항과 같이 정한다.  5. 결론  원고와 피고의 본소 및 반소 각 이혼 청구는 이유 있어 이를 각 인용하고, 본소 및 반소 각 위자료 청구는 이유 없으므로 이를 각 기각하며, 본소 및 반소 각 재산분할 청구, 각 친권자, 양육자 지정 청구, 각 양육비 청구 및 면접교섭에 대하여는 주문과 같이 정한다.판사 이경호 "
224955,이혼,2017드단3409,인천가정법원부천지원,내용없음,"원    고 원고 (소송대리인 법무법인 혜안 담당변호사 김현익 외 1인)피    고 피고 (소송대리인 법무법인 통일 담당변호사 최성진)사건본인 사건본인변론종결2018. 10. 17.주    문  1. 원고와 피고는 이혼한다.  2. 원고의 위자료 청구를 기각한다.  3. 재산분할로,   가. 원고는 피고로부터 아래 나.항 기재 금원을 지급받음과 동시에 피고에게 별지1 기재 부동산 중 원고의 1/2 지분에 관하여 이 사건 판결확정일자 재산분할을 원인으로 한 소유권이전등기절차를 이행하고,   나. 피고는 원고로부터 위 가.항 기재 소유권이전등기절차를 이행받음과 동시에 원고에게 2,400만 원을 지급하라.4. 사건본인의 친권자 및 양육자로 원고를 지정한다.5. 피고는 원고에게 사건본인의 양육비로, 2018. 11. 22.부터 사건본인이 초등학교에 입학하는 해의 2월말까지는 월 50만 원씩을, 그 다음날부터 중학교에 입학하는 해의 2월말까지는 월 70만 원씩을, 그 다음날부터 성년에 이르기 전날까지는 월 90만 원씩을 각 매월 말일에 지급하라.6. 피고는 다음과 같이 사건본인을 면접교섭할 수 있다.  가. 일반적 면접교섭    (1) 중학교에 입학하는 해의 2월말까지: 매월 2, 4째주 토요일 10:00부터 다음날 일요일 18:00까지    (2) 그 다음날부터 성년이 될 때까지 : 매월 2, 4째주 토요일 10:00부터 다음날 일요일 18:00까지 및 피고와 사건본인이 상호 자유롭게 연락하여 정하는 일시  나. 명절 및 방학 중 면접교섭    (1) 설 및 추석 명절기간 중 각 1박 2일씩      (2) 여름 및 겨울방학 중 각 2박 3일씩(초등학교 입학 후에는 각 4박 5일씩)  다. 방법 : 피고가 사건본인의 거주지로 가서 인도받아 피고가 책임질 수 있는 장소에서 면접교섭한 후 다시 피고가 사건본인의 거주지로 데려다주는 방법    7. 제5항은 가집행할 수 있다.8. 소송비용은 각자 부담한다.청구취지1. 원고와 피고는 이혼한다.2. 피고는 원고에게 위자료로 3,000만 원 및 이에 대하여 이 사건 청구취지변경신청서 송달일 다음날부터 이 사건 판결 선고일까지는 연 5%의, 그 다음날부터 다 갚는 날가지는 연 15%의 각 비율에 의한 돈을 지급하라.3. 재산분할로,   가. 원고는 피고에게 별지1 기재 부동산에 관한 원고의 지분을 피고에게 이전하고,  나. 피고는 원고로부터 가.항 기재 지분을 이전받음과 동시에 원고에게 33,568,113원 및 이에 대하여 위 소유 지분 이전일 다음날부터 다 갚는 날까지 연 5%의 비율로 계산한 돈을 지급하라.4. 사건본인의 친권자 및 양육자로 원고를 지정한다.5. 피고는 원고에게 사건본인의 양육비로, 이 사건 판결 선고일로부터 사건본인이 초등학교에 입학하는 해의 2월까지는 월 60만 원씩, 초등학교에 입학하는 해의 3월부터 중학교에 입학하는 해의 2월까지는 월 70만 원씩, 중학교에 입학하는 해의 3월부터 고등학교에 입학하는 해의 2월까지는 월 80만 원씩, 고등학교에 입학하는 해의 3월부터 사건본인이 성년이 될 때까지는 월 90만 원씩을 매월 말일에 지급하라.이    유1. 준거법  대한민국 민법 : 국제사법 제39조 단서2. 이혼 청구에 관한 판단  가. 인정사실    (1) 원고와 피고는 2016. 7. 11. 혼인신고를 마친 법률상 부부로서 슬하에 미성년자녀인 사건본인을 두고 있다.    (2) ○○○ 국적인 원고와 대한민국 국적이면서 외국생활을 오래 해 온 피고는 혼인기간 중 성격적 차이 및 문화적 차이, 사건본인의 양육문제로 자주 다투었고, 피고는 2017. 4. 10. ‘피고는 아내인 원고에게 욕설 및 비하 등의 모욕성 발언을 하지 않을 것이며, 이러한 말을 할 경우 발언할 때마다 1회당 100만 원의 위자료를 지급하기로 한다’는 내용의 각서를 작성하기도 하였다.     (3) 그러나 부부간의 갈등은 계속되었고, 원고와 피고는 2017. 11. 17.경 서로 물건을 던지며 부부싸움을 하기에 이르렀다. 이에 원고는 2017. 11. 20. 이혼 등을 구하는 이 사건 소를 제기하였고, 2018. 3.경부터 사건본인과 함께 집에서 나가 피고와 별거하고 있다.인정근거 갑 제1 내지 4호증, 을 제5호증(각 가지번호 있는 것은 가지번호 포함, 이하 같다)의 각 기재, 변론 전체의 취지  나. 판단    (1) 이혼 청구 : 인용(민법 제840조 제6호)    (2) 위자료 청구 : 기각  다. 판단근거    (1) 혼인관계의 파탄 : 원고와 피고가 모두 이혼을 원하고 있는 점 등 이 사건 변론에 나타난 여러 사정을 참작     (2) 혼인관계 파탄의 책임은 원고와 피고 모두에게 대등하게 있음 : 부부는 혼인생활을 함에 있어서 애정과 신뢰, 인내로써 상대방을 이해하며 보호하여 혼인생활의 유지를 위한 최선의 노력을 기울여야 하고, 혼인생활 중에 그 장애가 되는 여러 사태에 직면하는 경우가 있다고 하더라도 그러한 장애를 극복하기 위한 노력을 다하여야 함에도(대법원 1999. 2. 12. 선고 97므612 판결 참조), 원고와 피고는 크고 작은 문제들로 인해 갈등하면서도 그 갈등을 해소하기 위하여 상대방의 입장에서 생각하고 행동을 변화하려고 노력하는 등 장애를 극복하기 위한 노력을 다하였다고 볼 수 없고, 자신의 주장만 고집함으로써 별거 상태가 고착화되기에 이르렀는바, 이에 대한 원고와 피고의 책임은 그 경중을 서로 구분하기 어려울 정도로 대등하다고 판단됨(원고는 피고가 원고에게 폭언 및 폭행을 하는 등 부당하게 대우하였다고 주장하나, 원고가 제출한 증거들만으로는 이를 인정하기에 부족하고 그밖에 이를 인정할 만한 증거가 없다).3. 재산분할 청구에 관한 판단  가. 재산분할의 기준시점     재산분할 제도는 이혼 등의 경우에 부부가 혼인 중 공동으로 형성한 재산을 청산·분배하는 것을 주된 목적으로 하는 것으로서, 부부 쌍방의 협력으로 이룩한 적극재산 및 그 형성에 수반하여 부담하거나 부부 공동생활관계에서 필요한 비용 등을 조달하는 과정에서 부담한 채무를 분할하여 각자에게 귀속될 몫을 정하기 위한 것이므로(대법원 2013. 6. 20. 선고 2010므4071, 4088 전원합의체 판결 등 참조), 부부 일방에 의하여 생긴 적극재산이나 채무로서 상대방은 그 형성이나 유지 또는 부담과 무관한 경우에는 이를 재산분할 대상인 재산에 포함할 것이 아니다. 그러므로 재판상 이혼에 따른 재산분할에 있어 분할의 대상이 되는 재산과 그 액수는 이혼소송의 사실심 변론종결일을 기준으로 하여 정하는 것이 원칙이지만(대법원 2000. 5. 2.자 2000스13 결정 참조), 혼인관계가 파탄된 이후 변론종결일 사이에 생긴 재산관계의 변동이 부부 중 일방에 의한 후발적 사정에 의한 것으로서 혼인 중 공동으로 형성한 재산관계와 무관하다는 등 특별한 사정이 있는 경우에는 그 변동된 재산은 재산분할 대상에서 제외하여야 할 것이다(대법원 2013. 11. 28. 선고 2013므1455, 1462 판결 참조).   나. 분할대상 재산 및 가액     (1) 분할대상 재산: 별지2 재산분할명세표 기재와 같다(이 사건 기록에 나타난 재산형성 경위와 해당 재산의 취득 경위, 혼인기간 중 원고와 피고의 각 수입 및 생활비 기여 정도, 혼인기간 등을 종합적으로 고려할 때 위 각 재산은 원고와 피고가 혼인생활 중에 공동의 노력으로 형성 또는 유지한 재산으로서 실질적으로 원고와 피고의 공동재산에 해당하거나, 부부공동생활 또는 공동재산의 형성에 수반하여 부담하게 된 채무로 봄이 타당하므로 재산분할의 대상이 된다).     (2) 분할대상 재산의 가액      (가) 원고의 순재산: 66,368,542원      (나) 피고의 순재산: -4,053,145원      (다) 원고와 피고의 순재산 합계: 62,315,397원   다. 분할대상 재산에 대한 당사자들의 주장에 대한 판단    피고는 원고 명의로 등기된 서울 △△구 소재 오피스텔이 부부공동재산에 해당한다고 주장하나, 갑 제8 내지 10호증의 각 기재에 변론 전체의 취지를 더하면, 위 오피스텔은 혼인기간 전인 2016. 4. 29. 원고 앞으로 소유권이전등기를 마쳤다가 2018. 6. 4. 제3자 앞으로 소유권이전등기를 한 사실이 인정되고, 여기에 원고와 피고가 이 사건 소송 초기에 별지1 기재 부동산만을 재산분할대상으로 주장해 온 점을 더하여 살펴보면, 위 오피스텔이 부부 쌍방의 협력으로 이룩하였다거나 유지하였다고 볼 수 없어 분할대상이 된다고 할 수 없다.  라. 재산분할의 비율과 방법     (1) 재산분할 비율: 원고 50%, 피고 50%    판단근거 분할대상 재산의 형성과 유지에 대한 원고·피고의 기여 정도, 혼인생활의 과정과 기간 및 파탄 경위, 원고·피고의 나이 및 직업 등 이 사건 변론에 나타난 여러 사정 참작     (2) 재산분할의 방법: 분할대상 재산의 명의와 형태, 취득경위, 분할의 편의성 등을 고려하여, 원고와 피고가 공유하고 있는 별지1 기재 부동산을 전부 피고에게 귀속하도록 하고, 나머지 각자 명의의 재산 및 채무를 현재 명의대로 확정적으로 귀속시키며, 이 상태에서 재산분할 비율에 따라 원고에게 궁극적으로 귀속되어야 할 금액 중 부족한 부분을 피고가 원고에게 현금으로 지급하도록 함.    (3) 피고가 원고에게 지급하여야 하는 재산분할금: 24,000,000원     계산식      ① 원고와 피고의 순재산 중 재산분할 비율에 따른 원고의 몫:       62,315,397원 × 50% = 31,157,698원(원단위 미만 버림)     ② 원고의 현 순재산에서 별지1 기재 부동산 공유 지분을 이전한 후 순재산:      66,368,542원 - 60,000,000원 = 6,368,542원    ③ 위 ①항 기재 금원에서 ②항 기재 금원을 뺀 금원:      31,157,698원 - 6,368,542원 = 24,789,156원    ④ 피고가 원고에게 지급할 재산분할금:       위 ③항의 금액을 약간 하회하는 24,000,000원   마. 소결론     따라서 재산분할로, 원고는 피고에게 별지1 기재 부동산 중 원고의 1/2 지분에 관하여 소유권이전등기를 하고, 피고는 원고에게 재산분할금 2,400만 원을 지급할 의무가 있고, 둘 사이는 동시이행관계로 정함이 합당하다(원고는 소유권이전등기절차의 이행과 재산분할금의 지급을 동시이행으로 청구하고 있으므로, 소유권이전등기절차 이행일 다음날부터 연 5%의 법정이자를 구할 수는 없다).4. 친권자 및 양육에 관한 사항 지정 청구에 대한 판단  가. 사건본인의 친권자 및 양육자로 원고를 지정함    이 법원에 제출된 증거 및 변론 전체의 취지를 종합하여 알 수 있는 다음과 같은 사정 즉, 원고는 사건본인이 태어난 후부터 현재까지 사건본인을 주로 양육하고 있는 점, 원고와 피고가 이혼에 이르게 된 결정적 다툼은 사건본인의 양육방식과 상호 소통방식의 차이, 이를 해결하려는 노력의 부족 등으로 인해 사건본인 앞에서 서로 물건을 집어 던지기에 이르렀기 때문인 점, 사건본인이 어려 성년이 되기까지 앞으로 상당한 기간 동안 친권행사가 이루어져야 하는 점, 이 사건 재판의 진행 중에도 원고와 피고는 구체적인 면접교섭의 진행, 사건본인의 양육방식 등을 놓고 작은 부분까지 서로 문제 삼고 있고 이러한 상황은 재판이 끝난 이후에도 계속될 것으로 보이는데, 이러한 소모적인 분쟁으로 인해 사건본인이 피해를 입을 것은 명백한 반면, 공동친권을 통해 사건본인의 복리가 증진될 것이라는 사정은 별달리 찾아볼 수 없는 점, 그 동안의 양육과정에 비추어 볼 때 원고가 부적절하게 친권을 행사하거나 사건본인을 데리고 해외로 이주할 것으로 보이지는 않는 점 등의 사정을 종합적으로 고려해 볼 때, 원고를 사건본인의 단독친권자 및 양육자로 정함이 사건본인의 복리에 부합한다고 판단된다.  나. 양육비에 대한 판단    사건본인의 양육자를 원고로 지정하는 이상 피고는 원고에게 양육비 중 일정 부분을 지급하여야 할 의무가 있는바, 그 양육비의 액수에 대하여는 앞서 본 사실 및 사정 등 제반 사정들과 서울가정법원의 양육비산정기준 등을 종합하여 주문 제5항과 같이 정한다.  다. 면접교섭(직권 판단)    사건본인의 양육자를 원고로 지정하는 이상 피고는 사건본인을 면접교섭할 권리가 있는바, 그에 관하여는 주문 제6항과 같이 정한다.5. 결  론   그렇다면 이 사건 이혼 청구는 이유 있어 이를 인용하고, 위자료 청구는 이유 없어 기각하며, 재산분할 청구와 친권자 및 양육에 관한 사항 지정 청구에 대하여는 위와 같이 정하기로 하여, 주문과 같이 판결한다. 별지 생략판사 권미연 "
205650,이혼및재산분할,2018드단204974,부산가정법원,"  법률상 부부인 甲과 乙이 甲의 외도와 乙의 채무 등으로 갈등이 있는 상황이었는데, 甲이 자녀들이 모인 자리에서 乙과 함께 살기 싫다며 ‘집 재산권은 엄마에게 이전함.’, ‘집 관계 비용 3천 삼백만 원은 집 판매와 동시에 아빠에게 줄 것.’, ‘생활비 및 집에 대한 모든 비용은 엄마가 부담함.’ 등을 내용으로 하는 각서를 작성하고, 乙도 각서에 서명하였는데, 그 후 甲이 乙을 상대로 이혼 및 재산분할을 청구한 사안이다.  甲과 乙이 혼인관계를 정리하는 취지에서 각서를 작성하였으므로 협의이혼을 전제로 한 재산분할 약정으로 볼 수 있는데, 협의이혼이 이루어지지 않았으므로 재산분할 협의의 효력이 발생하지 않는 점, 각서의 기재 내용에서 알 수 있는 제반 사정을 고려하면 재산분할에 대하여 확정적으로 구체적인 협의가 이루어졌다고 보기 어려운 점에 비추어, 각서를 작성함으로써 재산분할에 대한 구체적인 권리·의무가 발생하였다고 할 수 없으므로 甲이 이혼을 청구하면서 乙에게 이혼에 따른 재산분할청구권을 행사할 수 있다고 한 사례이다.","원    고 원고 (소송대리인 변호사 김광주)피    고 피고 (소송대리인 법무법인(유한) 지평 담당변호사 이상근)변론종결2018. 10. 24.주    문  1. 원고와 피고는 이혼한다.  2. 피고는 원고에게 재산분할로 7,500만 원과 이에 대하여 이 판결 확정일 다음 날부터 다 갚는 날까지 연 5%의 비율로 계산한 돈을 지급하라.  3. 소송비용 중 3/4은 원고가, 1/4은 피고가 각 부담한다.청구취지  주문 제1항과 피고는 원고에게 별지 목록 기재 부동산 중 1/2지분에 관하여 이 판결 확정일자 재산분할을 원인으로 한 소유권이전등기절차를 이행하라.이    유  1. 이혼 청구에 관한 판단  가. 인정 사실  (1) 원고와 피고는 1969. 12. 24. 혼인신고를 하였으며, 소외 1을 포함하여 7명의 자녀를 두었다.  (2) 원고와 피고는 1990년대 초반부터 원고의 외도, 피고의 채무 등으로 갈등이 있었다. 원고는 1999. 11. 7. 피고와 자녀들이 모인 자리에서 가정에 돌아와 달라는 자녀들의 요청을 거부하고, 피고와 함께 살기 싫다면서 딸 소외 2에게 다음과 같은 내용으로 각서(다음부터 ‘이 사건 각서’라고 한다)를 작성하도록 한 다음 각서에 서명하였다. 피고는 결혼하지 않은 자녀들의 장래를 걱정하여 법적으로 이혼만 하지 않는다면 원고가 원하는 대로 하겠다면서 각서에 서명하였다.1. 집 재산권은 엄마에게(주소 생략) 이전함.2. 은행 및 소외 3, 소외 4, 소외 5, 소외 6의 담보 해지건은 아빠가 해결.해지비용은 엄마가 부담하기로 함.3. 집 관계 비용 3천 삼백만 원은 집 판매와 동시에 아빠에게 줄 것.4. 생활비 및 집에 대한 모든 비용은 엄마가 부담함.5. 할머니 병원비·약값 등은 일체 아빠 부담키로 함.6. 소외 7 外 교육비 일체는 엄마가 부담키로 함.7. 집이 판매됐을 때는 반드시 아빠에게 판매된 경위를 보고할 것.  (3) 원고는 2000. 7. 26. 피고에게 별지 목록 기재 각 부동산(다음부터 ‘이 사건 각 부동산’이라고 한다)에 관하여 증여를 원인으로 한 소유권이전등기를 마쳐주었다.  (4) 원고는 위 각서를 작성하기 이전부터 거제도에서 다른 여성과 동거하고 있었으며, 현재도 위 여성과 동거하고 있다.  (5) 원고와 피고는 2000. 2. 11.경 사망한 원고의 어머니 병간호, 장례 등이 끝난 이후에는 별다른 교류 없이 거제도와 부산에서 각자 생활하였다.  인정 근거 갑 제1호증 내지 갑 제12호증, 을 제1호증 내지 을 제5호증의 각 기재, 증인 소외 1의 증언, 변론의 전취지  나. 판단  위와 같이 원고와 피고가 1999. 11. 7. 혼인관계를 실질적으로 종료한다는 생각으로 이 사건 각서를 작성한 점, 원고는 각서를 작성하기 전부터 다른 여성과 동거하고 있었고, 현재도 그 여성과 동거하고 있는 점, 피고는 이 사실을 알면서도 원고의 외도를 문제 삼지 않고 각서에 서명하였고, 이후 현재까지 원고와 교류 없이 생활한 점, 피고도 이혼에 동의하는 점 등에 비추어 보면, 원고와 피고의 혼인관계는 이 사건 각서를 작성할 무렵에 이미 파탄상태에 있었으며, 혼인관계가 회복될 여지도 없다고 인정된다. 그러므로 원고와 피고에게는 혼인관계를 더 이상 유지하기 어려운 중대한 사유가 있고, 이는 민법 제840조 제6호에서 정한 재판상 이혼사유에 해당한다.  2. 재산분할 청구에 관한 판단  가. 원고의 재산분할청구권의 존부  피고는 이 사건 각서를 작성함으로써 구체적인 재산분할약정이 성립하였으며, 원고에게 유리한 내용의 재산분할약정이었으므로, 원고는 피고에게 재산분할을 청구할 수 없다는 취지로 주장한다.  협의상 이혼을 전제로 재산분할의 약정을 하였으나 어떠한 원인으로든지 협의상 이혼이 이루어지지 아니하고 혼인관계가 존속하거나 당사자 일방이 제기한 이혼청구의 소에 의하여 재판상 이혼이 이루어지는 경우에는, 그 재산분할의 협의는 조건의 불성취로 인하여 효력이 발생하지 않는다(대법원 2003. 8. 19. 선고 2001다14061 판결 등 참조). 또한 이혼으로 인한 재산분할청구권은 이혼이 성립한 때에 법적 효과로서 비로소 발생하는 것일 뿐만 아니라 협의 또는 심판에 따라 구체적 내용이 형성되기까지는 범위 및 내용이 불명확·불확정하기 때문에 구체적으로 권리가 발생하였다고 할 수 없으므로, 협의 또는 심판에 따라 구체화되지 않은 재산분할청구권을 혼인이 해소되기 전에 미리 포기하는 것은 성질상 허용되지 아니한다(대법원 2016. 1. 25.자 2015스451 결정 등 참조).  이 사건의 경우, 원고와 피고가 혼인관계를 정리하는 취지에서 이 사건 각서를 작성하였으므로 협의이혼을 전제로 한 재산분할 약정으로 볼 수 있는데, 협의이혼이 이루어지지 않았으므로 재산분할 협의의 효력이 발생하지 않는다. 또한 이 사건 각서에는 “3. 집 관계 비용 3천 삼백만 원은 집 판매와 동시에 아빠에게 줄 것. 7. 집이 판매됐을 때는 반드시 아빠에게 판매된 경위를 보고할 것”으로 기재되어 있는데, 이 사건 각 부동산의 매도 시기나 매도가 이루어지지 않을 경우의 정산 방법에 대해서는 아무런 합의가 없는 점, 원고가 이 사건 각 부동산의 매도에 관여할 수 있도록 한 점을 고려하면 재산분할에 대하여 확정적으로 구체적인 협의가 이루어졌다고 보기 어렵다. 그러므로 이 사건 각서를 작성함으로써 재산분할에 대한 구체적인 권리·의무가 발생하였다고 할 수 없으므로, 원고는 이혼을 청구하면서 피고에게 이혼에 따른 재산분할청구권을 행사할 수 있다.  나. 분할대상 재산 및 가액  갑 제3호증의 기재, 증인 소외 1의 증언과 변론의 전취지에 의하면, 원고와 피고가 공동 형성한 재산으로 분할대상이 되는 재산은 이 사건 각 부동산이 전부이고, 그 가액은 7억 5,000만 원이라고 인정된다.  다. 재산분할의 비율과 방법  (1) 재산분할의 비율: 원고 10%, 피고 90%  판단 근거 이 사건 각서는 부부공동재산을 청산하는 취지에서 작성되었다고 보이는 점, 원고는 각서 작성 당시 3,300만 원만 수령하고 이 사건 각 부동산의 소유권을 피고에게 이전함으로써 혼인관계를 정리하려 하였으며, 각서에 따라 피고에게 소유권이전등기를 마쳐준 점, 이 사건 각서 작성 당시 이 사건 각 부동산의 가액은 1억 2,000만 원 정도였으며, 피고가 노력하여 그 소유권을 계속 보유하였기 때문에 현재 7억 5,000만 원으로 시세가 상승한 이익을 누릴 수 있는 점, 원고는 이 사건 각서 작성 당시 거제도에서 공장을 운영하였으므로 이 사건 각 부동산 이외에도 소유하고 있는 재산이 더 있었을 것으로 보이는 점, 원고와 피고가 각서 작성 이후 경제적으로 완전히 독립하여 생활한 점, 그 밖에 분할대상 적극재산의 취득 경위와 이용 현황, 그 형성 및 유지에 대한 원·피고의 기여 정도, 소득재산의 발생 경위, 원·피고의 나이, 직업, 혼인생활의 과정과 기간 등 여러 사정을 참작  (2) 재산분할의 방법: 분할대상 재산의 명의와 형태, 취득 경위, 분할의 편의성 등을 고려하여, 피고가 이 사건 각 부동산의 소유권 전부를 그대로 보유하고, 위 분할비율에 따라 원고에게 궁극적으로 귀속되어야 할 금액 중 부족한 부분을 피고가 원고에게 현금으로 지급하도록 함.  (3) 피고가 원고에게 지급하여야 하는 재산분할금  분할대상 재산인 이 사건 각 부동산의 가액 중 재산분할 비율에 따른 원고 몫은 7,500만원(= 7억 5,000만 원×10%)이다.  한편 피고는 원고를 대신하여 원고의 자녀들에 대한 채무 1,900만 원을 변제하고, 원고가 수령한 전세보증금 1,200만 원을 피고가 반환함으로써 원고에게 3,100만 원을 지급하였다고 주장한다. 원고가 자녀들로부터 돈을 빌린 사실은 인정하고, 을 제8호증의 기재에 의하면 피고가 딸 소외 1에게 2008. 9. 25. 500만 원, 2009. 5. 18. 500만 원을 송금한 사실은 인정되지만, 피고가 원고에게 알리지 않고 자녀들에게 지급한 돈을 대위변제금으로 인정하기 어렵다. 원고가 전세보증금 1,200만 원을 수령하여 개인적인 용도로 사용하였다고 인정할 증거도 없다. 그러므로 원고의 위 주장은 이유 없다.  라. 소결론  피고는 원고에게 재산분할로 7,500만 원과 이에 대하여 이 판결 확정일 다음 날부터 다 갚는 날까지 민법이 정한 연 5%의 비율로 계산한 지연손해금을 지급하여야 한다.  3. 결론  원고의 이혼 청구는 이유 있어 인용하고, 재산분할 청구에 관하여는 위와 같이 정한다.별   지 목록: 생략판사 윤재남 "
224931,이혼,2018르10768,인천가정법원,내용없음,"원고, 항소인 겸 피항소인 원고 (소송대리인 변호사 정진성)피고, 피항소인 겸 항소인 피고 (소송대리인 변호사 이수진)사건본인 사건본인제1심판결 인천가정법원 2018. 2. 20. 선고 2017드단109885 판결변론종결2018. 8. 17.주    문  1. 제1심판결의 주문 제2 내지 5항 각 기재 친권자 및 양육비 지정 청구, 사건본인 인도 청구, 양육비 청구, 면접교섭 부분을 아래 제2 내지 5항 각 기재와 같이 변경한다.   2. 사건본인의 친권자 및 양육자로 원고와 피고를 공동으로 지정한다.   3. 공동양육의 방법으로,     가. 원고는 매주 일요일 17:00부터 금요일 17:00까지, 피고는 매주 금요일 17:00부터 일요일 17:00까지 사건본인을 각 양육한다.     나. 사건본인의 인도방법은, 피고가 매주 금요일 17:00에 원고의 주거지 앞에서 사건본인을 데려가고, 원고가 매주 일요일 17:00에 피고의 주거지 앞에서 사건본인을 데려가는 방법에 의한다.    다. 원고와 피고는 사건본인의 성장 등 사정 변경에 따라 추후 협의하여 위 공동양육 방법을 변경할 수 있고, 위 공동양육 방법을 변경할 경우 사건본인의 의사를 최대한 존중하여 반영하여야 한다.  4. 원고와 피고는 공동명의 계좌를 개설한 후, 사건본인의 양육비로 2018. 10. 31.부터 사건본인이 성년에 이르기 전날까지 원고는 월 30만 원씩을, 피고는 월 90만 원씩을 매월 말일에 위 계좌에 각 입금하며, 원고와 피고는 위 계좌에 각 입금된 금원을 사건본인의 양육비로 사용한다.   5. 원고의 사건본인에 대한 인도 청구 및 양육비 청구를 각 기각한다.    6. 소송총비용은 각자 부담한다. 청구취지 및 항소취지1. 청구취지  원고와 피고는 이혼한다. 사건본인의 친권자 및 양육자로 원고를 지정한다. 피고는 원고에게 사건본인을 인도하라. 피고는 원고에게 사건본인의 양육비로 사건본인이 성년이 되기 전날까지 월 100만 원씩을 매월 말일에 지급하라. 2. 항소취지가. 원고    제1심판결 중 양육비 청구 및 면접교섭 부분을 다음과 같이 변경한다.     1) 피고는 원고에게 사건본인의 양육비로 사건본인을 인도한 다음날부터 사건본인이 성년이 되기 전날까지 월 100만 원씩을 매월 말일에 지급하라.     2) 피고는 사건본인을 다음과 같이 면접교섭할 수 있다.       가) 사건본인이 24개월이 되는 2019. 6. 22.까지         (1) 일정 : 매주 토요일 12시부터 17시까지        (2) 방법 : 사건본인의 주거지 내지 주거지 인근의 장소      나) 사건본인이 24개월이 된 이후부터 성년이 될 때까지         (1) 일정 : 매월 둘째, 넷째 주 토요일 12시부터 그 다음날인 일요일 17시까지        (2) 방법 : 피고가 사건본인의 주거지에서 사건본인을 데리고 갔다가 면접교섭을 마친 후 다시 같은 장소로 데려다 주는 방법       다) 면접교섭의 구체적인 일정과 방법은 원고와 피고가 협의하여 조정할 수 있다.      라) 원고는 피고의 면접교섭이 원만하게 실시될 수 있도록 적극 협조하여야 하며 이를 방해하여서는 아니 된다.   나. 피고     제1심판결 중 이혼 청구 부분을 제외한 나머지 부분에 관한 피고 패소 부분을 취소하고, 그 취소 부분에 해당하는 원고의 청구를 기각한다. 이    유1. 이 법원의 심판범위  원고는 제1심판결 중 양육비 청구, 면접교섭 부분에 관하여, 피고는 제1심판결 중 친권자 및 양육자 지정 청구, 사건본인 인도 청구, 양육비 청구, 면접교섭 부분에 관하여 각 항소하였으므로, 이 법원의 심판범위는 제1심판결 중 친권자 및 양육자 지정 청구, 사건본인 인도 청구, 양육비 청구, 면접교섭 부분에 한정된다.    2. 인정사실  가. 원고와 피고는 2016. 12. 27. 혼인신고를 한 법률상 부부이고, 그 사이에 미성년자인 사건본인을 두고 있다.   나. 원고는 피고와의 혼인 전부터 길고양이 8마리를 집으로 데려와 키우고 있었다.   다. 원고와 피고는 (날짜 1 생략) 길고양이들을 계속하여 사건본인과 함께 키울 것인지에 관하여 심하게 다투었는데, 피고는 사건본인의 건강한 양육환경을 위하여 길고양이들을 원고의 부모님이 운영하는 원룸으로 옮기고, 피고가 원고의 부모님에게 임대료를 지급하겠다고 하였으나, 원고는 길고양이들을 버릴 수 없으니 피고가 사건본인을 데리고 집에서 나갈 것을 요구하였다.  라. 이에 피고는 사건본인을 데리고 ○○에 있는 본가로 가기 위해 피고의 부모님에게 연락하였고, 피고의 연락을 받고 온 피고의 어머니는 원고로부터 다음과 같은 내용의 각서를 받은 후 피고와 사건본인을 데리고 본가로 갔다. (날짜 2 생략) 날짜로 사건본인을 ○○집으로 보냅니다.사건본인 엄마인 원고는 이에 동의하여 각서를 씁니다.  마. 원고는 2017. 7. 28. 피고에게 “이혼서류 준비해 놨다. 도장 찍어“라고 문자를 보냈고, 2017. 8. 22. 이 사건 소를 제기하였다.  바. 원고는 2017. 9. 12. 열린 제1심법원의 사전처분 심문기일 및 제1회 변론기일에서 원고가 사건본인과 길고양이들을 함께 키우는 것이 사건본인의 복리를 위하여 바람직하지 않다는 취지의 지적을 받자, 길고양이들을 원고의 부모님이 운영하는 원룸으로 옮겨 놓았다.    사. 원고는 2017. 9. 21.부터 2017. 9. 27.까지는 평일 2시간씩, 2017. 10.경부터 2017. 11.경까지는 주 3회 2시간씩 시댁을 방문하여 사건본인에 대한 면접교섭을 실시하였고, 이후 제1심법원 가사조사관의 권고에 따라 2017. 12. 26.경부터는 매주 1박 2일 동안 자신의 주거지에서 사건본인에 대한 면접교섭을 실시하였다.   아. 피고는 2017. 9. 29.경 사건본인과 함께하는 시간을 늘리기 위해 자신이 운영하는 △△시 소재 노래연습장 근처 아파트로 이사하였고, 보조양육자인 어머니의 도움을 받아 제1심판결 선고 시까지 사건본인을 양육하였다.   자. 제1심법원이 2018. 2. 20. 사건본인의 친권자 및 양육자로 원고를 지정하고, 피고가 원고에게 사건본인을 인도할 것 등을 명하는 내용의 판결을 선고하자, 피고는 제1심판결에 따라 원고에게 사건본인을 인도한 후 다음과 같은 내용의 편지를 썼고, 사건본인의 음식섭취, 수면상태 등을 메모하여 원고와 공유하며 제1심판결에서 정한 바에 따라 사건본인에 대한 면접교섭을 진행하였다.(중략) 내가 내린 결론은, 너와 나, 사건본인까지 더 이상 혼란스럽고 힘들일 만들지 않으려고 해. 이렇게 결정할 수 있는 이유는 단 한가지야. 너를 믿어 내가 알고 있는 너, 내가 그동안 봐왔던 너가 사건본인을 얼마나 아끼고 사랑해줄지. 너가 사랑하는 사람에게 얼마나 큰 사랑을, 어떤 사랑을 줄지 알기에 사건본인에게 내가 아무리 노력해도 줄 수 없는 ‘엄마’라는 존재가 되어줄 것이고, 이 모든 걸 믿기에 지금 이 상황을 받아드리려 해.(중략)? 더불어 이제는 사건본인의 양육자로서 너까지도 존중할게 내가 사건본인을 보는 시간동안 내 마음대로 하지 않을게. 사건본인과 어디를 가게 되던, 새로운 무언가를 하게 되던, 너와 상의하고 의논한 후 할게. 너가 사건본인을 양육하는 방식을 존중하고, 그 방식의 연장선상에서 벗어나지 않게 사건본인을 보도록 할게.(이하 생략)  차. 반면 원고는 제1심판결에 따라 피고로부터 사건본인을 인도 받은 후 사건본인이 밤에 잠을 자주 깨는 모습을 보이자, 피고에게 당분간 제1심법원에서 정한 숙박면접교섭을 하지 말 것을 제안하는 한편 다음과 같은 내용의 문자메시지를 보내기도 하였다.  (중략) 나는 재혼 빨리 할 거야 사건본인 반쪽 인생 만들게 하기 싫어. 한 살이라도 어리고 모를 때 아빠 만들어줘서 세 식구 알콩 달콩 살 거야. (중략) 나는 사건본인 커서도 너 얘기 안 할 거고 모르게 할 거야 상처주기 싫어. (중략) 아빠로써 최선을 다한다? 웃기지 말라 그래. 그래봤자 결론은 사건본인은 한 부모 가정이 된 거고 결손가정이 된 거고 애비 없는 새끼된 거야.. 이제 이렇게 되니까 속 시원하니?? (중략) 사건본인 크면 다 얘기해 줄 거야. 니 아빠가 우리 버렸다구. 우리 세 식구 찍은 사진 한 장 없다구...(중략) 너가 사건본인 아빠라는 건 변함없는 건 맞지..동시에 아빠라면서 무책임하게 가정 안 지킨 것도 맞고..사건본인 커서도 그냥 말 안 하는 게 상처 안 받고 더 나을 거 같은데? 재혼해서 새 아빠를 아빠라고 알려 주는 게 서로 좋지 않을까? 아니면 너의 존재랑 우리 사실들을 다 알려주는 게 낫다면 그렇게 하구..너 친아빠가 우리 가정 버렸다구 우리 세 식구 사진 찍은 것도 한 장도 없다구 다 말할게 엄마는 엄마 아빠 사랑 동시에 주고 싶고 가정을 지키고 싶어 새 아빠 만난 거라구 얘기하면 되고..(이하 생략)  카. 한편 원고는 현재 특별한 직업이 없고, 피고는 제1심법원 가사조사관의 가사조사 시 노래연습장을 운영하여 월 400~500만 원 상당의 수입이 있다고 진술하였다. 인정근거  갑 1 내지 3, 10, 15, 16, 을 1, 3, 5, 11, 12, 16, 18 내지 23의 각 기재, 갑 17의 음성, 제1심법원 가사조사관의 가사조사보고서, 변론 전체의 취지 3. 친권자 및 양육자 지정 청구, 사건본인 인도 청구, 양육비 청구, 면접교섭에 관한 판단가. 친권자 및 양육자 지정에 관한 판단    1) 관련 법리      자의 양육을 포함한 친권은 부모의 권리이자 의무로서 미성년인 자의 복지에 직접적인 영향을 미치는 것이므로 부모가 이혼하는 경우에 부모 중 누구를 미성년인 자의 친권을 행사할 자 및 양육자로 지정할 것인가를 정함에 있어서는, 미성년인 자의 성별과 연령, 그에 대한 부모의 애정과 양육의사의 유무는 물론, 양육에 필요한 경제적 능력의 유무, 부 또는 모와 미성년인 자 사이의 친밀도, 미성년인 자의 의사 등의 모든 요소를 종합적으로 고려하여 미성년인 자의 성장과 복지에 가장 도움이 되고 적합한 방향으로 판단하여야 한다(대법원 2008. 5. 8. 선고 2008므380 판결, 대법원 2009. 4. 9. 선고 2008므3105 판결 등 참조).     2) 판단      위 인정사실 및 증거들과 변론 전체의 취지를 통하여 알 수 있는 다음과 같은 사정들을 종합하면, 사건본인의 친권자 및 양육자로 원고 또는 피고 일방을 지정하기 보다는 원고와 피고를 공동친권자 및 공동양육자로 지정하여 사건본인이 어느 한 쪽에 치우치지 않은 채 모성과 부성을 충분히 느끼면서 건강하고 균형적으로 성장할 수 있도록 하는 것이 바람직해 보인다.       ① 피고는 사건본인이 태어나 약 3주 가량 지난 때부터 제1심판결 선고 시까지 약 8개월 동안 사건본인의 양육을 전담하였는데, 위 기간 동안 사건본인의 복리를 저해하였다고 볼 만한 사정이 보이지 않는다.        ② 피고는 현재도 사건본인에 대한 양육의지가 대단히 높고, 원고에 비하여 많은 수입과 사건본인의 양육에 적합한 환경을 갖추고 있으며, 제1심판결에서 정한 바에 따라 면접교섭권을 행사하는 과정에서 사건본인의 음식섭취, 수면상태 등을 꼼꼼히 메모하여 원고와 공유하는 등 원고와의 갈등상황에서도 사건본인의 복리를 최우선으로 삼아 원고와 협력하는 모습을 보였다.       ③ 원고는 제1심판결 선고 후 현재까지 사건본인을 양육하고 있고, 위 기간 동안 사건본인의 복리를 저해하였다고 볼 만한 특별한 사정은 보이지 않으며, 임대업을 하는 부모님의 도움으로 본인이 경제활동을 하지 않더라도 큰 어려움 없이 사건본인의 양육에 전념하였다.        ④ 그러나 원고는 사건본인과 길고양이들 사이에서 길고양이들을 선택하여 태어난 지 한 달이 되지 않은 사건본인의 양육을 스스로 포기하는 모습을 보였고, 제1심판결 선고 후에는 혼인생활 파탄의 책임을 전적으로 피고에게 돌리며, 향후 사건본인을 단독으로 양육하는 과정에서 피고를 배제시키고, 사건본인에게 피고에 대한 부정적인 인식을 주입시키겠다는 취지의 문자메시지를 피고에게 지속적으로 보냈다.          이러한 사정들과 앞서 살펴본 이 사건 분쟁의 발생원인 및 진행과정 등에 비추어 보면, 사건본인에 대한 친권자 및 양육자로 원고가 단독으로 지정될 경우, 원고는 또다시 길고양이들을 집에 들여 놓는 등 사건본인에게 부적절한 양육환경을 제공할 위험이 있어 보이고, 사건본인을 양육하는 과정에서 피고를 배제시키고, 사건본인에게 피고에 대한 부정적인 편견을 주입하여 사건본인과 피고가 정상적인 부자관계를 형성하는 것을 방해할 우려가 있어 보인다.        ⑤ 이혼하는 부모를 그 자녀의 공동친권자 및 공동양육자로 지정할 경우, 자녀가 부모의 주거지를 주기적으로 왔다 갔다 하는 관계로 경제적, 시간적으로 손실이 있고, 부모의 갈등을 심할 경우 그 사이에 있는 자녀가 정서적 혼란을 겪을 수 있는 점 등의 문제가 있기는 하다.            그러나 피고는 제1심판결 선고 전까지 사건본인을 양육하였고, 제1심판결 선고 후에는 주말 동안 사건본인에 대한 면접교섭권을 행사하였는바, 이 법원에서 공동양육 방법에 관하여 다음과 같이 정할 경우 사건본인의 실질적인 양육환경 변화는 크지 않은 점, 더욱이 사건본인이 아직 만 1세에 불과하여 환경 변화에 따른 혼란은 크지 않을 것으로 보이고, 장차 학교에 진학하고 교우관계를 형성하기까지 상당한 시간이 남아 있는 점, 원고와 피고가 사건본인의 양육에 관하여는 서로 정보를 공유하며 협력하는 등 긍정적인 태도를 보이고 있는 점 등을 고려하면, 원고와 피고가 향후 사건본인의 공동양육을 진행하는 과정에서 필요한 사항을 충분히 협의함으로써 위와 같은 문제를 해결할 수 있을 것으로 보인다.    나. 공동양육 방법에 관한 판단(직권 판단)     원고는 별다른 직업이 없어 사건본인을 양육함에 있어 시간적 제약이 없는 반면, 피고는 노래연습장을 운영하는 관계로 사건본인을 양육하는데 시간적 제약이 있고, 보조양육자인 어머니의 도움이 필요한 점, 현재도 제1심판결에서 정한 바에 따라 주중에는 원고가 사건본인을 양육하고 있고, 주말에는 피고가 사건본인에 대한 면접교섭권을 행사하고 있는 바, 사건본인의 혼란을 방지하기 위해 위와 같은 기준을 유지할 필요가 있는 점 등을 고려하여 공동양육 방법에 관하여는 주문 제3항과 같이 정한다. 다. 양육비 청구에 관한 판단    1) 사건본인의 친권자 및 양육자로 원고와 피고를 공동으로 지정하는 이상 사건본인의 친권자 및 양육자로 원고가 지정될 것을 전제로 한 원고의 양육비 청구는 이유 없다.     2) 다만, 원고와 피고가 사건본인을 공동양육함에 있어 각자 부담하여야 할 양육비를 정할 필요가 있는바, 원고와 피고의 직업, 소득, 재산, 사건본인의 나이, 양육환경, 양육기간, 서울가정법원이 공표한 양육비산정기준표 등 이 사건 변론에 나타난 제반사정과 공동양육의 취지를 고려하여 원고와 피고의 양육비에 관하여 다음과 같이 직권으로 정한다.     3) 원고와 피고는 공동명의로 된 예금계좌를 만들고, 사건본인의 양육비로 2018. 10. 31.부터 사건본인이 성년에 이르기 전날까지 원고는 월 30만 원씩을, 피고는 월 90만 원씩을 매월 말일에 위 계좌에 각 입금하며, 원고와 피고는 위 계좌에 입금된 양육비로 사건본인을 양육한다.라. 유아인도 청구에 대한 판단    사건본인의 친권자 및 양육자로 원고와 피고를 공동으로 지정하는 이상 사건본인의 친권자 및 양육자로 원고가 지정될 것을 전제로 한 원고의 피고에 대한 유아인도 청구는 이유 없다.마. 면접교섭 부분에 관한 판단     사건본인의 친권자 및 양육자로 원고와 피고를 공동으로 지정하였으므로, 비양육자에 대한 면접교섭 부분에 관하여 따로 판단하지 않는다. 4. 결 론  그렇다면, 원고의 양육비 청구, 사건본인 인도 청구를 각 기각하고, 친권자 및 양육자 지정, 양육 방법, 양육비 분담에 관하여는 위와 같이 정하여야 할 것인바, 제1심판결은 위와 결론을 달리하여 부당하므로, 이를 위와 같이 변경하기로 하여, 주문과 같이 판결한다. 판사 정우영(재판장) 허정인 이원범 "
236441,이혼및친권자지정,2016브49,전주지방법원,내용없음,"위반자, 항고인 에스케이텔레콤 주식회사제1심 결정 전주지방법원 2016. 10. 4.자 2016드단1857 결정주    문  이 사건 항고를 기각한다.이    유1. 기초사실  기록에 의하면 다음과 같은 사실이 인정된다.  가. 소외 1은 2016. 4. 4. 소외 2를 상대로 전주지방법원 2016드단1857호로 이혼 및 친권자지정의 소를 제기하였다. 이에 소외 2는 2016. 7. 27. 제1심 법원에 통신사인 항고인으로 하여금 ‘소외 1의 전화번호(전화번호 생략)에 대한 2015. 7. 1.부터 현재까지의 통화내역(이하 ‘이 사건 통화내역’이라 한다)’을 제출하게 하여달라는 문서제출명령신청을 하였다.  나. 제1심 법원은 2016. 8. 1. 항고인에게 이 사건 통화내역을 제출하라는 내용의 문서제출명령을 하였고, 항고인이 위 문서제출명령을 송달받기 전인 2016. 8. 2. 「이 사건 통화내역을 제출하라는 문서제출명령신청서가 제출되었으므로, 이 사건 통화내역의 소지, 제출거부사유, 임의제출여부 등에 관한 의견이 있는 경우 제출하라. 이 문서로 문서제출명령에 따른 문서소지인에 대한 심문을 갈음한다.」는 내용의 명령을 하였다. 항고인은 2016. 8. 10. 위 명령을 송달받은 후, 2016. 8. 11. 「통화내역 자료 제공은 통신비밀보호법상 당사의 협조의무로 규정되어 있지 않으며, 당사의 개인정보보호 강화 방침으로 자료제공은 불가합니다. “압수수색영장” 요청에 한하여 자료 제공이 가능하오니 참고하시기 바랍니다.」는 내용의 사실조회회신서를 제출하였다.  다. 항고인은 2016. 8. 18. 제1심 법원의 위 2016. 8. 1.자 문서제출명령을 송달받았고, 2016. 8. 19. 다시 「통화내역 자료 제공은 통신비밀보호법상 당사의 협조의무로 규정되어 있지 않으며, 당사의 개인정보보호 강화 방침으로 자료제공은 불가합니다. “압수수색영장” 요청에 한하여 자료 제공이 가능하오니 참고하시기 바랍니다」는 내용의 사실조회회신서를 제출하였다.  라. 제1심 법원은 2016. 8. 23. 재차 항고인에게 이 사건 문서를 제출하라는 문서제출명령을 하였고, 항고인은 2016. 8. 26. 이를 송달받았다. 항고인은 2016. 8. 29. 재차 자료제출이 불가하다는 내용의 사실조회회신서를 제출하였다.   마. 항고인이 위와 같이 문서제출을 거부하자 제1심 법원은 2016. 9. 5. 항고인이 2016. 8. 23.자 문서제출명령에 따르지 아니하였다는 이유로 항고인을 과태료 500만원에 처하는 결정을 하였다.  바. 항고인은 2016. 9. 13. 위 과태료 결정에 대하여 이의신청을 하였으나, 제1심 법원은 2016. 10. 4. 위 과태료 결정과 같이 항고인을 과태료 500만원에 처하는 이 사건 제1심 결정을 하였다. 항고인은 2016. 10. 7. 제1심 결정을 송달받고, 2016. 10 13. 즉시항고를 제기하였다.2. 항고이유의 요지  항고인에게 이 사건 통신내역의 제출을 요구한 문서제출명령은 아래와 같은 이유로 적법한 근거가 없으므로, 이를 전제로 항고인에게 과태료를 부과한 제1심 결정 또한 위법하다.  ① 이 사건 통화내역은 “자기디스크 등 정보저장매체에 기억된 정보”이므로 문서제출명령의 대상인 문서에 해당하지 않는다.  ② 이 사건 통화내역은 통신비밀보호법 제2조 제11호에서 정한 “통신사실확인자료”에 해당하고, 통신비밀보호법 제3조에서 원칙적으로 통신사실확인자료의 제공을 금지하고 있다. 통신비밀보호법에서는 달리 법원의 문서제출명령에 의한 통신사실확인자료 제공을 정하고 있지 않고, 통신비밀보호법이 민사소송법에 우선 적용하므로, 이 사건 통화내역의 제출을 내용으로 하는 문서제출명령은 위법하다.3. 판단가. 항고인의 ①주장에 관한 판단민사소송 등에서의 전자문서 이용 등에 관한 법률(이하 ‘민소전자문서법’이라 한다) 제2조 제1호는 “컴퓨터 등 정보처리능력을 가진 장치에 의하여 전자적인 형태로 작성되거나 변환되어 송신·수신 또는 저장되는 정보”를 “전자문서”로 정의하고 있고, 같은 법 제3조 제1호에 의하면 위 법은 민사소송법에 따른 절차에 적용한다. 그리고 민소전자문서법 제5조 제2항은 위 법에 따라 ‘작성·제출·송달·보존’하는 전자문서를 민사소송법에서 정한 요건과 절차에 따른 문서로 본다고 규정하고 있다.    또한 전자문서에 관한 일반적인 내용을 규정하고 있는 전자문서 및 전자거래 기본법(이하 ‘전자문서법’이라 한다) 제2조 제1호도 “정보처리시스템에 의하여 전자적 형태로 작성, 송신·수신 또는 저장된 정보”를 “전자문서”로 정의하고 있으며, 위 법 제4조 제1항은 “전자문서는 다른 법률에 특별한 규정이 있는 경우를 제외하고는 전자적 형태로 되어 있다는 이유로 문서로서의 효력이 부인되지 아니한다.”라고 규정하고 있다.    항고인도 이 사건 정보를 정보저장매체에 저장하고 있는 사실은 부인하고 있지 않은바, 민소전자문서법 및 전자문서법의 위 각 규정에 의하면, 이 사건 정보가 문서제출명령의 대상이 되는 ‘문서’에 해당한다는 점은 분명하다.    따라서 항고인의 이 부분 주장은 이유 없다.나. 항고인의 ②주장에 관한 판단    (1) 이 사건 통화내역이 통신사실확인자료에 해당하는지      이 사건 통화내역은 가입자의 통화일시, 개시·종료시간, 착·발신 통신번호를 포함하는 것으로서, 통신비밀보호법 제2조 제11호에서 정한 “통신사실확인자료”에 해당함은 분명하다.    (2) 통신비밀보호법에 정한 통신사실확인자료도 문서제출명령의 대상이 되는지      민사소송법에 따르면, 문서인 증거, 즉 서증의 경우, 당사자는 문서를 제출하는 방식 또는 문서를 가진 사람에게 그것을 제출하도록 명할 것을 신청하는 방식으로 서증을 신청하되(민사소송법 제343조, 이하 법명 생략), 문서를 가지고 있는 사람에게 그 문서를 보내도록 촉탁할 것을 신청함으로써도 할 수 있다(제352조). 결국 당사자가 아닌 제3자가 문서를 가지고 있는 경우에는 당사자가 법원에 ㉮ 문서를 가진 사람에게 그것을 제출하도록 명할 것을 신청하거나(문서제출명령 신청), ㉯ 문서를 가지고 있는 사람에게 그 문서를 촉탁할 것을 신청(문서송부촉탁 신청)하는 방식으로 서증을 신청할 수 있다.      서증제출을 위한 위 두 방식을 좀더 자세히 살펴보면, ㉮ 문서제출명령(제347조)은 당사자가 문서를 가진 사람에게 그것을 제출하도록 명할 것을 신청하면(제343조), 법원이 문서를 가진 사람에게 문서제출의무가 있는지를 판단하여 문서를 가지고 있는 사람에게 결정으로 그 제출을 명하는 것으로, 법원은 제3자에 대하여 문서의 제출을 명하는 경우에는 제3자 또는 그가 지정하는 자를 심문하여야 하며, 제3자에게 문서제출의무가 있는지 판단하기 위하여 필요하다고 인정하는 때에는 문서를 가지고 있는 사람에게 문서를 제시하도록 명할 수 있고(제347조 제3항, 제4항), 법원은 문서를 가지고 있는 제3자가 문서제출명령에 따르지 아니한 때에는 과태료를 부과할 수 있다(제351조, 제318조). ㉯ 문서송부촉탁(제352조)은 당사자가 법원에 ‘문서의 표시’, ‘문서를 가지고 있는 사람’, ‘증명할 사실’ 등을 기재하여 송부촉탁을 신청하면, 법원이 문서를 가지고 있는 사람에게 그 문서를 보내도록 촉탁하는 것으로, 문서의 송부를 촉탁받은 사람은 정당한 사유가 없는 한 이에 협력하여야 하고, 송부촉탁에 따를 수 없는 경우 법원에 그 사유를 통지하여야 한다(제352조의2).      한편, 통신비밀보호법은 통신사실확인자료의 제공과 관련하여, 통신비밀보호법과 형사소송법 또는 군사법원법의 규정에 의하지 아니하고는 통신사실확인자료의 제공을 못하도록 정하면서(통신비밀보호법 제3조), 법원은 재판상 필요한 경우에는 민사소송법 제294조(문서송부촉탁) 또는 형사소송법 제272조의 규정에 의하여 전기통신사업자에게 통신사실확인자료제공을 요청할 수 있다(통신비밀보호법 제13조의2)고 정하고 있다.       위와 같은 민사소송법, 통신비밀보호법의 문언, 내용, 체계와 입법목적 등을 종합하여 볼 때, 문서제출명령은 문서송부촉탁에 비하여 엄격한 심사를 통하여 정당한 이유가 있다고 인정되는 때에 문서의 제출을 강제하는 것으로서, 통신비밀보호법에서 통신사실확인자료를 문서송부촉탁의 방법으로 제출을 요청할 수 있도록 정하였다고 하더라도 법원은 결정으로 그 제출을 명할 수 있고, 전기통신사업자로서는 이에 따를 의무가 있다고 보아야 한다.       따라서 이 사건 통신내역이 통신사실확인자료에 해당하여 문서제출명령의 대상이 될 수 없다는 항고인의 주장은 이유 없다.다. 항고인에게 민사소송법 제334조에 따라 문서제출의무가 인정되는지 여부민사소송법 제344조는 ‘문서의 제출의무’에 관하여 정하고 있는데, 제1항 제1호는 당사자가 소송에서 인용한 문서(이하 ‘인용문서’라 한다)를 가지고 있는 때에는 문서를 가지고 있는 사람은 그 제출을 거부하지 못한다고 정하고 있다. 민사소송법 제344조 제1항 제1호에서 정하고 있는 인용문서는 당사자가 소송에서 문서 그 자체를 증거로서 인용한 경우뿐만 아니라 자기 주장을 명백히 하기 위하여 적극적으로 문서의 존재와 내용을 언급하여 자기 주장의 근거나 보조자료로 삼은 문서도 포함한다(대법원 2017. 12. 28.자 2015무423 결정 참조).    이 사건 및 이 사건의 본안(전주지방법원 2016드단1857 사건) 기록에 따르면, 이 사건 통화내역은 소외 2가 상대방인 소외 1의 부정행위를 주장하면서 그 보조자료로 삼은 문서로서 인용문서에 해당한다. 따라서 이 사건 통화내역은 민사소송법 제344조 제1항 제1호에서 정한 인용문서로서 이를 가지고 있는 항고인으로서는 그 제출을 거부할 수 없다.다. 소결론    항고인의 주장은 모두 이유 없다. 문서제출의무가 있는 항고인에 대한 제1심 법원의 문서제출명령은 적법하다. 항고인의 위반행위의 내용 및 정도, 기타 기록에 나타난 여러 사정들을 종합하여 보면, 제1심 법원이 정한 과태료 금액이 지나치게 과다하다고 보기도 어렵다.4. 결론  따라서 이 사건 항고는 이유 없으므로, 이를 기각하기로 하여 주문과 같이 결정한다.판사 구창모(재판장) 유동균 유인한 "
193080,이혼등·이혼및재산분할,2017르10884,인천가정법원,"  법률상 부부인 甲과 乙 사이의 이혼등 청구의 소에서 제1심법원이 자녀 丙에 대한 친권자 및 양육자 지정 청구에 관하여 甲과 乙을 공동 친권자 및 공동 양육자로 지정하면서 주 양육자로 乙을, 보조 양육자로 甲을 각 지정한 사안에서, 이혼 후의 공동 양육은 자녀가 두 가정을 오가면서 두 명의 의사결정자 아래에서 생활함으로써 생활의 안정성이 보장되지 않게 되는 점, 부모 사이에 적대적 관계가 계속되는 경우에는 자녀가 충성갈등에 빠져 번민하게 될 우려가 있는 점, 아직 우리 사회에서는 이혼한 당사자들이 자주 접촉하는 것을 자연스럽게 받아들이지 않는 실정이고, 특히 일방 또는 쌍방이 재혼한 경우에는 부정적인 측면이 더욱 발현될 우려가 있는 점 등 현실적인 어려움과 자녀에게 부정적인 영향을 미칠 가능성이 상당한 점, 제1심판결이 정한 공동 양육의 방법이 실질적으로 乙을 양육자로 지정하고 甲에게 충분한 면접교섭권을 보장하는 것과 차이가 있다고 보기 어려운 점, 제1심판결 선고 이후에도 丙을 둘러싼 甲과 乙의 갈등이 극심할 뿐만 아니라, 甲이 제1심판결이 정한 면접교섭의 기간 동안 보조 양육자로서 丙을 돌보는 것에 대하여 乙의 원활한 협조가 이루어지지 않고 있는 것으로 보이는 점, 제1심 가사조사 과정에서 실시된 양육환경조사 및 상담결과에 의하면, 丙이 잦은 양육자 변경으로 인하여 甲과 乙에 대하여 불안정한 애착 형성을 하고 있는 것으로 보이는 점 등에 비추어 보면, 甲과 乙을 丙의 공동 양육자로 지정하는 것은 丙의 복리를 위하여 바람직하다고 보기 어렵고, 丙이 甲과 함께 있을 때 더 자연스런 의사소통과 안정감 있는 행동을 하는 모습을 보여 주었던 점 등 제반 사정에 비추어 丙의 친권자 및 양육자로 甲을 지정한 사례.","원고(반소피고), 피항소인 겸 부대항소인 피고(반소원고), 항소인 겸 부대피항소인 사건본인 제1심판결 인천가법 2017. 6. 1. 선고 2015드단109256, 2016드단102917 판결변론종결2017. 9. 29.주    문  1. 제1심판결 중 본소 및 반소 친권자 및 양육자 지정 청구, 본소 장래 양육비 청구 부분을 다음과 같이 변경한다.  가. 사건본인의 친권자 및 양육자로 원고(반소피고)를 지정한다.  나. 피고(반소원고)는 원고(반소피고)에게 사건본인의 장래 양육비로 이 판결 확정일 다음 날부터 사건본인이 성년이 될 때까지 월 500,000원씩을 매월 말일에 지급하라.  2. 피고(반소원고)는 사건본인이 성년이 될 때까지 다음과 같이 사건본인을 면접교섭 할 수 있고, 원고(반소피고)는 피고(반소원고)의 면접교섭이 원만하게 실시될 수 있도록 적극 협조하여야 하며 이를 방해하여서는 안 된다.  가. 면접교섭 일정: 매월 2회, 둘째 주 및 넷째 주 토요일 10:00부터 다음 날 20:00까지  나. 면접교섭 장소: 피고(반소원고)가 지정한 장소  다. 인도방법: 피고(반소원고)가 원고(반소피고)의 주거지로 사건본인을 데리러 가서 원고(반소피고)로부터 사건본인을 인도받고, 면접교섭을 마친 후에는 다시 피고(반소원고)가 원고(반소피고)의 주거지로 사건본인을 데려다 주면서 원고(반소피고)에게 사건본인을 인도하는 방법  라. 기타: 원고(반소피고)와 피고(반소원고)는 최소 3일 전 상호 협의하에 위 면접교섭 일정, 장소 및 인도방법을 변경할 수 있다.  3. 피고(반소원고)의 항소 및 원고(반소피고)의 나머지 부대항소를 각 기각한다.  4. 소송총비용은 본소, 반소를 합하여 그 2/5는 원고(반소피고)가, 나머지는 피고(반소원고)가 각 부담한다.  5. 제1의 나항은 가집행할 수 있다.청구취지, 항소취지 및 부대항소취지  1. 청구취지  본소: 본소에 의하여, 원고(반소피고, 이하 ‘원고’라 한다)와 피고(반소원고, 이하 ‘피고’라 한다)는 이혼한다. 피고는 원고에게 위자료로 20,000,000원 및 이에 대한 이 사건 2017. 4. 11.자 청구취지 및 청구원인 변경신청서 부본 송달일 다음 날부터 다 갚는 날까지 연 15%의 비율에 의한 금원을 지급하라. 피고는 원고에게 재산분할로 19,963,245원 및 이에 대한 이 판결 확정일 다음 날부터 다 갚는 날까지 연 5%의 비율에 의한 금원을 지급하라. 사건본인의 친권자 및 양육자로 원고를 지정한다. 피고는 원고에게 사건본인의 과거 양육비로 4,000,000원을 지급하라. 피고는 원고에게 사건본인의 장래 양육비로 이 사건 2017. 4. 11.자 청구취지 및 청구원인 변경신청서 부본 송달일 다음 날부터 사건본인이 성년에 이르기 전날까지 월 500,000원씩을 매월 말일에 지급하라.  반소: 반소에 의하여, 원고와 피고는 이혼한다. 원고는 피고에게 위자료로 20,000,000원 및 이에 대한 이 사건 반소장부본 송달일 다음 날부터 다 갚는 날까지 연 15%의 비율에 의한 금원을 지급하라. 원고는 피고에게 재산분할로 90,234,993원 및 이에 대한 이 판결 확정일 다음 날부터 다 갚는 날까지 연 5%의 비율에 의한 금원을 지급하라. 사건본인의 친권자 및 양육자로 피고를 지정한다. 원고는 피고에게 사건본인의 과거 양육비로 5,000,000원을 지급하라. 원고는 피고에게 사건본인의 장래 양육비로 이 사건 반소장부본 송달일 다음 날부터 2032. 10. 31.까지 월 1,000,000원씩을 매월 말일에 지급하라.  2. 항소취지  본소: 제1심판결의 본소 이혼, 친권자 및 양육자 지정 청구 부분 중 피고 패소 부분을 취소하고, 그 취소 부분에 해당하는 원고의 청구를 기각한다.  반소: 제1심판결의 반소 위자료, 친권자 및 양육자 지정, 과거 양육비, 장래 양육비 청구 부분 중 피고 패소 부분을 취소한다. 원고는 피고에게 위자료로 20,000,000원 및 이에 대한 이 사건 반소장부본 송달일 다음 날부터 다 갚는 날까지 연 15%의 비율에 의한 금원을 지급하라. 사건본인의 친권자 및 양육자로 피고를 지정한다. 원고는 피고에게 사건본인의 과거 양육비로 5,000,000원을 지급하라. 원고는 피고에게 사건본인의 장래 양육비로 이 사건 반소장부본 송달일 다음 날부터 2032. 10. 31.까지 월 1,000,000원씩을 매월 말일에 지급하라.  3. 부대항소취지  본소: 제1심판결의 본소 위자료, 친권자 및 양육자 지정, 장래 양육비 청구 부분 중 원고 패소 부분을 취소한다. 피고는 원고에게 위자료로 20,000,000원 및 이에 대한 이 사건 2017. 4. 11.자 청구취지 및 청구원인 변경신청서 부본 송달일 다음 날부터 다 갚는 날까지 연 15%의 비율에 의한 금원을 지급하라. 사건본인의 친권자 및 양육자로 원고를 지정한다. 피고는 원고에게 사건본인의 장래 양육비로 당심 판결 선고일 다음 날부터 사건본인이 성년에 이르기 전날까지 월 500,000원씩을 매월 말일에 지급하라원고는 제1심에서는 장래 양육비 청구를 하면서 그 지급 시기(始期)를 ‘이 사건 2017. 4. 11.자 청구취지 및 청구원인 변경신청서 부본 송달일 다음 날부터’로 구하였으나, 당심에서는 부대항소를 하면서 그 지급 시기를 ‘당심 판결 선고일 다음 날부터’로 구하고 있는바, 이는 원고가 당심에서 장래 양육비 청구 부분의 청구취지를 일부 감축한 것으로 본다.  반소: 제1심판결의 반소 이혼, 친권자 및 양육자 지정 청구 부분 중 원고 패소 부분을 취소하고, 그 취소 부분에 해당하는 피고의 청구를 기각한다.이    유  1. 이 법원의 심판범위  원고는 제1심에서 피고에 대하여 본소로 이혼, 위자료, 재산분할, 친권자 및 양육자 지정, 과거 양육비, 장래 양육비 청구를 하였고, 피고는 제1심에서 원고에 대하여 반소로 이혼, 위자료, 재산분할, 친권자 및 양육자 지정, 과거 양육비, 장래 양육비 청구를 하였는데, 제1심법원은 본소 및 반소 이혼 청구를 각 인용하고, 반소 재산분할 청구를 일부 인용하며, 본소 및 반소 위자료 청구, 본소 재산분할 청구, 본소 및 반소 과거 양육비, 장래 양육비 청구를 각 기각하였다. 또한 본소 및 반소 친권자 및 양육자 지정 청구에 관하여 원고 및 피고를 공동 친권자로 지정하면서, 주 양육자로는 피고를, 보조 양육자로는 원고를 각 지정하였다. 이에 대하여 피고가 본소 이혼 청구 인용 부분, 반소 위자료, 과거 양육비, 장래 양육비 청구 기각 부분 및 위와 같이 친권자 및 양육자를 정한 본소 및 반소 친권자 및 양육자 지정 청구 부분에 대해 불복하여 항소하였고, 원고가 반소 이혼 청구 인용 부분, 본소 위자료, 장래 양육비 청구 기각 부분 및 위와 같이 친권자 및 양육자를 정한 본소 및 반소 친권자 및 양육자 지정 청구 부분에 대해 불복하여 부대항소를 제기하였으므로(다만 앞서 본 바와 같이 피고는 당심에서 본소 장래 양육비 청구 부분의 청구취지를 일부 감축하였다), 이 법원의 심판대상은 본소 및 반소 이혼, 위자료, 친권자 및 양육자 지정 청구, 반소 과거 양육비 청구, 본소 및 반소 장래 양육비 청구 부분이 된다.  2. 본소 및 반소 이혼 및 위자료 청구에 관한 판단  가. 인정 사실  1) 원고와 피고는 2013. 1. 3. 혼인신고를 한 법률상 부부로서 그 사이에 사건본인을 자녀로 두고 있다.  2) 원고와 피고는 모두 혼인 시부터 현재까지 ○○에서 초등학교 교사로 재직하고 있다.  3) 원고는 2013. 3.경부터 2014. 2.경까지 사이에 원고의 차로 인근에 거주하는 동료 여교사인 소외인과 함께 출퇴근을 하게 되었는데, 원고와 피고 사이에 이 문제로 인하여 혼인 초기부터 심한 갈등이 있었다.  4) 원고와 피고는 그 뒤로도 서로 상대방이 자신을 배려하지 않는다고 생각하면서 불만을 키워나갔고, 피고는 원고가 외도를 한다고 의심을 하기도 하였으며, 그 밖에 서로의 성격 차이 등의 여러 사유로 갈등을 이어나갔다.  5) 원고와 피고는 2015. 1. 3.부터 2015. 3. 1.까지 사이에 서울 강남구 △△동에 있는 □□부부가족상담센터에서 여러 차례 부부상담을 받기도 하였으나, 위와 같은 노력에도 불구하고 두 사람 사이의 관계는 개선되지 아니하였다.  6) 원고와 피고는 위와 같은 부부상담 이후에도 다투는 경우가 많았는데, 그 과정에서 서로 몸싸움을 하는 경우도 있었고, 2015. 7. 24.경에는 신고를 받은 경찰관이 원고와 피고가 다툼을 벌이던 현장에 출동하는 일도 있었다.  7) 피고는 2015. 9. 초경 원고에게 “9~12월 이혼, 양육권은 딸이라서 가능한 내가, 12~2월 타시도 전출”이라는 문자메시지를 보내기도 하였다.  8) 원고와 피고는 2015. 9. 30. 원고가 사건본인을 데리고 원고 부모의 집으로 가면서 별거하기 시작하였다.  9) 원고는 2015. 11. 30. 피고를 상대로 이 사건 본소를 제기하였다.  10) 원고와 피고는 2016. 1. 19. 다시 동거하기 시작하였는데, 그 뒤로도 두 사람은 다툼이 잦았고, 원고가 2016. 1. 28. 이 사건 본소를 취하하였으나, 피고는 2016. 2. 12. 제1심 법원에 소 취하 부동의서를 제출하였다(원고는 그 뒤 제1심 법원에 제출한 2016. 4. 5.자 준비서면에서 다시 피고의 귀책사유들을 열거하면서 피고와 이혼할 의사를 밝혔고, 이후 당심 변론종결일까지 일관하여 피고와 이혼할 의사를 유지하고 있다).  11) 피고는 그 무렵 원고에게 자신이 원하는 새로운 주거지로 이사할 것을 제의하였으나, 원고가 이를 받아들이지 않으면서 다시 두 사람 사이에 갈등이 심화되었고, 2016. 2. 18.경 원고가 집을 나오면서 두 사람은 최종적으로 별거하기 시작하였다.  12) 피고는 2016. 4. 6. 원고를 상대로 이 사건 반소를 제기하였다.  13) 한편 사건본인은 2015. 9. 30. 원고가 집을 나오면서 함께 데리고 나와 원고가 양육하기 시작하였으나, 다시 2015. 10. 8.부터 2015. 11. 초경까지는 피고가, 2015. 11. 초경부터 2015. 11. 30.까지는 원고가, 2015. 12. 1.부터 2016. 1. 18.까지는 피고가 양육하는 등 그 양육 상황에 잦은 변동이 있었다.  14) 원고와 피고는 2016. 1. 19.부터는 다시 동거하면서 함께 사건본인을 양육하였으나, 2016. 2. 18.경 최종적으로 별거하기 시작한 이후부터 2016. 5. 중순경까지는 피고가 사건본인을 양육하였고, 2016. 5. 중순경부터는 다시 원고가 사건본인을 양육하기 시작하였다.  15) 피고는 제1심 가사조사 과정에서 사건본인과 정기적으로 면접교섭을 하고 있었는데, 2017. 1. 말경 설 연휴 기간 중 면접교섭을 위하여 사건본인을 데리고 갔다가 다시 원고에게 데려다 주기로 한 2017. 1. 30. 원고에게 사건본인을 데려다 주지 아니하면서 이후 사건본인을 양육하기 시작하였다.  16) 원고와 피고는 2017. 3. 9. 제1심 제2회 변론기일에서 매주 토요일 10:00부터 같은 날 20:00까지 면접교섭을 실시하기로 합의하였는데, 원고는 2017. 4. 8. 10:00경 면접교섭을 위하여 사건본인을 데리고 갔다가 다시 피고에게 사건본인을 데려다 주기로 한 같은 날 20:00경 피고에게 사건본인을 데려다 주지 아니하면서 이후 사건본인을 양육하기 시작하였다.  17) 원고와 피고는 2017. 4. 13. 제1심 제3회 변론기일에서 “원고는 이 사건 제1심판결 선고 시까지 사건본인을 서울 구로구 ◇◇◇동 소재 ☆☆아파트 내 ▽▽유치원에 유치권 교육과정에 맞추어 등, 하원 시키기로 한다. 만약, 피고 측에서 사건본인을 임의로 데려갈 경우 피고는 원고가 사건본인의 친권자 및 양육자로 지정되는 데에 동의한다.”고 각 일치하여 진술하였다.  18) 원고는 2017. 6. 1. 제1심판결이 선고되면서 원고와 피고가 공동 친권자로 지정되고, 주 양육자로는 피고가, 보조 양육자로는 원고가 각 지정되자 2017. 6. 4.경 사건본인을 피고에게 인도하였고, 이후 당심 변론종결일 현재까지 피고가 주로 사건본인을 데리고 있다.  인정 근거 갑 제1 내지 4, 9, 10, 14, 17호증(가지번호 포함, 이하 별도로 표시하는 경우를 제외하고는 같다), 을 제11호증의 2의 각 기재, 갑 제5 내지 8, 15, 16호증, 을 제1호증의 각 영상, 제1심법원의 □□부부가족상담센터에 대한 사실조회 결과(2016. 12. 10. 회신), 제1심 가사조사관의 조사보고서 및 변론 전체의 취지  나. 판단  1) 본소 및 반소 이혼 청구  가) 혼인관계의 파탄 여부  위 인정 사실에다가 원고와 피고가 서로 본소 및 반소를 통하여 이혼 청구를 하고 있고, 상대방의 귀책사유를 주장하면서 서로를 비난하기만 할 뿐 혼인생활을 유지하기 위하여 별다른 노력을 기울이지 아니하고 있는 점 등을 보태어 보면, 원고와 피고 사이의 혼인관계는 더 이상 회복하기 어려울 정도로 파탄에 이르게 된 것으로 보인다.  나) 혼인관계 파탄의 주된 책임  (1) 이 사건 혼인관계가 파탄에 이르게 된 데에는 애정과 신의 및 인내로써 서로 상대방을 이해하며 보호하여 혼인생활의 유지를 위한 최선의 노력을 다하지 아니한 원고와 피고 모두에게 일정 부분 책임이 있으며, 이러한 원고와 피고 쌍방의 책임은 어느 쪽이 더 무겁다고 보기 어려울 정도로 대등하다.  (2) 원고는 피고가 우울증 등으로 심한 감정기복을 보여왔고, 혼인기간 중 여러 차례 가출을 하였으며, 원고에게 자주 폭언을 하거나 폭력을 행사하였을 뿐만 아니라, 피고의 부모도 일방적으로 피고의 편을 들면서 원고에게 폭언을 하거나 폭력을 행사하면서 갈등을 증폭시켜 왔는바, 혼인관계 파탄의 주된 책임은 피고에게 있다는 취지로 주장하므로 살피건대, 갑 제9, 10, 14, 17호증의 각 기재, 갑 제5 내지 8, 11 내지 13, 15, 16, 20, 21, 33 내지 35, 59 내지 61, 69호증의 각 영상만으로는 피고에게 원고가 주장하는 위와 같은 귀책사유들로 인하여 혼인관계 파탄의 주된 책임이 있다고 보기에 부족하고, 달리 이를 인정할 아무런 증거가 없으므로, 원고의 위 주장은 이유 없다.  (3) 피고는 원고가 혼인기간 중 가사 및 자녀 양육에 소홀하였고, 성매매를 하거나 다른 여성과 외도를 하였으며, 피고에게 폭언을 하거나 폭력을 행사하였을 뿐만 아니라, 원고의 부모도 피고에게 폭언을 하거나 폭력을 행사하기도 하였는바, 혼인관계 파탄의 주된 책임은 원고에게 있다는 취지로 주장하므로 살피건대, 을 제4, 5, 11, 15, 20호증의 각 기재, 을 제1, 6, 16 내지 18호증의 각 영상만으로는 원고에게 피고가 주장하는 위와 같은 귀책사유들로 인하여 혼인관계 파탄의 주된 책임이 있다고 보기에 부족하고, 달리 이를 인정할 아무런 증거가 없으므로, 피고의 위 주장도 이유 없다.  다) 소결론  따라서 원고와 피고에게는 민법 제840조 제6호에서 정한 재판상 이혼 사유가 존재하므로, 원고 및 피고의 본소 및 반소 이혼 청구는 각 이유 있다원고는 피고에게 민법 제840조 제2, 3호에서 정한 재판상 이혼 사유도 존재한다고 주장하고, 피고는 원고에게 민법 제840조 제1, 3호에서 정한 재판상 이혼 사유도 존재한다고 주장하나, 앞서 본 나) (2), (3)항 기재 증거들만으로는 원고 및 피고가 주장하는 위와 같은 재판상 이혼 사유들이 존재한다고 보기에 부족하고, 달리 이를 인정할 아무런 증거가 없으므로, 원고 및 피고의 이 부분 각 주장은 각 이유 없다.  2) 본소 및 반소 위자료 청구  원고와 피고는 서로 상대방에게 혼인관계 파탄의 주된 책임이 있으므로 상대방은 그로 인한 정신적 손해를 배상할 책임이 있다고 주장하면서 본소 및 반소로 위자료 청구를 하고 있으나, 앞서 본 바와 같이 이 사건 혼인관계의 파탄에는 원고와 피고 모두에게 일정 부분 책임이 있고, 그 책임의 정도 또한 대등하다고 판단하는 이상, 원고 및 피고의 본소 및 반소 위자료 청구는 각 이유 없다.  3. 반소 과거 양육비 청구에 관한 판단  살피건대, 앞서 본 인정 사실에다가 변론 전체의 취지에 의하여 인정되는 다음과 같은 사정들, 즉 원고와 피고가 별거하기 시작한 2015. 9. 30.부터 다시 동거하기 시작한 2016. 1. 19.까지 및 최종적으로 별거하기 시작한 2016. 2. 18.경부터 두 사람을 사건본인의 공동 친권자 및 양육자로 지정하는 제1심판결이 선고될 때까지 두 사람이 번갈아가며 사건본인을 양육하여 왔고, 어느 일방의 양육 기간이 절대적으로 우월하다고 보기 어려운 점, 제1심판결 선고 이후 당심 변론종결일 현재까지는 원고와 피고가 사건본인의 공동 양육자로 지정되어 있는 상태인 점 등을 보태어 보면, 어느 일방에게 사건본인의 과거 양육비를 부담하도록 하는 것은 오히려 형평에 어긋나게 되는 결과를 초래하는 것으로 보이므로, 피고의 반소 과거 양육비 청구는 이유 없다.  4. 본소 및 반소 친권자 및 양육자 지정, 장래 양육비 청구에 관한 판단  살피건대, 제1심 가사조사관의 조사보고서(제1심 가사상담위원들의 각 가사재판상담결과보고서 포함) 및 변론 전체의 취지를 종합하여 인정되는 다음과 같은 사정들, 즉 ① 사건본인은 잦은 양육자 변경으로 인하여 원고와 피고에 대하여 불안정한 애착 형성을 하고 있는 것으로 보이지만, 원고와 함께 있을 때 더 자연스런 의사소통과 안정감 있는 행동을 하는 모습을 보여 주었던 점, ② 사건본인은 만 32개월 무렵인 2016. 5. 중순경부터 원고에 의하여 양육되어 왔고, 그 기간이 상당기간 지속되었으며, 위 기간 동안 원고가 사건본인을 양육하는 과정에서 사건본인의 정서적, 신체적 발달에 저해가 되는 행동을 하는 등 양육자로 지정되기에 부적합한 면을 보여주지는 않았던 점, ③ 원고와 피고 일방이 사건본인을 단기간 양육하다가 다시 상대방으로 양육자가 바뀌는 경우가 많았던 기존의 상황과 달리 원고가 2016. 5. 중순경부터는 약 8개월간 계속하여 사건본인을 비교적 안정적으로 양육하고 있었음에도, 피고가 2017. 1. 말경 설 연휴 기간 중 면접교섭을 위하여 사건본인을 데리고 갔다가 다시 원고에게 데려다 주기로 한 2017. 1. 30. 원고에게 사건본인을 데려다 주지 아니하면서 이후 2017. 4. 8.경까지 사건본인을 양육하였는바, 이와 같이 피고가 먼저 일방적으로 사건본인의 양육상황에 변경을 초래하였던 것은 사건본인의 안정적인 성장에 긍정적인 영향을 주었다고 보기 어려운 점(원고는 2017. 1.경부터 원고, 피고 및 사건본인이 함께 거주하던 주소지인 인천 남동구 ◎◎동 소재 아파트에서 사건본인과 함께 생활하기 시작하였고, 위 주소지 인근 유치원에 사건본인의 입학을 신청하기도 한 상태였다), ④ 피고는 제1심판결 선고 이후 원고가 제1심판결이 정한 매주 금요일 20:00부터 일요일 20:00까지의 기간 동안 보조 양육자로서 사건본인을 돌보는 것에 대하여 협조적인 태도를 보이고 있지 아니하여, 피고를 사건본인의 단독 양육자로 지정할 경우에는 향후 원고와 사건본인 사이의 유대관계가 유지되는 것이 어려워질 우려가 있는 점, ⑤ 원고는 사건본인이 출생 이후 오랜 기간 거주하여 익숙한 환경인 인천 남동구 ◎◎동 소재 아파트에서 향후 사건본인을 양육할 계획인 것으로 보이고, 원고의 모친도 사건본인의 양육에 도움을 줄 수 있을 것으로 보이는 점(원고도 초등학교 교사로 퇴근시간이 비교적 빠른 편이므로 평일에도 사건본인의 양육에 많은 신경을 쓸 수 있을 것으로 보인다) 등에다가 원고와 피고의 혼인생활과 파탄에 이르게 된 경위, 사건본인의 연령, 성별, 양육 상황 및 당사자의 의사 등 이 사건 변론에 나타난 모든 사정과 서울가정법원의 양육비 산정기준표를 참작하여 사건본인의 친권자 및 양육자로 원고를 지정하고, 피고가 부담할 장래 양육비를 이 판결 확정일 다음 날부터 사건본인이 성년이 될 때까지 월 500,000원으로 정한다.  제1심법원은 사건본인의 주 양육자로는 피고를, 보조 양육자로는 원고를 각 지정하는 공동 양육의 방식을 선택하였다. 그러나 이혼 후의 공동 양육은 ① 자녀가 두 가정을 오가면서 두 명의 의사결정자 아래에서 생활함으로써 생활의 안정성이 보장되지 않게 되는 점, ② 부모 사이에 적대적 관계가 계속되는 경우에는 자녀가 충성갈등에 빠져 번민하게 될 우려가 있는 점, ③ 아직 우리 사회에서는 이혼한 당사자들이 자주 접촉하는 것을 자연스럽게 받아들이지 않는 실정이고, 특히 일방 또는 쌍방이 재혼한 경우에는 부정적인 측면이 더욱 발현될 우려가 있는 점 등 현실적인 어려움과 자녀에게 부정적인 영향을 미칠 가능성이 상당할 뿐만 아니라, 이 사건의 경우 제1심판결이 정한 공동 양육의 방법이 실질적으로 피고를 양육자로 지정하고, 원고에게 충분한 면접교섭권을 보장하는 것과 차이가 있다고 보기 어려운 점, 제1심판결 선고 이후에도 사건본인을 둘러싼 원고와 피고 사이의 갈등이 극심할 뿐만 아니라, 원고가 제1심판결이 정한 매주 금요일 20:00부터 일요일 20:00까지의 기간 동안 보조 양육자로서 사건본인을 돌보는 것에 대하여 피고의 원활한 협조가 이루어지지 않고 있는 것으로 보이는 점, 제1심 가사조사 과정에서 실시된 양육환경조사 및 상담결과에 의하면, 사건본인은 잦은 양육자 변경으로 인하여 원고 및 피고에 대하여 불안정한 애착 형성을 하고 있는 것으로 보이는 점 등의 제반 사정에 비추어 보면, 원고와 피고를 사건본인의 공동 양육자로 지정하는 것은 사건본인의 복리를 위하여 바람직하다고 보기 어렵다.  5. 면접교섭에 관한 직권 판단  사건본인의 양육자로 원고가 지정된 이상 민법 제837조의2에 의하여 사건본인을 직접 양육하지 아니하는 피고와 사건본인은 상호 면접교섭 할 수 있는 권리를 가지는바, 사건본인의 연령, 성별, 양육 상황 및 당사자의 의사 등 이 사건 변론에 나타난 모든 사정을 참작하여 주문 제2항 기재와 같이 면접교섭의 횟수, 시간 및 방법 등을 정하는 것이 사건본인의 정서적인 안정과 복리를 위하여 타당하다.  6. 결론  그렇다면 원고 및 피고의 본소 및 반소 이혼 청구는 각 이유 있어 인용하고, 원고 및 피고의 본소 및 반소 위자료 청구는 각 이유 없어 기각하며, 원고 및 피고의 본소 및 반소 친권자 및 양육자 지정 청구, 피고의 반소 과거 양육비 청구, 원고 및 피고의 본소 및 반소 장래 양육비 청구에 관하여는 위와 같이 정하여야 할 것인바, 제1심판결 중 본소 및 반소 이혼 및 위자료 청구, 반소 과거 양육비, 장래 양육비 청구 부분은 이와 결론을 같이하여 정당하고, 본소 및 반소 친권자 및 양육자 지정, 본소 장래 양육비 청구 부분은 이와 결론을 달리하여 부당하므로, 원고의 부대항소를 일부 받아들여 제1심판결 중 본소 및 반소 친권자 및 양육자 지정 청구, 본소 장래 양육비 청구 부분을 위와 같이 변경하고, 피고의 항소 및 원고의 나머지 부대항소는 각 이유 없어 기각하기로 하여 주문과 같이 판결한다.판사 강혁성(재판장) 김주현 허정인 "
213653,이혼 및 위자료 등,2016르22226,서울고등법원,내용없음,"원고, 항소인 원고(소송대리인 법무법인 숭인 담당변호사 양소영 외 1인)피고, 피항소인 피고(소송대리인 법무법인 서우 담당변호사 이석웅)제1심판결 의정부지방법원 고양지원 2016. 8. 19. 선고 2015드합77 판결변론종결2017. 6. 13.주    문1. 제1심판결 중 이혼 청구 부분 및 재산분할 청구 부분 중 아래에서 이행 또는 지급을 명하는 부분에 해당하는 원고 패소 부분을 취소한다.2. 원고와 피고는 이혼한다. 3. 피고는 원고에게 재산분할로, ① 캐나다 (주소 생략) 아파트먼트 ○○○호(영문 주소 생략) 중 피고 소유 지분 99/100에 관하여 재산분할을 원인으로 하는 소유권 이전 절차를 이행하고, ② 622,000,000원 및 이에 대하여 이 판결 확정일 다음날부터 다 갚는 날까지 연 5%의 비율로 계산한 돈을 지급하라.  4. 제1심판결 중 위자료 청구 부분에 대한 원고의 항소와 재산분할 청구 부분에 대한 원고의 나머지 항소를 각 기각한다.5. 소송 총비용 중 2/10는 원고가, 나머지는 피고가 각 부담한다.청구취지 및 항소취지제1심판결을 취소한다. 원고와 피고는 이혼한다. 피고는 원고에게, 위자료로 50,000,000원 및 이에 대하여 이 사건 소장 부본 송달 다음날부터 다 갚는 날까지 연 15%의 비율로 계산한 돈을 지급하고, 재산분할로 ① 주문 3.항 기재 부동산 중 피고 소유 지분 99/100에 관하여 재산분할을 원인으로 하는 소유권 이전 절차를 이행하고, ② 821,836,319원 및 이에 대하여 이 사건 판결 확정일 다음날부터 다 갚는 날까지 연 5%의 비율로 계산한 돈을 지급하라(원고는 당심에서 항소취지를 변경하면서 청구취지도 함께 변경하였다. 한편 원고는 재산분할 청구와 관련하여 위 ① 기재 부동산 중 피고 소유 지분에 관하여 소유권이전등기절차의 이행을 구하고 있으나, 캐나다에 대한민국과 같은 부동산등기제도가 있다고 볼 근거가 없으므로, 부동산 소유권 이전에 관하여 캐나다 퀘벡주에서 통용되는 절차의 이행을 구하는 것으로 선해하여 판단한다).이    유1. 기초사실  가. 원고와 피고는 모두 캐나다 국적을 가진 사람으로, 2013. 7. 2. △△△△에서 혼인신고를 하고 캐나다 퀘벡주에서 거주해 왔다. 피고는 원고와 혼인하기 전에 순차적으로 소외 2와 사실상 혼인관계, 소외 3, 소외 4와 각 법률상 혼인관계에 있었으나, 원고에게 전혼관계를 정확히 알리지는 않았다.   나. 피고는 2013. 11. 11.부터 2013. 12. 17.까지(피고는 2013. 11. 22. 서울출입국관리사무소장에게 피고의 이 사건 송달장소를 국내거소로 신고하였는데, 서울출입국관리사무소장이 발급한 국내거소사실증명서에는 체류기간이 2016. 11. 22.까지로 되어 있다), 2014. 4. 2.부터 2014. 5. 2.까지, 2014. 10. 1.부터 2014. 10. 25.까지, 2014. 11. 5.부터 2015. 5. 22.까지 대한민국에서 체류하다가 캐나다로 돌아갔으나, 2015. 5. 22.부터는 원고와 피고의 주소지가 아닌 캐나다 (주소 생략) 아파트먼트 ○○○호에서 거주하였고, 2015. 8. 11. 다시 대한민국에 입국한 이후부터는 대한민국에서 거주하고 있다.   다. 한편 원고는 2014. 12. 7. 대한민국에 입국하여 피고 및 피고의 친인척과 함께 지내다가 2015. 1. 19. 캐나다로 돌아갔다.   라. 원고는 2015. 3. 19. 피고를 상대로 서울가정법원에 이혼 등 청구 소송을 제기하였는데, 원고가 청구한 이혼 사유는 대한민국 민법 제840조 제2호, 제6호에 규정된 ‘배우자가 악의로 다른 일방을 유기한 때’, ‘기타 혼인을 계속하기 어려운 중대한 사유가 있을 때’로 되어 있고(원고는 제1심에서 2016. 7. 7.자 준비서면을 통해 이혼 청구원인을 캐나다 이혼법 제8조 제2항 (a), (b)로 사실상 변경하였다), 피고는 2015. 6. 22. 원고를 상대로 캐나다 퀘벡주 몬트리올에 있는 법원에 이혼 등 청구 소송을 제기하였는데(그 후 취하하였음), 피고가 청구한 이혼 사유는 캐나다 이혼법 제8조 제2항 (a)에 규정된 별거 및 판결 시점 기준 별거 기간 1년 이상 경과에 따른 혼인관계의 파탄으로 되어 있다.   마. 원고는 이 사건 소 계속 중 피고에게 ‘피고가 진심으로 원고와의 혼인관계를 유지하려는 마음이 있다면 원고로부터 가져간 6억 원의 사용처와 피고의 전혼관계를 밝히고, 피고 명의로 구입한 부산 소재 아파트(별지1 분할재산명세표 기재 피고의 적극재산 중 순번 1번)등에 관하여 원고 앞으로 소유권이전등기를 하며, 몬트리올시에 있는 부동산(별지1 분할재산명세표 기재 피고의 적극재산 중 순번 2번)을 매도 또는 임대하고, 향후의 재산관리를 원고에게 맡길 것 등을 받아들일 수 있는지’에 대한 답변을 요청하였으나, 피고는 ‘원고와의 혼인관계를 유지하겠다는 강한 의지가 있다’고 하면서도 ‘기한을 정하여 요구사항을 수용하라는 원고의 태도를 받아들일 수 없다. 진솔한 대화를 통해 해결해야 할 문제다’는 취지로 답하였다.인정근거 다툼 없는 사실, 갑 제1, 2, 11, 12, 17, 18, 30, 31호증(각 가지번호 있는 것은 가지번호 포함)의 각 기재 및 변론 전체의 취지2. 이혼 및 위자료 청구에 관한 판단  가. 이혼 청구에 관한 판단    1) 이혼에 관한 준거법 및 캐나다 이혼법의 규정  이 사건 이혼 청구에 관하여는 대한민국 국제사법 제39조에 의하여 준용되는 같은 법 제37조에 따라 원고와 피고의 동일한 본국법인 캐나다 이혼법(An Act respecting divorce and corollary relief. 약칭으로는 Divorce act)을 적용한다.   캐나다 이혼법 제8조 제2항 (a), (b) 및 제3항은 다음과 같이 규정하고 있다. -  다  음  -  『혼인관계의 파탄.    (2) 혼인관계의 파탄은 다음의 경우에 성립한다. (a) 배우자 쌍방이 이혼소송 제기 당시 별거상태에 있고, 이혼소송 판결(결정) 직전까지 적어도 1년 이상 별거상태에 있는 경우, 또는 (b) 이혼소송의 상대방 배우자가 혼인 이후 (i) 부정한 행위를 하였거나, (ii) 일방 배우자에게 동거생활을 계속 유지할 수 없을 정도로 참을 수 없는 육체적, 정신적 고통을 가한 경우.별거기간의 계산.   (3) 위 (2)항 (a)와 관련하여, (a) 어느 일방 배우자가 상대방 배우자와 별거하려는 의사를 가지고 별거한 기간은 배우자 쌍방이 별거상태에 있는 것으로 간주한다.』    2) 판단  위 인정사실에 의하면, 원고는 상대방 배우자인 피고와 별거하려는 의사를 가지고 별거하고 있으면서 이 사건 소를 제기하였으므로, 원고와 피고는 이 사건 소가 제기된 2015. 3. 19. 별거상태에 있었던 것으로 간주되고, 당심 판결 선고일 직전까지 적어도 1년 이상 별거상태에 있음이 분명하며, 피고가 캐나다에서 원고를 상대로 이혼 소송을 제기하기까지 한 점 등에 비추어 보면, 캐나다 이혼법이 적용되는 이 사건에서 캐나다 이혼법 제8조 제2항 (a)에서 정한 바에 따라 원고와 피고에게 이혼을 명함이 상당하다. 따라서 원고의 이 사건 이혼 청구는 이유 있다.  한편 원고는, 피고에게 캐나다 이혼법 제8조 제2항 (b)에서 정한 이혼 사유도 있다고 주장하나, 원고가 제출한 증거들만으로는 피고가 원고와 혼인한 이후 부정한 행위를 하였다거나, 원고에게 동거생활을 계속 유지할 수 없을 정도로 참을 수 없는 육체적, 정신적 고통을 가하였다고 인정하기에 부족하고 달리 이를 인정할 만한 증거가 없으므로, 원고의 이 부분 주장은 이유 없다.    나. 위자료 청구에 관한 판단  원고는 피고를 상대로 이혼으로 인한 위자료 청구를 하고 있는바, 이 사건 위자료 청구에 관하여는 대한민국 국제사법 제32조 제3항에 따라 원고와 피고 사이에 존재하는 법률관계의 준거법인 캐나다 퀘벡주 민법(Civil Code of Quebec)을 적용한다.    살피건대, 원고가 피고를 상대로 이혼으로 인한 위자료를 청구하기 위해서는 피고가 원고에게 혼인관계 파탄에 상응하는 책임을 져야 할 정도의 불법행위를 하였다는 점이 인정되어야 할 것이나, 앞서 인정한 바와 같이 원고와 피고의 혼인관계가 캐나다 이혼법이 정한 별거기간을 충족하였다는 사실을 넘어서서 피고가 원고와 혼인한 이후 원고에게 동거생활을 계속 유지할 수 없을 정도로 참을 수 없는 육체적, 정신적 고통을 가하는 등으로 불법행위를 하였다는 점에 관하여는 원고가 제출한 증거들만으로는 이를 인정하기에 부족하고 달리 이를 인정할 만한 증거가 없다.    따라서 원고의 위자료 청구는 더 나아가 살필 필요 없이 이유 없다.3. 재산분할 청구에 관한 판단  가. 재산분할에 관한 준거법  이 사건 재산분할 청구에 관하여는 대한민국 국제사법 제38조 제1항에 의하여 준용되는 같은 법 제37조에 따라 원고와 피고의 동일한 본국법인 캐나다 퀘벡주 민법혼인관계를 기초로 한 재산 및 재산분할에 관한 부분은 위 법 제414조 내지 제426조(Book Two : The Family, Title One : Marriage, Chapter IV Effects of Marriage, Division III Family Patrimony 부분)와 제448조 이하(Book Two : The Family, Title One : Marriage, Chapter V, Matrimonial Regimes, Division II Partnership of Acquests 부분)에 규정되어 있다을 적용한다.   나. 분할대상 재산 및 가액     1) 분할대상 재산 및 가액 : 별지1 분할재산명세표 기재와 같다.    2) 당사자들의 주장에 대한 판단 : 별지1 분할재산명세표 및 별지2 불인정재산명세표 기재와 같다.  다. 재산분할의 비율 및 방법    1) 재산분할의 비율 : 원고 80%, 피고 20%    판단근거 원고와 피고의 혼인기간, 분할대상 재산의 취득 경위 및 취득을 위해 사용된 자금의 출처, 분할대상 재산의 형성과 유지에 대한 원고와 피고의 기여 정도, 원고와 피고의 나이, 직업, 재산 및 경제력, 혼인생활의 과정, 혼인관계 파탄의 경위 등 이 사건 변론에 나타난 여러 사정 참작하여 위와 같이 정함(캐나다 퀘벡주 민법 제422조에 정한 균등분할의 예외 규정과 위 법 제427조의 기여에 대한 보상 규정 등을 준용. 갑 제33, 34호증의 각 1, 2 및 2017. 7. 4. 제출된 참고자료 5 참조)    2) 재산분할의 방법 : 분할대상 재산의 소유 명의와 형태, 취득경위, 분할방법에 관한 당사자의 의사, 특히 원고가 뱅크오브 몬트리올에 대하여 부담하는 차용금 채무(별지1 분할재산명세표 기재 원고의 소극재산 중 순번 1번)는 별지1 분할재산명세표 기재 원고의 적극재산 중 순번 1번의 부동산을 담보로 제공하고 부담하게 된 것이므로(갑 제25호증의 1, 제26호증의 각 기재), 위 부동산의 소유 명의와 채무의 귀속을 일치시키는 것이 바람직해 보이는 점 등 이 사건 변론에 나타난 여러 사정을 참작하여 위 부동산 중 피고 소유 지분 99/100를 원고에게 이전하고, 이를 제외한 나머지 재산은 현재 명의 그대로 원고와 피고의 소유와 책임으로 확정적으로 귀속시키되, 그 결과 위 재산분할의 비율에 따라 원고에게 귀속되어야 할 금액 중 부족한 부분을 피고가 원고에게 현금으로 지급하는 것으로 정함  라. 피고가 원고에게 지급하여야 하는 재산분할금 : 622,000,000원(아래에서 계산된 것보다 약간 하회하는 금액으로 정함)    계산식    ① 원고와 피고의 순재산 합계액 중 재산분할의 비율에 따른 원고의 몫 :        277,298,992원 = 원고와 피고의 순재산 합계액 346,623,740원 × 원고에 대한 재산분할의 비율 80%    ② 별지1 분할재산명세표 기재 피고의 적극재산 중 순번 2번 부동산에 관한 피고 소유 지분 99/100를 원고에게 이전한 상태에서의 원고의 순재산 :       - 345,212,579원 = - 654,487,054원 + 309,274,475원    ③ 위 ①항의 금액에서 원고의 순재산(②)을 공제한 금액 :        622,511,571원 = 277,298,992원 - (- 345,212,579원)  마. 소결  따라서 피고는 원고에게 ① 별지1 분할대상명세표 기재 피고의 적극재산 중 순번 2번 기재 부동산에 관한 피고 소유 지분 99/100에 관하여 재산분할을 원인으로 하는 소유권 이전 절차를 이행하고, ② 622,000,000원 및 이에 대하여 지체책임이 발생하는 이 판결 확정일 다음날부터 다 갚는 날까지 캐나다 퀘벡주 민법 및 캐나다 이자법에서 정한 연 5%의 비율로 계산한 지연손해금을 지급할 의무가 있다. 4. 결론  그렇다면 원고의 이혼 청구는 이유 있으므로 이를 인용하고, 위자료 청구는 이유 없으므로 이를 기각하여야 할 것인바, 제1심판결 중 이혼 청구 부분은 이와 결론을 달리하여 부당하므로 원고의 항소를 받아들여 제1심판결 중 이혼 청구 부분을 취소하고 원고의 이혼 청구를 인용하며, 제1심판결 중 위자료 청구 부분은 이와 결론을 같이하여 정당하므로 이에 대한 원고의 항소는 이유 없어 이를 기각하며, 제1심판결 중 재산분할 청구에 관하여는 위와 같이 정하여야 할 것인바, 제1심판결 중 재산분할 청구 부분은 이와 결론을 일부 달리하여 부당하므로 원고의 항소를 일부 받아들여 위와 같이 정하고, 나머지 부분은 이와 결론을 같이하여 정당하므로 이에 대한 원고의 나머지 항소를 기각하기로 하여, 주문과 같이 판결한다.　(별지 생략)판사 김용대(재판장) 류재훈 박정운 "
195463,이혼,2017므10730,대법원,내용없음,"원고, 상고인 피고, 피상고인 원심판결 춘천지법 2017. 2. 16. 선고 2016르228 판결주    문  원심판결을 파기하고, 사건을 춘천지방법원에 환송한다.이    유  상고이유를 판단한다.  1. 법원이 재판상 이혼사건을 심리할 때에는 직권으로 사실조사 및 필요한 증거조사를 하여야 한다(가사소송법 제17조). 따라서 법원은 그 판단의 기초자료인 사실과 증거를 직권으로 탐지할 의무까지는 없다 하더라도, 이미 제출된 자료들에 의하여 부부 중 어느 일방의 유책성에 의심이 갈 만한 사정이 나타나 있다면 이에 관하여 심리·조사할 의무가 있다(대법원 1991. 10. 11. 선고 91다21039 판결 등 참조).  2. 원심은 제1심판결 이유를 인용하여, 원고와 피고는 재혼한 부부인데 원고는 피고가 돈에만 관심을 가지고 건강이 악화된 원고를 돌보지 않았다는 점과 원고에게 폭력을 행사하였다는 점을 인정할 증거가 부족하고, 오히려 원고가 동거의무와 협조의무 등을 위반하여 별거에 이르게 되었음을 이유로 유책배우자인 원고의 이혼 청구를 배척한 제1심판결을 그대로 유지하였다.  그런데 기록에 의하면, 피고는 원심 변론종결 이후인 2017. 2. 14. 춘천지방법원 원주지원(2016고정376, 2017고단18)으로부터 상해죄 등으로 징역 6월 및 집행유예 2년과 벌금 150만 원의 판결을 선고받은 점, 그 범죄사실은 피고가 2016. 1. 13. 이 사건 이혼 소장을 송달받은 것에 화가 나 원고의 멱살을 잡고 밀어 넘어뜨려 원고에게 약 2주간의 치료가 필요한 두피좌상 등을 가하였고, 그 다음 날 새벽에 술을 마신 후 인삼주 병을 텔레비전에 던져 액정을 깨트리는 등 재물을 손괴하였으며, 2016. 4. 3. 원고와 전 배우자 사이에 출생한 딸 소외인(1979년생)의 배를 주먹으로 1회 때리고 밀쳐 약 1주간 치료가 필요한 복벽의 타박상을 가하였다는 내용인 점, 원고는 2016. 1. 13. 있었던 피고의 폭력 행사가 직접 원인이 되어 집을 나와 피고와 별거하고 있는 점, 피고는 위 판결에 항소하여 춘천지방법원에 항소심이 계속 중인 점, 원고는 2017. 2. 15. 피고에 대한 위 형사 판결서를 원심법원에 참고자료로 제출한 점을 알 수 있다.  이러한 사실관계를 앞서 본 법리에 비추어 살펴보면, 비록 피고에 대한 형사판결이 원심 변론종결 이후에 선고되었고 아직 확정되지 않았더라도 그 내용에 의하면 원고가 유책배우자가 아니거나 적어도 혼인파탄의 책임이 원고와 피고에게 대등하게 있다고 볼 만한 사정이 나타나 있으므로, 원심으로서는 변론을 재개하여 피고에 대한 형사판결서를 증거로 채택, 조사한 다음 과연 원고가 유책배우자인지 여부를 가려본 후 재판상 이혼사유 유무를 판단하였어야 했다. 피고에 대한 유죄판결이 선고되었음에도 원심이 피고의 폭력행위에 관한 증거가 부족하다는 이유만으로 원고의 이 사건 청구를 배척한 것은 가사소송법 제17조에 관한 법리를 오해하여 재판상 이혼사유 유무에 관하여 필요한 심리를 다하지 아니함으로써 판결에 영향을 미친 잘못이 있다. 이 점을 지적하는 취지의 상고이유 주장은 정당하다.  3. 그러므로 나머지 상고이유에 관한 판단을 생략한 채 원심판결을 파기하고, 사건을 다시 심리·판단하게 하기 위하여 원심법원에 환송하기로 하여, 관여 대법관의 일치된 의견으로 주문과 같이 판결한다.대법관 권순일(재판장) 박보영(주심) 김재형 "
210617,이혼등청구의소,2016르23199,서울고등법원,내용없음,"원고, 피항소인 겸 항소인 원고 (소송대리인 변호사 이경민)피고, 항소인 겸 피항소인 피고 (소송대리인 법무법인 혜안 담당변호사 신동호)사건본인 사건본인 1 외 1인제1심판결 서울가정법원 2016. 11. 9. 선고 2016드합30005 판결변론종결2017. 5. 16.주    문  1. 제1심판결 중 재산분할 청구 부분을 아래와 같이 변경한다.    가. 피고는 원고로부터 108,000,000원을 지급받음과 동시에 원고에게 별지1 목록 기재 부동산에 관하여 이 판결 확정일자 재산분할을 원인으로 한 소유권이전등기절차를 이행하고,     나. 원고는 피고로부터 별지1 목록 기재 부동산에 관하여 이 판결 확정일자 재산분할을 원인으로 한 소유권이전등기절차를 이행받음과 동시에 피고에게 108,000,000원을 지급하라.  2. 원고의 위자료 청구 부분에 대한 항소, 재산분할 청구 부분에 대한 나머지 항소, 피고의 재산분할 청구 부분, 양육비 청구 부분에 대한 항소를 각 기각한다.  3. 소송총비용 중 1/4은 원고가, 나머지는 피고가 각 부담한다.청구취지 및 항소취지1. 청구취지  원고와 피고는 이혼한다. 피고는 원고에게 위자료로 5,000만 원 및 이에 대하여 2016. 1. 25.부터 이 사건 제1심판결 선고일까지는 연 5%의, 그 다음날부터 다 갚는 날까지는 연 15%의 각 비율로 계산한 돈을 지급하라. 피고는 원고에게 재산분할로 578,204,504원 및 이에 대하여 이 사건 제1심판결 선고일까지는 연 5%의, 그 다음날부터 다 갚는 날까지는 연 15%의 비율에 의한 돈을 지급하라. 사건본인들의 친권자 및 양육자로 원고를 지정한다. 피고는 원고에게 사건본인들에 대한 양육비로 이 사건 소장 부본 송달 다음날부터 사건본인들이 성년에 이르기까지 매월 말일에 사건본인 1인당 100만 원씩 지급하라(당심에 이르러 재산분할 부분에 대한 청구취지를 확장하고, 위자료 부분에 대한 지연이자 부분을 감축하였다).2. 항소취지  가. 원고: 제1심판결 중 위자료 부분, 재산분할 부분을 청구취지 해당 부분 기재와 같이 변경한다.   나. 피고: 제1심판결 중 재산분할 부분, 양육비 부분을 다음과 같이 변경한다. 재산분할로, 피고는 원고로부터 315,000,000원을 지급받음과 동시에 원고에게 별지1 목록 기재 부동산에 관하여 이 판결 확정일자 재산분할을 원인으로 한 소유권이전등기절차를 이행하고, 원고는 피고로부터 별지1 목록 기재 부동산에 관하여 이 판결 확정일자 재산분할을 원인으로 한 소유권이전등기절차를 이행받음과 동시에 피고에게 315,000,000원을 지급하라. 피고는 원고에게 사건본인들의 양육비로 2016. 12. 1.부터 (일자 1 생략)까지는 월 170만 원, 그 다음날부터 (일자 2 생략)까지는 월 85만 원씩 매월 말일에 지급하라.이    유1. 이 법원의 심판범위  제1심판결 중 이혼, 양육자 지정 부분에 대한 판단은 확정되었으므로, 이 법원의 심판범위는 이혼, 양육자 지정 부분을 제외한 나머지 부분에 한정된다.2. 위자료 청구에 관한 판단  이 법원이 이 부분에 관하여 설시할 이유는, 다음 내용을 추가하는 외에는 원고가 당심에서 보완한 주장을 모두 고려하더라도 제1심판결의 이유 중 “1. 기초사실”, “2. 이혼 및 위자료 청구에 대한 판단” 부분 기재와 같으므로, 가사소송법 제12조, 민사소송법 제420조 본문에 의하여 이를 그대로 인용한다.   ○ 제1심판결문 제4쪽 19행의 “상당하다” 다음에 “(원고는, 피고의 상간녀인 소외 1이 ○○○○ 메시지 등을 통해 원고에게 모욕적인 메시지를 보내고 있는 점을 참작하여 피고에 대한 위자료 액수를 높여야 한다는 취지로 주장하나, 원고가 소외 1에게 손해배상을 청구하는 것은 별론으로 하고, 피고가 소외 1의 위와 같은 행위에 가담하였다는 점을 인정할만한 증거가 없는 이상 위와 같은 사정은 피고에 대한 위자료 액수를 산정함에 있어 고려할만한 사유는 아니다).”를 추가한다.3. 재산분할 청구에 관한 판단가 분할대상 재산 및 가액  별지2. 분할재산명세표 기재(제1심판결의 분할재산명세표 내역 중 ‘원고 적극재산 순번11’ 기재 ‘예상퇴직급여액’이 ‘150,081,580원’에서 ‘0원’으로 정정되었다)와 같다.나. 원고의 주장에 대한 판단    1) 유안타증권 계좌  원고는 유안타증권의 주식자금 45,650,406원의 경우, 친정아버지가 준 300만 원을 종잣돈으로 하여 생일이나 명절에 받은 돈, 장학금 중 일부를 모아 만든 것으로 여기에 대한 피고의 기여는 전혀 없었고 증권계좌를 통해 자금을 운용하는데에도 피고는 관여하지 않았으므로 이는 재산분할 대상 재산에서 제외되어야 한다고 주장한다.  살피건대, 재산분할제도는 혼인 중에 취득한 실질적인 공동재산을 청산 분배하는 것을 주된 목적으로 하는 것이고, 부부 일방의 특유재산은 원칙적으로 분할대상이 되지 아니하나 특유재산일지라도 다른 일방이 적극적으로 특유재산의 유지에 협력하여 감소를 방지하였거나 증식에 협력하였다고 인정되는 경우에는 분할 대상이 될 수 있다(대법원 1993. 5. 25. 선고 92므501 판결 등 참조). 위 원고 명의 유안타증권 계좌의 경우 주로 원고의 자투리 돈을 모아 만든 것으로 보이는 사정이 있기는 하나, 부부공동생활 중에 위 계좌가 운용되었고 피고가 혼인기간 중 직장을 다니는 등 고정적 수입을 얻고 그 돈으로 가정의 경제활동을 하여 왔던 점을 고려하면, 원고가 위 증권계좌를 통해 자산을 유지·증식하는데 피고의 기여가 없었다고 볼 수는 없다.   그러므로 위 증권계좌는 명의에 상관 없이 실질적인 부부공동재산으로 보아야 한다.  원고의 위 주장은 이유 없다.    2) 공무원연금 일시불 산정분  원고는, 피고의 국민연금도 일시금으로 산정하여 재산분할 내역에 포함시킬 수 있다면 제1심 판결과 같이 원고의 공무원연금도 일시불로 산정하여 재산분할 대상에 포함시키는 것에 찬성하나 제1심 판결은 원고의 공무원연금에 대해서만 일시불로 산정하여 재산분할 대상으로 보았으므로 이는 국민연금과의 균형에 어긋나 불합리하다는 취지로 주장한다.  살피건대, 국민연금과 마찬가지로 2016. 1. 1.부터 시행된 개정 공무원연금법에 의하면 이혼한 배우자도 공무원연금법상 일정한 요건을 갖춘 경우 연금을 분할하여 지급받을 수 있는 규정을 두고 있는바(공무원연금법 제46조의3), 원고의 예상퇴직급여액 중 연금적 성격을 가진 부분에 관하여는 피고가 별도의 요건을 갖추어 청구하는 것은 별론으로 하고, 피고의 국민연금을 피고의 적극재산에 반영하지 않은 이상 원고의 공무원연금 예상퇴직급여액 역시 원고의 적극재산에서 제외함이 옳다.다. 피고의 주장에 대한 판단    1) 피고의 모친에 대한 대여금채무  피고는 혼인기간 중 어머니인 소외 2로부터 1억 8,600만 원을 빌렸고, 그 중 3,330만 원을 변제하였으므로, 약 1억 5,000만 원의 채무가 남아 있다고 주장한다.  살피건대, 을 제8호증의 1, 2의 각 기재 및 2016. 5. 16.자 국민은행의 금융거래정보 회신결과에 따르면, 소외 2가 피고에게 2012. 9. 5. 5,600만 원, 2014. 3. 26. 3,000만 원을 각 송금한 사실, 피고가 소외 2에게 2013. 10. 18. 1,300만 원, 2013. 10. 29. 1,030만 원을 각 송금한 사실, 피고가 2012. 11.부터 현재까지 매월 1회 소외 2에게 35만 원을 송금해온 사실(2013. 12.초부터 2014. 3. 30.까지는 매월 20만 원 송금)은 인정된다. 그러나 피고는 제1심 변론 과정에서 당초 분할재산명세표에 ‘피고의 모친에 대한 채무금’을 기재하지 않은 채 단순히 ‘피고의 어머니가 아파트를 거래하는 과정에서 1억 5,000만 원 정도를 지원해 주었다’고 밝혔고(2016. 6. 3.자 피고 제출 준비서면), 부모가 자녀에게 증여 의사로 목돈을 주는 경우도 드물지 않은 사정에 비추어 보면, 위 인정사실만으로는 피고가 모친에 대하여 1억 5,000만 원 정도의 채무를 부담한다는 점을 인정하기에 부족하고, 달리 이를 인정할만한 증거가 없다.  피고의 위 주장은 이유 없다.    2) 서울 도봉구 (주소 생략)(이하 ‘이 사건 아파트’라고 한다) 시가  피고는, 이 사건 아파트(별지2 분할재산명세표 원·피고 적극재산 순번1, 원·피고의 주거지)의 가액을 KB시세에 따라 535,000,000원(1/2지분가치: 267,500,000원)으로 평가한 것은 잘못된 것이고, 2014년경 4,000만 원 가량의 수리비를 들여 인테리어를 하였으므로 일반적인 시세보다 높은 상위평균가 560,000,000원(1/2지분가치: 280,000,000원)을 적용하여야 한다고 주장한다.  그러므로 보건대, 아파트의 시세는 주로 단지 내 위치, 층수 등 고정적인 요인에 따라 주로 영향을 받고, 최근에 내부 인테리어 공사를 실시했다고 하여 평가액이 달라진다고 볼 여지가 적다는 사정에 비추어 볼 때, 피고가 주장하는 사유만으로는 이 사건 아파트의 시가를 상위평균가로 산정해야 할 근거가 없다.  피고의 위 주장 역시 이유 없다.라. 재산분할의 비율과 방법    1) 재산분할의 비율 : 원고 55%, 피고 45%     판단근거 원고와 피고의 나이, 직업, 재산 및 경제력, 혼인생활의 과정과 기간, 혼인파탄의 경위, 위 분할대상 재산의 형성과 유지에 대한 원고와 피고의 기여 정도, 기타 제반 사정(피고가 다니던 회사를 그만두고 2009. 5.경부터 2년여에 가까운 시간 동안 기술사 자격증 취득을 위한 공부를 하는 동안 별다른 수입이 없었던 점, 이에 반해 원고는 공백 없이 경제활동을 하여 가정경제를 꾸려왔던 점, 2015년 기준 원고의 급여 합계액은 5,700여만 원이고 피고의 급여 합계액은 3,500여만 원으로 원고가 피고보다 더 많은 급여를 수령하고 있는 점, 원고가 경제활동을 하면서도 사건본인들의 양육을 거의 전적으로 맡아온 점 등)을 참작하여 피고에 대한 재산분할 비율을 제1심 판결과 동일하게 정한다.    2) 재산분할의 방법 : 분할대상 재산의 명의와 형태, 취득경위, 분할의 편의성 등을 고려하여, 피고는 이 사건 아파트 중 1/2 지분에 관하여 원고에게 지분이전등기를 해주고, 이에 따라 피고에게 궁극적으로 귀속되어야 할 금액 중 부족한 부분을 원고가 피고에게 현금으로 지급하도록 한다.     3) 원고가 피고에게 지급하여야 하는 재산분할금 계산식  ① 원고와 피고의 순재산 중 재산분할의 비율에 따른 피고의 몫             원고와 피고의 순재산 합계 890,978,084원×45%=400,940,137원         ② 피고가 이 사건 아파트 중 1/2 지분을 원고에게 이전함에 따라 원고가 피고에게 지급할 재산분할금: 아래 계산액을 약간 하회하는 108,000,000원             400,940,137원-(560,393,334원-267,500,000원)=108,046,803원마. 소결  따라서, 재산분할로, 피고는 원고로부터 108,000,000원을 지급받음과 동시에 원고에게 이 사건 아파트 중 1/2 지분에 관하여 이 판결 확정일자 재산분할을 원인으로 한 지분이전등기절차를 이행할 의무가 있고, 원고는 피고로부터 위 지분이전등기절차를 를 이행받음과 동시에 피고에게 재산분할로 108,000,000원을 지급할 의무가 있다.4. 양육비 청구에 관한 판단  이 법원이 이 부분에 관하여 설시할 이유는, 다음 내용을 추가하는 외에는 피고가 당심에서 보완한 주장을 모두 고려하더라도 제1심 판결의 이유 중 “4. 나. 양육비” 부분 기재와 같으므로, 가사소송법 제12조, 민사소송법 제420조 본문에 의하여 이를 그대로 인용한다.   ○ 제1심판결문 제7쪽 18행의 “의무가 있다” 다음에 “(피고는, 원고가 피고 명의 신용카드를 사용한 액수와 피고가 납부한 공과금을 합하면 제1심 판결에서 지급을 명한 2016. 1.경부터의 양육비에 상당하므로 과거 양육비는 인정되어서는 안된다는 취지로 주장하나, 을 제13호증의 1, 2, 을 제14호증의 기재만으로는 위 돈을 원고가 사용했다고 인정하기에 부족하고 신용카드 사용액과 공과금이 일부 중복되는 것으로도 보여 이러한 사정만으로는 피고가 제1심 판결에서 명한 양육비 지급의무를 다하였다고 인정될 수 없다).”를 추가한다.5. 결론  제1심판결 중 위자료 청구 부분은 정당하므로 원고의 이 부분 항소는 이유 없어 이를 기각하고, 재산분할 청구 부분에 관하여는 위와 같이 정할 것인바 제1심판결 중 재산분할 청구 부분은 이와 결론을 일부 달리하여 부당하므로 이에 대한 원고의 항소를 일부 받아들여 위와 같이 변경하고, 나머지 부분은 이와 결론을 같이하여 정당하므로 원고의 나머지 항소와 피고의 항소를 기각하며, 양육비 청구 부분은 정당하므로 피고의 항소를 기각하기로 하여, 주문과 같이 판결한다. 별지 생략판사 김용대(재판장) 류재훈 박정운 "
210711,이혼등청구의소,2016드합30005,서울가정법원,내용없음,"원    고 원고 (소송대리인 변호사 이경민 외 1인)피    고 피고 (소송대리인 법무법인 혜안 담당변호사 신동호)사건본인 사건본인 1 외 1인변론종결2016. 10. 26.주    문  1. 원고와 피고는 이혼한다.  2. 피고는 원고에게 위자료로 3,000만 원 및 이에 대하여 2016. 1. 25.부터 2016. 11. 9.까지는 연 5%의, 그 다음날부터 다 갚는 날까지는 연 15%의 각 비율에 의한 돈을 지급하라.   3. 원고의 나머지 위자료 청구를 기각한다.  4. 재산분할로    가. 피고는 원고로부터 1억 7,500만 원을 지급받음과 동시에 원고에게 별지 1 목록 기재 부동산에 관하여 이 판결 확정일자 재산분할을 원인으로 한 소유권이전등기절차를 이행하고,     나. 원고는 피고로부터 별지 1 목록 기재 부동산에 관하여 이 판결 확정일자 재산분할을 원인으로 한 소유권이전등기절차를 이행받음과 동시에 피고에게 1억 7,500만 원을 지급하라.  5. 사건본인들의 친권자 및 양육자로 원고를 지정한다.  6. 피고는 원고에게 사건본인들의 양육비로 2016. 1.부터 (일자 1 생략)까지는 월 200만원, 그 다음날부터 (일자 2 생략)까지는 월 100만 원씩 매월 말일에 지급하라.  7. 소송비용 중 2/5는 원고가, 3/5은 피고가 각 부담한다.  8. 제2항 및 제6항은 가집행할 수 있다.청구취지  원고와 피고는 이혼한다. 피고는 원고에게 위자료로 5,000만 원 및 이에 대하여 이 사건 소장 부본 송달 다음날부터 다 갚는 날까지 연 15%의 비율에 의한 돈을 지급하라. 피고는 원고에게 재산분할로 424,050,000원 및 이에 대하여 이 사건 판결 확정일 다음날부터 다 갚는 날까지 연 15%의 비율에 의한 돈을 지급하라. 사건본인들의 친권자 및 양육자로 원고를 지정한다. 피고는 원고에게 사건본인들에 대한 양육비로 이 사건 소장 부본 송달 다음날부터 사건본인들이 성년에 이르기까지 매월 말일에 사건본인 1인당 100만 원씩 지급하라.이    유1. 기초사실  가. 원고와 피고는 1997. 5. 15. 혼인신고를 마쳤고, 슬하에 사건본인 1(생년월일 1 생략)과 사건본인 2(생년월일 2 생략)를 두었다.  나. 혼인신고 이후, 원고는 현재까지 고등학교 수학 교사로 계속 경제활동을 해왔고, 피고는 2001. 2. 8.까지는 소외 3 주식회사에서, 2001. 3. 5.부터 2004. 5. 19.까지는 소외 4 회사에서, 2004. 5. 24.부터 2009. 4. 30.까지는 소외 5 회사에서 근무하였고, 이후 기술사자격증을 취득한 뒤 2011년 하반기경부터 소외 6 주식회사에서 근무해오고 있다.  다. 피고는 2014년 말경 나이트클럽에서 소외 1을 알게 되어 정기적으로 만남을 가져왔고, 원고는 피고가 2015. 12. 6. 피고의 차에서 소외 1과 성관계를 가진 알게 되었다.  라. 원고는 2015. 12. 9. 소외 1에게 ○○○○ 메시지를 통해 2015. 12. 6. 피고의 차 안에서 성관계를 가진 것에 대하여 묻자 처음에는 ‘몬가 대단히 잘못 알고 있나본데, 나를 첨부터 성폭행한건 댁 남편이세요. 그리고 그 날도 안 만나려고 했는데 세시간이나 밖에서 기다렸다고 해서 예의상 만나드린거고. 제가 피해자라는 것만 아세요. 남편이 제비에 사기꾼이 아니라면 이런 식으로 톡 보내지 마시고요’라고 답을 보냈다. 원고가 이에 대해 피고가 소외 1을 성폭행한 것이 아니었다고 주장하며 혼인파탄에 대한 책임을 묻겠다는 취지의 메시지를 보내자, 소외 1은 원고에게 ‘그럼 피고씨랑 합의이혼 하세요. 다주고 몸만 나오라고 할께요. 어차피 나도 그럴거니까, 피고씨랑 이혼하시면 저도 남편이랑 이혼할께요.’라는 메시지를 보냈다.인정근거 다툼 없는 사실, 갑 1 내지 10호증, 을 9호증의 각 기재(가지번호 있는 것은 각 가지번호 포함), 가사조사관의 가사조사보고서 및 변론 전체의 취지2. 이혼 및 위자료 청구에 관한 판단  위 인정사실에 의하면, 피고는 혼인기간 중 소외 1과 부정한 행위를 하였고, 원고와 피고의 혼인관계는 이로 인하여 더는 회복할 수 없을 정도로 파탄되었다고 보는 것이 상당하며, 이는 민법 제840조 제1호에서 정한 이혼사유에 해당한다.   나아가 혼인파탄의 주된 책임이 있는 피고는 그로 인하여 원고가 입은 정신적 고통을 위자할 의무가 있는바, 그 액수는 원고와 피고의 혼인 기간과 파탄경위, 피고의 부정행위의 내용과 그 기간, 책임의 정도, 원고와 피고의 나이, 직업, 가족관계 등 이 사건 변론에 나타난 제반 사정을 참작하여 30,000,000원으로 정함이 상당하다. 3. 재산분할 청구에 관한 판단  가. 분할대상 재산 및 가액 : 별지 2 분할재산명세표 기재와 같음(원고의 장래 예상되는 공무원퇴직금을 재산분할대상에 포함시켜 아래와 같이 재산을 분할하는 이상, 공무원연금법 제46조의 4에 따라 이 사건 이혼 이후 같은 법 제462조의 3이 적용될 여지는 없다).   나. 피고의 주장에 대한 판단     피고는 혼인기간 중 어머니인 소외 2로부터 1억 8,600만 원을 빌렸고, 그 중 3,330만 원을 변제하였으므로, 약 1억 5,000만 원의 채무가 남아 있다고 주장한다. 살피건대, 을 8호증의 1, 2의 각 기재 및 2016. 5. 16.자 국민은행의 금융거래정보회신에 의하면, 소외 2가 피고에게 2012. 9. 5. 5,600만 원을, 2014. 3. 26. 3,000만 원을 각 송금한 사실, 2014. 4. 9. 피고 명의로 별지 1 목록 기재 부동산의 전 소유자인 소외 7에게 7,000만 원을 송금하면서 작성된 확인증의 ‘면제 수수료 1,500원’ 하단에 ‘경로우대’라고 기재된 사실, 피고가 소외 2에게 2013. 10. 18. 1,300만 원, 2013. 10. 29. 1,030만 원을 각 송금한 사실, 피고가 2012. 11.부터 현재까지 매월 1회 소외 2에게 35만 원을 송금해온 사실(2013. 12.초부터 2014. 3. 30.까지는 매월 20만 원 송금) 등을 인정할 수 있다. 위 인정사실에 의하면, 피고가 위 아파트 등 부동산을 매수함에 있어 소외 2가 금전적인 도움을 준 사실은 인정되나, 한편 위와 같은 금전적 도움을 대여라고 하려면 2012. 9. 5.부터 2013. 10. 29.까지의 이자와 그 이후의 이자가 달라져야 하는데 피고는 늘 일정한 돈을 소외 2에게 송금한 점, 피고 또한 2016. 6. 3.자 준비서면에서 소외 2가 부동산 매수 과정에서 1억 5,000만 원 정도를 지원하여 주었다는 부분을 강조한 점 등에 비추어 보면, 피고가 소외 2에 대해 1억 5,000여만 원 가량의 금전 채무를 부담하고 있다고 보기 어렵고, 달리 이를 인정할 증거가 없다 (다만, 피고 어머니가 금전적 도움을 준 사정은 재산분할의 비율을 정함에 있어 참작하도록 한다).  다. 재산분할의 비율과 방법     1) 재산분할의 비율 : 원고 55%, 피고 45%     판단근거 앞서 본 바와 같이 피고의 어머니가 여러 차례에 걸쳐 원고와 피고에게 1억 5,600만 원을 지원한 바 있으나, 피고 또한 어머니에게 2012. 11.부터 현재까지 매월 35만 원 가량을 송금해왔고(2013. 12.초부터 2014. 3. 30.까지는 매월 20만 원 송금), 2013년 10월 3차례에 걸쳐 3,330만 원을 송금한 점, 피고가 다니던 회사를 그만두고 2009. 5.경부터 2년여에 가까운 시간 동안 기술사 자격증 취득을 위한 공부를 하는 동안 별다른 수입이 없었던 점, 이에 반해 원고는 공백 없이 경제활동을 하여 예상 퇴직금 액수가 상당하고, 2015년의 경우 피고 주장에 의하더라도 원고의 급여 합계액은 5,700여만 원이고 피고의 급여 합계액은 3,500여만 원으로 원고가 피고보다 더 많은 급여를 수령한 점, 원고가 이처럼 경제활동을 하면서도 사건본인들의 양육을 거의 전적으로 맡아온 점 등 분할대상 적극재산의 취득경위 및 이용현황, 그 형성 및 유지에 대한 원·피고의 기여 정도, 원·피고의 나이, 직업, 혼인생활의 과정과 기간 등 여러 사정을 참작     2) 재산분할의 방법 : 분할대상 재산의 명의와 형태, 취득경위, 분할의 편의성 등을 고려하여, 피고는 이 사건 아파트 중 1/2 지분에 관하여 원고에게 지분이전등기를 해주고, 이에 따라 피고에게 궁극적으로 귀속되어야 할 금액 중 부족한 부분을 원고가 피고에게 현금으로 지급하도록 함.     3) 원고가 피고에게 지급하여야 하는 재산분할금       계산식  ① 원고와 피고의 순재산 중 재산분할의 비율에 따른 피고의 몫                  원고와 피고의 순재산 합계 1,041,059,664원 × 45% = 468,476,848원                ② 피고가 이 사건 아파트 중 1/2 지분을 원고에게 이전함에 따라 원고가 피고에게 지급할 재산분할금 : 아래 계산액을 약간 하회하는 1억 7,500만 원                   468,476,848원-(560,393,334원-267,500,000원)=175,583,514원  라. 소결    따라서, 재산분할로, 피고는 원고로부터 1억 7,500만 원을 지급받음과 동시에 원고에게 이 사건 아파트 중 1/2 지분에 관하여 이 판결 확정일자 재산분할을 원인으로 한 지분이전등기절차를 이행할 의무가 있고, 원고는 피고로부터 위 지분이전등기절차를 를 이행받음과 동시에 피고에게 재산분할로 1억 7,500만 원을 지급할 의무가 있다.4. 사건본인들의 친권자와 양육자 지정, 양육비, 면접교섭에 관한 판단  가. 친권자 및 양육자 : 원고를 지정함.   판단근거 원고가 사건본인들을 주로 양육하고 있는 점, 원·피고의 혼인 파탄 경위, 양육 환경, 사건본인들의 나이, 성별 등 여러 사정을 참작하여 위와 같이 정함.   나. 양육비     피고는 원고에게 양육비로 이 사건 소장 부본을 송달받은 날 다음날인 2016. 1. 25.부터 사건본인 1이 성년이 되는 날의 전날인 (일자 1 생략)까지는 월 200만 원, 그 다음날부터 사건본인 2가 성년이 되는 날의 전날인 (일자 2 생략)까지는 월 100만 원씩 매월 말일에 지급할 의무가 있다.      판단근거 원고와 피고의 나이, 직업 및 소득능력, 재산, 사건본인들의 나이 및 양육상황, 이 법원이 2014. 5. 30. 공표한 양육비 산정기준표 등을 참작함.5. 결론  그렇다면 이 사건 이혼 청구는 이유 있어 인용하고, 위자료 청구는 위 인정범위 내에서 이유 있어 이를 인용하고 나머지 청구는 이유 없어 이를 기각하며, 재산분할 청구 및 사건본인들의 친권자와 양육자 지정, 양육비에 관하여는 위와 같이 정하기로 하여 주문과 같이 판결한다. 별지 생략판사 최은주(재판장) 윤지상 김희영 "
236443,이혼및친권자지정(과태료결정에대한이의신청),2016드단1857,전주지방법원,"
","문서소지인 에스케이텔레콤 주식회사약식결정일2016. 9. 5.주    문  문서소지인을 과태료 5,000,000원에 처한다.이    유  이 법원의 2016. 8. 23.자 문서제출명령이 2016. 8. 26. 문서소지인에게 송달되어 확정되었음에도 문서소지인이 이에 따르지 아니하였으므로 민사소송법 제351조, 제318조, 제311조 제1항에 따라 주문과 같이 결정한다.판사 허윤범 
"
182851,이혼·이혼등,2015르717,서울고등법원,"甲과 乙은 법률상 부부로서 두 명의 자녀를 두었는데, 甲이 집을 나가 丙과 동거하며 그 사이에 두 명의 자녀를 두었고, 乙과는 생활비 등 금전 지급을 위한 경우를 제외하고는 서로 별다른 연락 없이 지내다가, 甲이 乙을 상대로 이혼을 청구하고, 乙은 甲을 상대로 예비적 반소로 재산분할 등을 청구한 사안에서, 甲과 乙의 혼인생활은 약 15년간의 별거로 혼인의 실체가 완전히 해소되고 각자 독립적인 생활관계를 갖기에 이른 점, 甲과 乙은 별거기간 중 서로 관계 회복을 위하여 아무런 노력을 하지 아니한 점, 甲이 乙과 그 사이의 자녀들에게 생활비, 양육비, 결혼 비용 등을 지속적으로 지급하여 별거기간 동안 경제적 부양의무를 소홀히 하지 아니한 점 등을 종합하면, 甲과 乙의 혼인에는 민법 제840조 제6호의 “혼인을 계속하기 어려운 중대한 사유가 있을 때”라는 이혼원인이 존재하고, 제반 사정에 비추어 별거 이후에 생긴 재산관계의 변동이 甲 일방에 의한 후발적 사정에 의한 것으로 보기 어렵고 乙의 기여가 있었으므로, 별거 이후에 甲 명의로 취득한 재산도 재산분할의 대상이 된다고 한 사례.","원고(반소피고), 피항소인 겸 부대항소인 피고(반소원고), 항소인 겸 부대피항소인 제1심판결 수원지법 2015. 1. 22. 선고 2014드합592, 608 판결변론종결2016. 1. 26.주    문1. 제1심판결 중 반소 재산분할 청구 부분을 다음과 같이 변경한다.원고(반소피고)는 피고(반소원고)에게 재산분할로 207,000,000원 및 이에 대하여 이 판결 확정일 다음 날부터 다 갚는 날까지 연 5%의 비율에 의한 금원을 지급하라.2. 원고(반소피고)의 부대항소 및 피고(반소원고)의 나머지 항소를 각 기각한다.3. 소송총비용은 본소, 반소를 합하여 각자 부담한다.청구취지, 항소취지 및 부대항소취지1. 청구취지가. 본소원고(반소피고, 이하 원고라 한다)와 피고(반소원고, 이하 피고라 한다)는 이혼한다.나. 반소원고의 본소 청구가 인용되는 것을 조건으로, 원고는 피고에게, 위자료로 1억 원 및 이에 대하여 반소장 송달 다음 날부터 제1심판결 선고일까지는 연 5%의, 그 다음 날부터 다 갚는 날까지는 연 20%의 각 비율에 의한 금원을, 재산분할로 514,800,000원 및 이에 대하여 이 판결 확정일 다음 날부터 다 갚는 날까지 연 5%의 비율에 의한 금원을 각 지급하라.2. 항소취지제1심판결 중 본소 부분을 취소하고, 원고의 본소 청구를 기각한다. 원고의 본소 청구가 인용되는 것을 조건으로, 제1심판결의 반소 부분 중 아래에서 추가로 지급을 명하는 부분에 해당하는 피고 패소 부분을 취소한다. 원고는 피고에게, 위자료로 20,000,000원 및 이에 대하여 이 사건 예비적 반소장 송달 다음 날부터 당심판결 선고일까지는 연 5%의, 그 다음 날부터 다 갚는 날까지는 연 20%의 각 비율에 의한 금원을, 재산분할로 499,800,000원 및 이에 대하여 이 판결 확정일 다음 날부터 다 갚는 날까지 연 5%의 비율에 의한 금원을, 각 지급하라.3. 부대항소취지제1심판결의 반소 중 원고에 대하여 위자료로 50,000,000원을 초과하여 지급을 명한 원고 패소 부분과 재산분할에 관한 원고 패소 부분을 취소하고, 그 취소 부분에 해당하는 피고의 반소 청구를 기각한다.이    유  1. 인정 사실  가. 원고와 피고는 1983. 2. 23. 혼인신고를 마친 법률상 부부로서 그 사이에 소외 1(1984. 1. 19.생)과 소외 2(1986. 4. 3.생)를 자녀로 두고 있다.  나. 원고와 피고는 결혼 후 6개월이 경과할 무렵인 1983년경 캐나다에 이주하여 생활하다가 1990. 4.경 귀국하여 서울 서초구 ○○아파트에 전세를 얻어 생활하였다.  다. 원고는 2001년경 소외 3 주식회사 지사장으로 발령받아 근무하면서 알게 된 소외 4(개명 전 소외 4)와 교제하였고, 2001. 4.경 집을 나가 서울 강남구 논현동 소재 원룸에서 소외 4와 동거하기 시작하였으며, 이후 그 사이에 자녀 소외 5(여, 변경 전 이름 소외 5, 2003. 7. 10.생)와 소외 6(남, 2012. 3. 7.생)을 낳아 현재까지 함께 살고 있다.  라. 피고는 2003년경 자녀 소외 1, 소외 2를 데리고 캐나다로 이주하여 생활하다가 2007년경 귀국하였고, 이후 아들인 소외 2도 귀국하여 결혼하였으며, 딸인 소외 1은 캐나다에서 거주하고 있다.  마. 한편 원고는 2006. 7. 26. 피고를 상대로 수원지방법원 2006드단13473호로 ‘피고가 원고의 부모에게 폭언하고 무리하게 돈을 요구하는 등 부당한 대우를 일삼아 원고와의 사이에 갈등을 일으켰고 이로 인하여 혼인관계가 파탄되었다’는 이유로 이혼을 구하는 소를 제기하였으나, 위 법원은 2007. 10. 24. ‘원고가 소외 4와 동거하면서 아이를 출산하는 등 부정한 행위를 하였고 그로 인하여 원고와 피고 사이의 혼인관계는 실질적으로 파탄되었다’는 이유로 유책배우자인 원고의 이혼 청구를 기각하는 판결을 선고하였다. 원고는 위 판결에 불복하여 수원지방법원 2007르1772호로 항소하였으나 위 법원은 2008. 6. 10. ‘원고의 부정행위가 혼인관계 파탄의 근본적이고 주된 원인이 되었고, 피고가 혼인을 계속할 의사가 없이 오기나 보복의 감정에 의하여 이혼에 응하지 않고 있다고 보기 어렵다’는 이유로 원고의 항소를 기각하는 판결을 선고하였고, 위 판결은 그 무렵 확정되었다.  바. 원고는 위와 같이 패소판결이 확정된 후 2013. 5. 24. 다시 이 사건 이혼 소송을 제기하였다.  사. 원고와 피고는 2001년경 이후 각자 독립적으로 생활하면서 생활비 등 금전 지급을 위한 경우를 제외하고는 서로 별다른 연락 없이 지냈다. 원고는 별거하기 시작한 2001. 4.경부터 2014. 9.경까지 피고에게 합계 556,158,715원을 송금하였다. 또한 원고는 자녀들의 학비 및 생활비 명목으로 2008. 3. 3.부터 2013. 12. 2.까지 자녀들의 계좌로 미화(USD) 총 264,609.32달러를 송금하고, 2014. 1. 1.부터 2014. 11. 21.까지 자녀들의 계좌로 미화 총 32,179.89달러를 송금하였다. 원고는 자녀들로 하여금 원고의 현대카드를 사용하게 하여 자녀들은 2011. 8.경부터 2014. 11. 10.까지 캐나다와 한국을 오가며 총 104,417,512원을 사용하였다.  아. 원고는 현재까지 일관되게 이혼을 바라고 있는 반면, 피고는 여전히 이혼을 원하지 않고 있다.  인정 근거 갑 제1 내지 4, 8 내지 10, 14 내지 18호증의 각 기재(가지번호 있는 경우 가지번호 포함), 제1심법원의 한국씨티은행에 대한 금융거래정보 제출명령 결과, 제1심 가사조사관 작성 가사조사보고서의 기재, 변론 전체의 취지  2. 본소 이혼 청구에 관한 판단  가. 관련 법리  혼인생활의 파탄에 대하여 주된 책임이 있는 배우자는 원칙적으로 그 파탄을 사유로 하여 이혼을 청구할 수 없다(대법원 1993. 4. 23. 선고 92므1078 판결 참조).  그러나 유책배우자의 이혼 청구를 허용하지 아니하는 것은 혼인제도가 요구하는 도덕성에 배치되고 신의성실의 원칙에 반하는 결과를 방지하려는 데 있으므로, 혼인제도가 추구하는 이상과 신의성실의 원칙에 비추어 보더라도 그 책임이 반드시 이혼 청구를 배척해야 할 정도로 남아 있지 아니한 경우에는 그러한 배우자의 이혼 청구는 혼인과 가족제도를 형해화할 우려가 없고 사회의 도덕관·윤리관에도 반하지 아니한다고 할 것이므로 허용될 수 있다고 보아야 한다.  따라서 상대방 배우자도 혼인을 계속할 의사가 없어 일방의 의사에 의한 이혼 내지 축출이혼의 염려가 없는 경우는 물론, 나아가 이혼을 청구하는 배우자의 유책성을 상쇄할 정도로 상대방 배우자 및 자녀에 대한 보호와 배려가 이루어진 경우, 세월의 경과에 따라 혼인파탄 당시 현저하였던 유책배우자의 유책성과 상대방 배우자가 받은 정신적 고통이 점차 약화되어 쌍방의 책임의 경중을 엄밀히 따지는 것이 더 이상 무의미할 정도가 된 경우 등과 같이 혼인생활의 파탄에 대한 유책성이 그 이혼 청구를 배척해야 할 정도로 남아 있지 아니한 특별한 사정이 있는 경우에는 예외적으로 유책배우자의 이혼 청구를 허용할 수 있다. 이와 같이 유책배우자의 이혼 청구를 예외적으로 허용할 수 있는지를 판단할 때에는, 유책배우자의 책임의 태양·정도, 상대방 배우자의 혼인계속의사 및 유책배우자에 대한 감정, 당사자의 연령, 혼인생활의 기간과 혼인 후의 구체적인 생활관계, 별거기간, 부부간의 별거 후에 형성된 생활관계, 혼인생활의 파탄 후 여러 사정의 변경 여부, 이혼이 인정될 경우의 상대방 배우자의 정신적·사회적·경제적 상태와 생활보장의 정도, 미성년 자녀의 양육·교육·복지의 상황, 그 밖의 혼인관계의 여러 사정을 두루 고려하여야 한다(대법원 2015. 9. 15. 선고 2013므568 전원합의체 판결 참조).  나. 이 사건에 대한 검토  1) 살피건대, 위 인정 사실 및 위 각 증거들에 의하여 인정되는 다음과 같은 사정을 종합하면, 원고와 피고의 혼인은 혼인의 본질에 상응하는 부부공동생활 관계가 회복할 수 없을 정도로 파탄되고, 그 혼인생활의 계속을 강제하는 것이 일방 배우자에게 참을 수 없는 고통이 된다고 할 것이며, 혼인제도가 추구하는 목적과 민법의 지도이념인 신의성실의 원칙에 비추어 보더라도 현시점에서의 혼인관계의 파탄에 대한 원고의 유책성이 반드시 원고의 이혼 청구를 배척하지 않으면 아니 될 정도로 여전히 남아 있다고 단정할 수 없다. 따라서 원고와 피고의 혼인에는 민법 제840조 제6호 소정의 “혼인을 계속하기 어려운 중대한 사유가 있을 때”라는 이혼원인이 존재한다.  ① 원고와 피고의 혼인생활은 2001. 4.경부터 현재까지 약 15년간의 별거로 인하여 혼인의 실체가 완전히 해소되고 원고와 피고 각자 독립적인 생활관계를 갖기에 이르렀으며, 이에 더하여 원고가 위 기간 소외 4와 동거하면서 그 사이에 두 명의 자녀를 출생하게 되었다.  ② 원고와 피고는 위 별거기간 중 생활비 등 금전 지급을 위한 경우를 제외하고는 별다른 연락 없이 지내면서 서로 관계 회복을 위하여 아무런 노력을 하지 아니하였다.  ③ 원고는 2001. 4.경 별거한 때부터 소외 2의 결혼 이후 2014. 6.경까지 피고와 소외 1, 소외 2에게 생활비, 양육비, 결혼 비용 등을 지속적으로 지급하여 별거기간 동안 총 10억 원 정도를 지급하는 등 피고와 자녀들에 대한 경제적 부양의무를 소홀히 하지 아니하였다.  ④ 원고와 피고 사이의 부부공동생활 관계의 해소 상태가 장기화되면서 원고의 유책성도 세월의 경과에 따라 상당 정도 약화되고 원고가 처한 상황에 비추어 그에 대한 사회적 인식이나 법적 평가도 달라질 수밖에 없으므로, 현 상황에 이르러 원고와 피고의 이혼 여부를 판단하는 기준으로 파탄에 이르게 된 데 대한 책임의 경중을 엄밀히 따지는 것의 법적·사회적 의의는 현저히 감쇄되었다고 보인다.  ⑤ 원고와의 이혼을 거절하는 피고의 혼인계속의사는 일반적으로 이혼 여부를 판단함에 있어서 반드시 참작하여야 하는 요소이다. 하지만 피고는 제1심에서 본소 청구가 인용될 것을 조건으로 예비적 반소로 위자료와 재산분할을 구하였고, 본소 이혼 청구를 인용한 제1심판결에 대하여도 반소 위자료와 재산분할 청구 부분에 대하여만 항소를 제기하고 본소 이혼 부분에 대해서는 다투지 아니하다가 2015. 7. 9. 본소 이혼 청구 부분도 다투는 것으로 항소취지를 변경하는 등 피고의 혼인계속의사가 확고하다고 보기 어렵고 경제적인 문제만 해결된다면 원고와 이혼할 의사가 있는 것으로 보인다.  ⑥ 원고와 피고가 처한 현재 상황에 비추어 피고가 이혼을 원하지 않는 의사는 혼인의 실체를 상실한 외형상의 법률혼 관계만을 형식적으로 유지하려는 것과 다름없다고 보이고, 피고에게 혼인계속의사가 있다는 사정만으로 현재와 같은 파탄 상황을 유지하게 되면 원고에게 참을 수 없는 고통을 계속 주는 결과를 가져올 것으로 보인다.  ⑦ 특히 원고와 피고는 모두 캐나다 국적의 외국인으로 캐나다 법에 의하면 1년 이상 별거한 경우 이혼이 인정되는 것으로 보인다.  ⑧ 원고와 소외 4 사이에는 미성년 자녀 2명이 출생하여 원고와 소외 4의 양육과 보호 아래 함께 동거하고 있는 반면에 원고와 피고 사이의 자녀는 모두 성인으로 자녀 소외 1은 캐나다에서 직장생활을 하고 있고 자녀 소외 2는 결혼하여 한국에서 거주하고 있다.  ⑨ 피고가 현재 경제적으로 원고에 비해 열악하기는 하나, 반소 청구에 대한 판단에서 보는 바와 같이 상당한 액수의 위자료와 재산분할을 받아 경제적 기반을 다질 수 있고, 피고의 외국어 능력과 사업 경력 등을 살려 자립할 수 있을 것으로 보인다.  2) 따라서 민법 제840조 제6호를 원인으로 하는 원고의 이혼 청구는 이유 있다.  3. 반소 위자료 청구에 관한 판단  가. 위 인정 사실에 의하면, 원고와 피고의 혼인관계는 원고의 소외 4와의 부정행위로 인하여 파탄에 이르게 되었다고 할 것이고, 이로 인하여 피고가 상당한 정신적 고통을 받았을 것임은 경험칙상 명백하므로 원고는 이를 금전적으로나마 위자할 의무가 있다 할 것이다.  나. 나아가 원고가 피고에게 지급하여야 할 위자료의 액수에 관하여 살펴보면, 원고와 피고의 혼인기간, 혼인이 파탄에 이르게 된 경위, 당사자의 연령 및 재산상황, 그 밖에 이 사건 변론에 나타난 여러 사정을 고려해 보면, 원고가 배상하여야 할 위자료의 액수는 8,000만 원으로 정함이 상당하다. 따라서 원고는 피고에게 위자료로 8,000만 원 및 이에 대하여 피고가 구하는 바에 따라 반소장 부본 송달 다음 날인 2014. 7. 9.부터 원고가 이행의무의 존재 여부 및 범위에 관하여 항쟁함이 타당하다고 인정되는 제1심판결 선고일인 2015. 1. 22.까지는 민법이 정한 연 5%의, 그 다음 날부터 다 갚는 날까지는 소송촉진 등에 관한 특례법이 정한 연 20%의 각 비율에 의한 지연손해금을 지급할 의무가 있다.  4. 반소 재산분할 청구에 관한 판단  가. 재산형성의 경위  1) 원고와 피고는 혼인 이후 6개월이 경과할 무렵인 1983년경부터 1990. 4.경까지 캐나다로 이주하였는데, 원고는 캐나다 영주권을 갖고 있는 피고의 배우자 초청을 통하여 캐나다로 이주하여 학업에 종사하였고, 피고는 캐나다에서 가사와 양육을 담당하였다. 원고와 피고는 원고 부모의 경제적 도움으로 캐나다에서 생활하다가 1990. 4.경 귀국하여 서울 서초구 소재 ○○아파트를 임차하여 거주하였는데 그 임대차보증금은 원고 부모가 마련하였다.  2) 원고는 귀국 이후 소외 3 주식회사에 취직하여 근무하였다. 한편 원고와 피고는 1992. 8. 25.부터 1995. 6. 30.까지 피고 명의로 △△물산이라는 상호로 개인사업체를 설립하여 □□□□□□ 매장을 운영하였고, 1995. 4. 4.부터 1998. 12. 31.까지 소외 7 주식회사(대표자는 피고)라는 회사를 설립하여 함께 운영하면서 □□□□□□ 주얼리와 다른 브랜드의 주얼리를 판매하면서 수익을 올렸다.  3) 원고는 2000년경부터 소외 3 주식회사 지사장으로 발령받아 근무하다가 2013. 4. 30. 중도 퇴직하였는데, 2000. 5. 1.부터 2013. 4. 30.까지 근무기간에 대한 퇴직금으로 153,575,557원을 수령하였다.  4) 한편 피고는 2003년경 자녀인 소외 1, 소외 2와 함께 캐나다로 이주하면서 당시 거주하던 아파트 임대차보증금 1억 6,500만 원을 반환받아 그중 6,500만 원을 캐나다 정착비용으로 사용하였다. 앞서 본 바와 같이 원고는 별거한 이후 피고와 자녀들에게 합계 10억 원 정도의 생활비와 양육비 등을 송금하였다.  5) 원고는 2001. 4.경 피고와 별거하고 소외 4와 서울 강남구 논현동 소재 원룸에서 동거하기 시작하였는데, 당시 별다른 재산을 보유하고 있지는 않았다.  6) 이후 원고는 2004. 3. 8. 서울 강서구 염창동 (주소 1 생략) 101동 206호(이하 ‘이 사건 염창동 아파트’라 한다)에 관하여 2004. 2. 6. 매매를 원인으로 한 소유권이전등기를 마쳤는데, 당시 원고의 급여소득 등으로 매매대금을 마련하였다. 한편 원고는 이 사건 염창동 아파트에 관하여 주식회사 한국씨티은행 앞으로 2004. 3. 8. 채권최고액 1억 4,400만 원, 2009. 12. 30. 채권최고액 6,240만 원의 각 근저당권설정등기를 마쳤는데, 2014. 11. 11. 기준으로 위 근저당권의 피담보채무는 1억 5,000만 원이다.  7) 원고와 소외 4는 2009. 11. 20. 서울 송파구 (주소 2 생략), 343동 1602호(잠실동, ◇◇◇◇)를 임대차보증금 5억 3,000만 원에 소외 4 명의로 임차하여 거주하다가 2년 뒤 계약을 갱신하면서 임대차보증금을 6억 5,000만 원으로 증액하였다. 이후 원고와 소외 4는 2013. 1. 29. 서울 강남구 (주소 3 생략), 303동 402호(도곡동, ☆☆☆☆☆☆☆)(이하 ‘이 사건 도곡동 아파트’라 한다)를 15억 2,000만 원에 매수하여 2013. 3. 4. 각각 1/2 지분에 관하여 소유권이전등기를 마쳤는데, 이 사건 도곡동 아파트의 매매대금은 잠실동 ◇◇◇◇의 임대차보증금과 원고의 급여소득 등으로 마련하였다.  8) 피고는 2010. 12. 9. 성남시 분당구 (주소 4 생략), 1064호(수내동, ▽▽▽▽▽▽▽)를 임대차보증금 1,000만 원, 월차임 85만 원에 임차하여 현재까지 그곳에서 거주하고 있다.  인정 근거 갑 제2, 3, 6, 7호증, 을 제1 내지 3, 7, 8호증의 각 기재, 제1심법원의 소외 3 주식회사에 대한 사실조회 결과, 제1심법원의 한국씨티은행, 외환은행에 대한 각 금융거래정보 제출명령 결과, 제1심 가사조사관 작성 가사조사보고서의 기재, 변론 전체의 취지  나. 분할대상 재산 및 가액  1) 분할대상 재산  원고는 원고 명의의 재산은 피고와의 혼인이 파탄된 이후에 형성된 재산이므로 이 사건 재산분할의 대상이 될 수 없고, 설령 재산분할 대상이 된다고 하더라도 원고가 피고와 자녀에게 별거기간 동안 10억 원 정도 송금한 사정에 비추어 보면, 피고가 원고에게 더 이상의 재산분할을 청구할 수 없다고 주장한다.  살피건대, 재판상 이혼에 따른 재산분할에 있어 분할의 대상이 되는 재산과 그 액수는 이혼소송의 사실심 변론종결일을 기준으로 하여 정하는 것이 원칙이지만, 혼인관계가 파탄된 이후 변론종결일 사이에 생긴 재산관계의 변동이 부부 중 일방에 의한 후발적 사정에 의한 것으로서 혼인 중 공동으로 형성한 재산관계와 무관하다는 등 특별한 사정이 있는 경우에는 그 변동된 재산은 재산분할 대상에서 제외하여야 함(대법원 2013. 11. 28. 선고 2013므1455 판결 참조)은 원고 주장과 같다.  그러나 원고가 캐나다에서의 유학 생활과 귀국 후 □□□□□□ 매장 운영을 통하여 소외 3 주식회사 지사장으로 취임한 후 그 급여소득으로 현재 원고 명의 재산을 취득한 점, 원고는 캐나다 영주권을 가지고 있는 피고의 배우자 초청을 통하여 캐나다에서 유학생활을 용이하게 할 수 있었고, 피고는 캐나다에서 7년간 원고의 유학생활을 뒷바라지하고 귀국한 이후에도 원고와 함께 □□□□□□ 매장을 운영함으로써 원고가 지사장에 취임하는 데 상당한 기여를 하였고, 또한 별거기간에는 자녀 양육을 전담한 점, 근로자퇴직급여 보장법, 공무원연금법, 군인연금법, 사립학교교직원 연금법이 각 규정하고 있는 퇴직급여는 사회보장적 급여로서의 성격 외에 임금의 후불적 성격과 성실한 근무에 대한 공로보상적 성격도 지니고, 이러한 퇴직급여를 수령하기 위해서는 일정기간 근무할 것이 요구되는바, 그와 같이 근무함에 있어 상대방 배우자의 협력이 기여한 것으로 인정된다면 그 퇴직급여 역시 부부 쌍방의 협력으로 이룩한 재산으로서 재산분할의 대상이 될 수 있는 점(대법원 2014. 7. 16. 선고 2013므2250 전원합의체 판결 참조), 이 사건에서 임금의 후불적 성격도 갖는 퇴직금과 원고의 급여소득을 분리하여 퇴직금만 재산분할의 대상이 된다고 보기도 어려운 점 등에 비추어 보면, 별거기간 원고가 수령한 급여소득과 별거기간에 대한 퇴직금에 대하여도 피고의 기여가 있다고 봄이 타당하다.  따라서 원고 주장과 같이 별거 이후에 생긴 재산관계의 변동이 원고 일방에 의한 후발적 사정에 의한 것으로 보기 어렵고 피고의 기여가 있었다고 봄이 타당하므로, 별거 이후에 원고 명의로 취득한 재산도 이 사건 재산분할 대상으로 삼되, 다만 원고가 별거기간 피고와 자녀에게 생활비와 양육비를 지속적으로 지급한 사정은 재산분할 비율에서 참작한다.  2) 분할대상 재산의 가액  ① 원고의 순재산: 1,311,075,557원  ② 피고의 순재산: 68,000,000원  ③ 원·피고의 순재산 합계: 1,379,075,557원  다. 분할대상 각 재산에 관한 당사자 주장에 대한 판단  1) 원고 명의의 이 사건 염창동 아파트  원고는, 2004. 3. 8. 이 사건 염창동 아파트를 매수한 이래 현재까지 원고의 모친과 여동생이 거주하고 있고, 2002년경 원고의 모친으로부터 차용한 1억 8,000만 원을 감안하여 원고 모친에게 사실상 대물변제를 한 재산이므로 분할대상 재산에서 제외되어야 한다고 주장한다. 살피건대, 원고가 2002년경 원고 모친으로부터 1억 8,000만 원을 차용하였음을 인정할 아무런 증거가 없을 뿐만 아니라 달리 원고가 원고 모친에게 이 사건 염창동 아파트에 관하여 대물변제를 하였다고 인정할 아무런 증거가 없다. 따라서 원고의 위 주장은 받아들이지 않는다.  2) 피고 명의의 한국씨티은행 예금  피고는 한국씨티은행 예금 5,800만 원가량을 보유하다가 생활비와 캐나다에 있는 자녀 방문 비용으로 모두 소비하였다고 주장한다. 살피건대, 제1심법원의 한국씨티은행에 대한 금융거래정보 제출명령 결과에 변론 전체의 취지를 종합하면, 피고는 2013. 8. 26.부터 2013. 10. 10.까지 제1심법원에서 가사조사를 받을 당시 자신의 적극재산으로 한국씨티은행에 대한 5,800만 원의 예금을 보유하고 있다고 진술하였는데, 실제로 피고는 한국씨티은행 계좌(계좌번호 생략)에 2013. 10. 16.경 58,641,415원을 보유하고 있었던 사실, 그런데 피고는 2013. 10. 24.에 1,000만 원, 2013. 10. 28.에 4,730만 원을 인출한 사실, 이후 피고는 2014. 6. 5.자 예비적 반소장에서도 5,800만 원의 예금채권을 보유하고 있다고 진술하다가 2014. 11. 19.자 준비서면에서부터 예금채권을 생활비와 캐나다 방문비용으로 모두 사용하였다고 주장하고 있는 사실이 인정되는바, 피고가 제1심 가사조사 이후 5,800만 원에 이르는 예금을 갑자기 한꺼번에 인출한 점, 인출한 시기, 주장의 변천 과정 등 이 사건 변론에 나타난 사정에 비추어 보면, 피고가 이를 인출하여 보유하고 있다고 봄이 타당하고, 달리 피고가 위 금원을 모두 소비하였다고 보기 어렵다. 따라서 피고의 위 주장은 받아들이지 않는다.  3) 피고 명의의 소외 8에 대한 800만 원의 채무  피고는 1차 이혼소송에서 피고의 소송대리이었던 소외 8 변호사에게 변호사 수임료 800만 원을 지급하지 못한 채 소송을 진행한 후 현재까지 변제하지 못하고 있으므로 소극재산으로 산정하여야 한다고 주장한다. 살피건대, 갑 제2, 3호증의 각 기재에 의하면, 1차 이혼소송에서 소외 9 변호사가 피고의 소송을 대리한 사실이 인정될 뿐이고, 피고가 소외 8 변호사에게 800만 원의 수임료 지급의무를 부담하고 있다고 볼 아무런 증거가 없다. 따라서 피고의 위 주장은 받아들이지 않는다.  라. 재산분할의 비율 및 방법  1) 재산분할의 비율: 원고 80%, 피고 20%  판단 근거 위에서 본 분할대상 재산 형성과 유지에 대한 원고와 피고의 기여 정도, 혼인생활의 과정과 기간, 별거기간, 원·피고의 나이와 직업, 원고가 소외 3 주식회사 지사장으로 취임하게 된 경위, 별거 이후 원고가 피고와 자녀를 부양한 사정, 현재의 재산 상태, 이혼 후의 부양적 요소 등 이 사건 변론에 나타난 여러 사정 참작  2) 재산분할의 방법: 분할대상 재산의 형태, 소유 명의 및 이용 상황, 당사자의 의사, 분할의 편의성 등 이 사건 변론에 나타난 여러 사정을 고려하여, 원·피고 명의의 적극재산과 소극재산은 현재 명의 그대로 원·피고의 소유와 책임으로 확정적으로 귀속시키되, 그 상태에서 재산분할 비율에 따라 피고에게 귀속되어야 할 금액에 부족한 부분을 원고가 피고에게 현금으로 정산하는 것으로 정한다.  3) 원고가 피고에게 지급하여야 하는 재산분할금: 207,000,000원  계산식  가) 원고와 피고의 순재산 중 재산분할비율에 따른 피고의 몫  순재산 합계 1,379,075,557원 × 20% = 275,815,111원  나) 위 가)항의 돈과 피고 순재산의 차액  275,815,111원 - 68,000,000원 = 207,815,111원  다) 원고가 피고에게 지급할 재산분할금: 위 나)항의 금액을 약간 하회하는 207,000,000원  마. 소결론  따라서 원고는 피고에게 재산분할로 207,000,000원 및 이에 대하여 이 판결 확정일 다음 날부터 다 갚는 날까지 민법이 정한 연 5%의 비율에 의한 지연손해금을 지급할 의무가 있다.  5. 결론  그렇다면 원고의 본소 이혼 청구는 이유 있어 이를 인용하고, 피고의 반소 위자료 청구는 위 인정 범위 내에서 이유 있어 인용하고 나머지 청구는 이유 없어 이를 기각하며, 반소 재산분할 청구에 관하여는 위와 같이 정할 것인바, 제1심판결 중 반소 재산분할 청구 부분은 이와 결론을 달리하여 부당하므로 피고의 항소를 일부 받아들여 위와 같이 변경하고, 제1심판결 중 본소 부분과 반소 위자료 청구 부분은 정당하므로 이에 대한 원고의 부대항소와 피고의 나머지 항소는 이유 없어 이를 각 기각하기로 하여, 주문과 같이 판결한다.별   지 분할재산명세표: 생략판사 이은애(재판장) 김종우 홍성욱 "
187764,혼인의무효등·이혼,2015므654,대법원,"1 민법 제816조 제3호가 규정하는 ‘사기’에는 혼인의 당사자 일방 또는 제3자가 적극적으로 허위의 사실을 고지한 경우뿐만 아니라 소극적으로 고지를 하지 아니하거나 침묵한 경우도 포함된다. 그러나 불고지 또는 침묵의 경우에는 법령, 계약, 관습 또는 조리상 사전에 사정을 고지할 의무가 인정되어야 위법한 기망행위로 볼 수 있다. 관습 또는 조리상 고지의무가 인정되는지는 당사자들의 연령, 초혼인지 여부, 혼인에 이르게 된 경위와 그때까지 형성된 생활관계의 내용, 당해 사항이 혼인의 의사결정에 미친 영향의 정도, 이에 대한 당사자 또는 제3자의 인식 여부, 당해 사항이 부부가 애정과 신뢰를 형성하는 데 불가결한 것인지, 또는 당사자의 명예 또는 사생활 비밀의 영역에 해당하는지, 상대방이 당해 사항에 관련된 질문을 한 적이 있는지, 상대방이 당사자 또는 제3자에게서 고지받았거나 알고 있었던 사정의 내용 및 당해 사항과의 관계 등의 구체적·개별적 사정과 더불어 혼인에 대한 사회일반의 인식과 가치관, 혼인의 풍속과 관습, 사회의 도덕관·윤리관 및 전통문화까지 종합적으로 고려하여 판단하여야 한다.2 혼인의 당사자 일방 또는 제3자가 출산의 경력을 고지하지 아니한 경우에 그것이 상대방의 혼인의 의사결정에 영향을 미칠 수 있었을 것이라는 사정만을 들어 일률적으로 고지의무를 인정하고 제3호 혼인취소사유에 해당한다고 하여서는 아니 되고, 출산의 경위와 출산한 자녀의 생존 여부 및 그에 대한 양육책임이나 부양책임의 존부, 실제 양육이나 교류가 이루어졌는지 여부와 시기 및 정도, 법률상 또는 사실상으로 양육자가 변경될 가능성이 있는지, 출산 경력을 고지하지 않은 것이 적극적으로 이루어졌는지 아니면 소극적인 것에 불과하였는지 등을 면밀하게 살펴봄으로써 출산의 경력이나 경위가 알려질 경우 당사자의 명예 또는 사생활 비밀의 본질적 부분이 침해될 우려가 있는지, 사회통념상 당사자나 제3자에게 그에 대한 고지를 기대할 수 있는지와 이를 고지하지 아니한 것이 신의성실 의무에 비추어 비난받을 정도라고 할 수 있는지까지 심리한 다음, 그러한 사정들을 종합적으로 고려하여 신중하게 고지의무의 인정 여부와 위반 여부를 판단함으로써 당사자 일방의 명예 또는 사생활 비밀의 보장과 상대방 당사자의 혼인 의사결정의 자유 사이에 균형과 조화를 도모하여야 한다.3 당사자가 성장과정에서 본인의 의사와 무관하게 아동성폭력범죄 등의 피해를 당해 임신을 하고 출산까지 하였으나 이후 자녀와의 관계가 단절되고 상당한 기간 동안 양육이나 교류 등이 전혀 이루어지지 않은 경우라면, 출산의 경력이나 경위는 개인의 내밀한 영역에 속하는 것으로서 당사자의 명예 또는 사생활 비밀의 본질적 부분에 해당하고, 나아가 사회통념상 당사자나 제3자에게 그에 대한 고지를 기대할 수 있다거나 이를 고지하지 아니한 것이 신의성실 의무에 비추어 비난받을 정도라고 단정할 수도 없으므로, 단순히 출산의 경력을 고지하지 않았다고 하여 그것이 곧바로 민법 제816조 제3호에서 정한 혼인취소사유에 해당한다고 보아서는 아니 된다. 그리고 이는 국제결혼의 경우에도 마찬가지이다.","원고(반소피고), 피상고인 피고(반소원고), 상고인 원심판결 전주지법 2015. 1. 19. 선고 2014르445, 452 판결주    문  원심판결 중 피고(반소원고) 패소 부분을 파기하고, 이 부분 사건을 전주지방법원 합의부에 환송한다.이    유  상고이유(상고이유서 제출기간이 지난 후에 제출된 상고이유보충서 기재는 상고이유를 보충하는 범위 내에서)를 판단한다.  1. 가. 민법 제816조 제3호는 부부 일방이 ‘사기 또는 강박으로 인하여 혼인의 의사표시를 한 때’에는 법원에 혼인의 취소를 청구할 수 있다고 규정하고, 민법 제825조, 제806조는 혼인이 취소되는 때에는 부부 일방이 과실 있는 상대방에 대하여 이로 인한 손해의 배상을 청구할 수 있다고 규정하고 있다. 그리고 혼인의 취소를 원인으로 하는 손해배상청구는 제3자에 대하여도 할 수 있다.  따라서 혼인의 당사자 일방 또는 제3자가 위법한 수단으로 상대방 당사자를 기망하였고, 이로 말미암아 상대방이 혼인의사를 결정하는 데 있어 중대한 영향을 미치는 사항에 관하여 착오에 빠졌으며, 그러한 기망행위가 없었더라면 사회통념상 혼인의 의사표시를 하지 아니하였을 것이라고 인정되는 경우, 그 상대방은 법원에 혼인의 취소를 청구할 수 있고, 또한 귀책사유가 있는 당사자나 제3자를 상대로 손해배상을 청구할 수 있다.  이는 사기에 의하여 성립한 혼인관계의 해소와 그에 대한 책임 추궁을 통해 혼인의 의사결정의 자유를 보장하고 개인의 존엄을 기초로 한 혼인질서를 확립하려는 데 그 취지가 있다.  다만 헌법 제36조 제1항은 “혼인과 가족생활은 개인의 존엄과 양성의 평등으로 기초로 성립되고 유지되어야 하며, 국가를 이를 보장한다.”고 규정하여 혼인을 제도적으로 보장하고 있고, 민법 제816조는 혼인의 취소사유를 개별적으로 열거하는 한편, 법원의 재판으로만 혼인을 취소할 수 있다고 규정하고 있는 점, 혼인이 취소되더라도 재산상 법률관계의 경우와는 달리 당사자들의 생활관계가 혼인성립 전의 상태로 돌아가기 어렵고, 민법도 혼인의 무효와 취소를 구별하면서(제815조, 제816조), 혼인의 효력이 아예 발생하지 아니하는 혼인무효와 달리 혼인취소의 효력은 기왕에 소급하지 아니한다고 규정하고 있으며(제824조), 이와 별도로 혼인을 계속하기 어려운 경우에는 협의상 이혼 또는 재판상 이혼을 통해 혼인을 해소할 수 있도록 하고 있는 점 등을 종합하여 보면, 혼인의 취소는 혼인의 효력이 발생하였음에도 불구하고 혼인성립 당시의 사유를 들어 이제라도 혼인의 효력을 상실시켜야 하는 불가피한 사정이 있는 경우에만 인정될 수 있다.  나. 민법 제816조 제3호가 규정하는 ‘사기’에는 혼인의 당사자 일방 또는 제3자가 적극적으로 허위의 사실을 고지한 경우뿐만 아니라 소극적으로 고지를 하지 아니하거나 침묵한 경우도 포함된다. 그러나 불고지 또는 침묵의 경우에는 법령, 계약, 관습 또는 조리상 사전에 그러한 사정을 고지할 의무가 인정되어야 위법한 기망행위로 볼 수 있다. 관습 또는 조리상 고지의무가 인정되는지 여부는 당사자들의 연령, 초혼인지 여부, 혼인에 이르게 된 경위와 그때까지 형성된 생활관계의 내용, 당해 사항이 혼인의 의사결정에 미친 영향의 정도, 이에 대한 당사자 또는 제3자의 인식 여부, 당해 사항이 부부가 애정과 신뢰를 형성하는 데 불가결한 것인지, 또는 당사자의 명예 또는 사생활 비밀의 영역에 해당하는지, 상대방이 당해 사항에 관련된 질문을 한 적이 있는지, 상대방이 당사자 또는 제3자로부터 고지받았거나 알고 있었던 사정의 내용 및 당해 사항과의 관계 등의 구체적·개별적 사정과 더불어 혼인에 대한 사회일반의 인식과 가치관, 혼인의 풍속과 관습, 사회의 도덕관·윤리관 및 전통문화까지 종합적으로 고려하여 판단하여야 한다.  따라서 혼인의 당사자 일방 또는 제3자가 출산의 경력을 고지하지 아니한 경우에 그것이 상대방의 혼인의 의사결정에 영향을 미칠 수 있었을 것이라는 사정만을 들어 일률적으로 고지의무를 인정하고 제3호 혼인취소사유에 해당한다고 하여서는 아니 되고, 출산의 경위와 출산한 자녀의 생존 여부 및 그에 대한 양육책임이나 부양책임의 존부, 실제 양육이나 교류가 이루어졌는지 여부와 그 시기 및 정도, 법률상 또는 사실상으로 양육자가 변경될 가능성이 있는지, 출산 경력을 고지하지 않은 것이 적극적으로 이루어졌는지 아니면 소극적인 것에 불과하였는지 등을 면밀하게 살펴봄으로써 출산의 경력이나 경위가 알려질 경우 당사자의 명예 또는 사생활 비밀의 본질적 부분이 침해될 우려가 있는지, 사회통념상 당사자나 제3자에게 그에 대한 고지를 기대할 수 있는지와 이를 고지하지 아니한 것이 신의성실 의무에 비추어 비난받을 정도라고 할 수 있는지까지 심리한 다음, 그러한 사정들을 종합적으로 고려하여 신중하게 고지의무의 인정 여부와 그 위반 여부를 판단함으로써 당사자 일방의 명예 또는 사생활 비밀의 보장과 상대방 당사자의 혼인 의사결정의 자유 사이에 균형과 조화를 도모하여야 한다.  특히 당사자가 성장과정에서 본인의 의사와 무관하게 아동성폭력범죄 등의 피해를 당해 임신을 하고 출산까지 하였으나 이후 그 자녀와의 관계가 단절되고 상당한 기간 동안 양육이나 교류 등이 전혀 이루어지지 않은 경우라면, 이러한 출산의 경력이나 경위는 개인의 내밀한 영역에 속하는 것으로서 당사자의 명예 또는 사생활 비밀의 본질적 부분에 해당한다고 할 것이고, 나아가 사회통념상 당사자나 제3자에게 그에 대한 고지를 기대할 수 있다거나 이를 고지하지 아니한 것이 신의성실 의무에 비추어 비난받을 정도라고 단정할 수도 없으므로, 단순히 출산의 경력을 고지하지 않았다고 하여 그것이 곧바로 민법 제816조 제3호 소정의 혼인취소사유에 해당한다고 보아서는 아니 된다. 그리고 이는 국제결혼의 경우에도 마찬가지이다.  2. 원심은 증거에 의하여 다음과 같은 사실을 인정하였다.  가. 원고(반소피고, 이하 ‘원고’라고만 한다)는 국제결혼중개업자의 소개로 베트남 국적의 피고(반소원고, 이하 ‘피고’라고만 한다)를 알게 되어 베트남에서 결혼식을 올린 후 2012. 4. 9. 김제시 ○○면장에게 혼인신고를 마쳤다.  나. 피고는 원고와 혼인하기 전에 베트남에서 아이를 출산한 적이 있는데, 피고와 결혼중개업자가 피고의 출산 경력을 원고에게 고지한 적이 없어, 원고는 혼인 당시 피고에게 출산 경력이 없는 것으로 알고 있었다.  다. 피고는 2012. 7. 28. 대한민국에 입국하여 원고, 원고의 모, 원고의 계부와 함께 거주하면서 혼인생활을 하였는데, 원고의 계부가 피고를 강간하고 강제추행한 사실로 기소되어 2013. 5. 30. 징역 7년의 유죄판결을 선고받았고, 위 판결은 항소와 상고가 모두 기각되어 그대로 확정되었다.  라. 그런데 원고는 위 형사사건 항소심 계속 중이던 2013. 8. 무렵 피고가 원고와 혼인하기 전에 베트남에서 아이를 출산하였다는 사실을 알게 되었다.  마. 이에 원고는 2013. 8. 28. 사기에 의한 혼인취소 등을 구하는 이 사건 본소를 제기하였고, 이에 대하여 피고는 “만 13세 무렵이던 2003. 10.경 베트남에서 소수민족인 타이족 남성으로부터 납치되어 강간을 당하고 임신을 하였는데, 위 남성이 자주 술을 마시고 피고에게 폭력을 행사하여 피고는 2004. 6.경 이를 피하여 친정집으로 돌아왔고, 2004. 8.경 아들을 출산하였는데 위 남성이 아들을 데리고 가버렸다.”고 주장하였다.  3. 이러한 사실관계를 앞서 본 법리에 비추어 살펴보면, 만약 피고의 주장과 같이 피고가 아동성폭력범죄의 피해를 당해 임신을 하고 출산을 하였으나 곧바로 그 자녀와의 관계가 단절되고 이후 8년 동안 양육이나 교류 등이 전혀 이루어지지 않았다면, 이러한 출산 경력을 단순히 고지하지 않았다는 사실만으로 그것이 곧바로 제3호 혼인취소사유에 해당한다고 단정해서는 아니 된다. 원심으로서는 피고가 주장하는 바와 같은 사정, 즉 자녀를 임신하고 출산하게 된 경위 및 그 자녀와의 관계는 물론이거니와 원고가 당해 사항에 관련된 질문을 한 적이 있는지 여부, 혼인의 풍속과 관습이 상이한 국제결혼의 당사자들인 원고와 피고가 혼인에 이르게 된 경위 등에 관하여 충분히 심리한 다음, 그 심리 결과에 기초하여 고지의무의 존부와 그 위반 여부에 대하여 판단하였어야 했다.  그런데도 원심은, 이에 이르지 아니한 채 민법 제816조 제3호 소정의 혼인취소사유가 존재한다고 쉽게 단정하여 원고의 혼인취소청구와 위자료청구의 일부를 인용하고, 피고의 이혼청구와 위자료청구는 나아가 살펴볼 필요 없이 이유 없다고 하여 반소청구를 모두 기각하였다. 이러한 원심판결에는 제3호 혼인취소사유와 혼인취소를 원인으로 하는 손해배상책임의 성립에 관한 법리를 오해하여 필요한 심리를 다하지 아니한 잘못이 있다.  4. 그러므로 나머지 상고이유에 대한 판단을 생략한 채 원심판결 중 피고 패소 부분을 파기하고, 이 부분 사건을 다시 심리·판단하도록 원심법원에 환송하기로 하여, 관여 대법관의 일치된 의견으로 주문과 같이 판결한다.대법관 김용덕(재판장) 박보영 김신(주심) 권순일 "
179891,이혼,2015므3455,대법원,"항소의 취하가 있으면 소송은 처음부터 항소심에 계속되지 아니한 것으로 보게 되나(민사소송법 제393조 제2항, 제267조 제1항), 항소취하는 소의 취하나 항소권의 포기와 달리 제1심 종국판결이 유효하게 존재하므로, 항소기간 경과 후에 항소취하가 있는 경우에는 항소기간 만료 시로 소급하여 제1심판결이 확정되나, 항소기간 경과 전에 항소취하가 있는 경우에는 판결은 확정되지 아니하고 항소기간 내라면 항소인은 다시 항소의 제기가 가능하다.","원고, 피상고인 피고, 상고인 원심판결 서울가법 2015. 8. 28. 선고 2015르466 판결주    문    원심판결을 파기하고, 사건을 서울가정법원 합의부에 환송한다.이    유    상고이유를 판단하기에 앞서 직권으로 판단한다.  1. 항소의 취하가 있으면 소송은 처음부터 항소심에 계속되지 아니한 것으로 보게 되나(민사소송법 제393조 제2항, 제267조 제1항), 항소취하는 소의 취하나 항소권의 포기와 달리 제1심 종국판결이 유효하게 존재하므로, 항소기간 경과 후에 항소취하가 있는 경우에는 항소기간 만료 시에 소급하여 제1심판결이 확정되나, 항소기간 경과 전에 항소취하가 있는 경우에는 그 판결은 확정되지 아니하고 항소기간 내라면 그 항소인은 다시 항소의 제기가 가능하다.  2. 기록에 의하면 다음과 같은 사실을 알 수 있다.  가. 원고가 피고를 상대로 제기한 이 사건 소송에서, 제1심법원은 2015. 2. 13. 원고 승소판결을 선고하였다.  나. 제1심은 2015. 2. 16. 및 2015. 3. 2. 각각 피고의 주소지로 제1심판결 정본의 송달을 시도하였으나 모두 폐문부재로 송달이 불능되었다.  다. 그런데 피고는 제1심판결 정본을 적법하게 송달받지 아니한 상태에서 2015. 3. 6. 제1심법원에 항소장(이하 ‘1차 항소장’이라고 한다)을 제출하였다가 2015. 3. 11. 제1심법원에 항소취하서를 제출하였다.  라. 피고는 2015. 3. 13. 제1심판결 정본을 적법하게 송달받은 후 같은 날 제1심법원에 다시 항소장(이하 ‘2차 항소장’이라고 한다)을 제출하였다.  마. 원심은 2015. 8. 28. 본안에 관한 판단을 생략한 채 피고의 2015. 3. 11. 항소취하로 이 사건 소송이 종료되었다는 내용의 소송종료선언을 하였다.  3. 위와 같은 사실관계를 앞서 본 법리에 비추어 살펴보면, 비록 피고가 제1심판결 정본을 적법하게 송달을 받지 아니한 상태에서 1차 항소장을 제출하였다가 2015. 3. 11. 항소취하서를 제출한 사정은 있으나, 피고에 대한 제1심판결 정본은 2015. 3. 13.에야 적법하게 송달이 이루어졌으므로 피고는 그로부터 2주 내에 다시 적법하게 항소를 제기할 수 있다 할 것이므로 같은 날 제출된 2차 항소장도 적법한 항소의 제기라고 할 것이다. 그럼에도 원심이 피고의 2015. 3. 11. 항소취하로 이 사건 소송이 종료되었다고 한 것은 항소취하에 관한 법리를 오해하여 판결에 영향을 미친 잘못이 있다.  4. 그러므로 상고이유에 관한 판단을 생략한 채 원심판결을 파기하고, 사건을 다시 심리·판단하게 하기 위하여 원심법원에 환송하기로 하여, 관여 대법관의 일치된 의견으로 주문과 같이 판결한다.대법관 권순일(재판장) 김용덕 박보영(주심) 김신 "
180301,이혼등·위자료·이혼등,2013드합2446,부산가정법원,"법률상 부부인 甲과 乙이 서로 이혼에 따른 재산분할을 청구하였는데, 乙의 소극재산 총액이 적극재산 총액을 초과하고, 甲과 乙의 순재산을 합하더라도 소극재산 총액이 적극재산 총액을 초과하는 사안에서, 甲과 乙 모두 혼인 무렵 별다른 재산이 없었던 점, 甲은 혼인 파탄 무렵 적극재산만을 소유하고 있었으나 재산의 상당 부분을 甲 부모의 금전적 지원으로 마련한 점, 乙이 채무초과 상태에 이른 것은 사업 실패의 결과인 점 등 甲과 乙의 혼인 생활 과정과 기간 및 파탄 경위 등을 종합하면, 甲과 乙이 보유하고 있는 적극재산 및 소극재산은 명의대로 귀속되도록 함이 타당하고, 재산분할에 관하여 따로 정할 필요가 없다고 한 사례.","원고(반소피고) 피고(반소원고) 피    고 사건본인 변론종결2015. 11. 5.주    문1. 본소에 의하여, 원고(반소피고)와 피고(반소원고) 1은 이혼한다.2. 원고(반소피고)의 피고(반소원고) 1, 피고 2에 대한 본소 위자료 청구, 피고(반소원고) 1에 대한 본소 재산분할 청구, 피고(반소원고) 1의 반소 이혼 청구와 재산분할 청구를 모두 기각한다.3. 사건본인들의 친권자 및 양육자로 원고(반소피고)를 지정한다.4. 피고(반소원고) 1은 원고(반소피고)에게 사건본인들의 양육비로 2014. 8. 1.부터 사건본인들이 각 성년에 이르기 전날까지 사건본인 1인당 월 1,600,000원씩을 매월 말일에 지급하라.5. 피고(반소원고) 1은 사건본인들이 각 성년이 되기 전날까지 매월 둘째, 넷째 주 일요일 12:00부터 같은 날 18:00까지 사건본인들을 면접교섭할 수 있다. 위 일정은 사건본인들이 성장함에 따라 추후 협의하여 변경할 수 있고, 사건본인들의 의사를 최대한 존중하여 실시한다.6. 소송비용 중 원고(반소피고)와 피고(반소원고) 1 사이에 생긴 부분은 본소, 반소를 합하여 그중 50%는 원고(반소피고)가, 나머지는 피고(반소원고) 1이 각 부담하고, 원고(반소피고)와 피고 2 사이에 생긴 부분은 원고(반소피고)가 부담한다.7. 제4항은 가집행할 수 있다.청구취지본소: 주문 제1, 3항 및 피고(반소원고, 이하 ‘피고’라 한다) 1은 원고(반소피고, 이하 ‘원고’라 한다)에게 위자료로 80,000,000원, 피고 2는 피고 1과 공동하여 위 금원 중 50,000,000원 및 각 이에 대하여 이 사건 본소장 부본 송달 다음 날부터 다 갚는 날까지 연 20%의 비율로 계산한 금원을 지급하라. 피고 1은 원고에게, 재산분할로 851,500,000원 및 이에 대하여 이 판결 확정일부터 다 갚는 날까지 연 20%의 비율로 계산한 금원을 지급하고, 사건본인들에 대한 양육비로 이 사건 본소장 부본 송달 다음 날부터 사건본인 1에 대하여는 2027. 7. 20.까지, 사건본인 2에 대하여는 2030. 11. 22.까지 월 2,000,000원씩을 매월 말일에 지급하라.반소: 원고와 피고는 이혼한다. 원고는 피고에게 재산분할로 194,878,222원 및 이에 대하여 이 판결 확정일부터 다 갚는 날까지 연 5%의 비율로 계산한 돈을 지급하라. 원고는 피고로부터 소외 1에 대한 219,000,000원의 차용금 채무를 면책적으로 인수하고, 만일 면책적 인수가 불가능할 경우 원고는 피고를 대위하여 위 채무를 변제할 의무를 부담한다.이    유  1. 인정 사실  가. 원고와 피고 1은 2007. 3. 4. 결혼식을 올린 후 2007. 7. 16. 혼인신고를 마쳤고, 슬하에 사건본인들을 두었다.  나. 피고 1은 2012. 2.경 부산 강서구 명지동 (주소 1 생략) 빌딩 301호에서 ‘○○치과’(이하 ‘이 사건 치과’라 한다)를 개업하였는데, 그 과정에서 원고의 어머니로부터 합계 261,000,000원을 빌려 사용하였다. 한편 원고의 동생 소외 2는 이 사건 치과 개업 업무를 도와주고 개업 후에도 이 사건 치과에서 일하고 있었는데, 피고 1과 사이에 다툼이 생겨 이 사건 치과를 그만두었다.  다. 그 무렵부터 원고와 피고 1은 자주 다퉜고, 그 과정에서 피고 1이 여러 차례 원고에게 이혼을 요구하기도 하였다.  라. 피고 1은 2013. 8. 16.경부터 2013. 12. 6.경까지 이 사건 치과의 간호조무사로 일하던 피고 2와 내연관계로 지내면서 여러 차례 성관계를 가졌는데, 2013. 12. 6. 피고 2와 함께 모텔에 투숙해 있다가 원고에게 발각되기도 하였다.  마. 한편 피고 1은 2013. 10. 15.경 원고에게 이혼을 요구하며 원고와 다투다가 원고를 폭행하기도 하였다.  바. 그 무렵 피고 1이 집을 나감으로써, 원고와 피고는 현재까지 별거하고 있다.  인정 근거 갑 제1, 2, 5, 6, 8, 12호증(가지번호 있는 경우에는 각 가지번호 포함), 갑 제13호증의 4, 5, 6, 갑 제14호증의 15, 16, 17, 을나 제2호증의 1 내지 3의 각 기재, 가사조사보고서, 변론 전체의 취지  2. 본소 및 반소 이혼 청구에 관한 판단  가. 본소 이혼 청구: 민법 제840조 제1, 3, 6호의 사유로 이유 있음  나. 반소 이혼 청구: 이유 없음  판단 근거  ① 혼인관계 파탄 인정: 원고와 피고 1은 오랜 기간 별거하고 있는 점, 쌍방이 이혼을 원하고 있고, 서로 신뢰를 회복하고 혼인 생활을 지속할 가능성이 없어 보이는 점 등 사정을 참작  ② 혼인관계 파탄의 주된 책임은 피고 1에게 있음: 위 인정 사실에서 알 수 있는 바와 같이 피고 1은 혼인관계 중 부정행위를 하여 부부 사이의 애정과 신뢰를 현저히 상실시켰고, 그 후에도 원고의 신뢰를 회복하고 혼인관계를 지속하기 위한 반성적 노력을 기울이지 않고 오히려 원고에게 이혼을 요구하고 원고를 폭행하기도 한 점 등을 고려하면 혼인관계 파탄의 근본적이고 주된 책임은 피고 1에게 있음  한편 피고 1은 원고와 원고 가족들의 위 피고 및 피고 가족들에 대한 무시·냉대, 원고의 낭비벽 등으로 인하여 이 사건 혼인이 파탄에 이르렀다고 주장하나, 이 법원에 제출된 증거만으로는 그 주장 사실을 인정하기에 부족하거나 그 자체로 혼인파탄의 원인이 되었다고 보기 어려우므로, 위 피고의 위 주장은 받아들이지 아니한다.  다. 소결  따라서 원고의 본소 이혼 청구는 이유 있으나, 피고 1의 반소 이혼 청구는 이유 없다.  3. 본소 위자료 청구에 관한 판단  가. 손해배상책임의 발생  위 인정 사실에 의하면, 피고들은 이 사건 혼인관계가 파탄에 이르는 데 원인을 제공하였으므로 공동하여 원고가 입은 정신적 고통을 금전으로나마 위자할 의무가 있다.  나. 손해배상의 범위  위자료의 액수에 관하여 보건대, 원고와 피고 1의 혼인 생활의 기간과 과정, 혼인관계 파탄의 경위, 책임의 정도, 피고들의 부정행위의 정도와 기간, 부정행위가 발각된 이후의 사정, 기타 나이, 직업 및 경제력 등을 종합하여 보면, 원고에게 지급하여야 할 위자료의 액수는 피고 1의 경우 30,000,000원, 피고 2의 경우 그중 10,000,000원으로 정함이 상당하다.  그런데 을 제7호증의 기재에 의하면, 피고 1은 2014. 8. 20. 원고를 피공탁자로 하여 이 사건 이혼소송과 관련한 위자료 명목으로 30,000,000원을 변제공탁한 사실을 인정할 수 있으므로(부산지방법원 2014년금제6040호), 이로써 피고들의 위 위자료 지급의무는 소멸하였다고 할 것이다.  다. 소결  결국 원고의 피고들에 대한 위자료 청구는 이유 없다.  4. 본소 및 반소 재산분할청구에 관한 판단  가. 재산형성 경위  1) 혼인 무렵, 원고는 부모의 도움으로 미용실을 개업하여 운영하고 있었고, 피고 1(이하 이 항에서는 ‘피고’라고만 한다)은 공중보건의(치과)로 근무하고 있었는데, 원·피고 모두 별다른 재산이 없었고, 오히려 피고는 대출금채무를 부담하고 있었다.  2) 피고는 공중보건의 근무를 마친 후 2009. 4.경부터 병원에서 급여를 받으며 치과의사로 근무하였고, 원고는 그 무렵부터 위 미용실을 그만두고 가사와 자녀 양육을 전담하였다.  3) 피고는 2012. 2.경 이 사건 치과를 개업하였는데, 이에 필요한 임대차보증금 250,000,000원, 인테리어 비용 107,100,000원 및 의료장비 구입 등에 사용하기 위하여, 2011. 11. 18.경부터 2011. 12. 21.경까지 사이에 원고의 모 소외 1로부터 합계 261,000,000원을 차용하는 한편, 2011. 12. 19. 중소기업은행으로부터 400,000,000원을 대출받았다.  4) 원·피고는 2012. 2.경 부산 강서구 (주소 2 생략), 120동 1202호(△△△△△△△아파트, 이하 ‘이 사건 아파트’라 한다)를 보증금 190,000,000원에 임차하였는데, 그중 130,000,000원을 원고 부모로부터 지원받았다.  5) 피고는 이 사건 치과의 임대차보증금 중 130,000,000원을 반환받아 2013. 9. 2.부터 2013. 9. 6.까지 5회에 걸쳐 이를 위 소외 1에게 지급하여 위 대여금 261,000,000원 중 일부를 변제하였다.  6) 원고는 2014. 1.경 이 사건 아파트의 임대차보증금 190,000,000원을 반환받았고, 피고는 2014. 6.경 이 사건 치과를 120,000,000원에 양도하였다.  7) 피고는 2014. 8.경부터 원고에게 생활비 및 양육비를 전혀 지급하지 않고 있다.  나. 재산 현황  앞서 인정한 사실관계를 살펴보면, 이 사건 혼인관계는 2013년 하반기 무렵 파탄에 이르렀음을 알 수 있고, 그 이후에 생긴 원고 및 피고의 재산관계의 변동은 혼인 중 공동으로 형성한 재산관계와 무관한 것으로 보이는바, 혼인 파탄 무렵 원·피고의 재산상황은 별지 1 재산명세표 기재와 같다.  인정 근거 갑 제8, 12, 19, 20호증, 을가 제6호증의 각 기재, 농협 부산지역본부, 기업은행(2015. 1. 5.자), 하나은행에 대한 각 금융거래정보제출명령 회신결과, 북부산세무서장, 중부산세무서장에 대한 각 과세자료제출명령 회신결과, 가사조사보고서, 변론 전체의 취지  다. 당사자의 주장에 대한 판단  별지 1 재산명세표 및 별지 2 불인정재산명세표 중 각 ‘당사자의 주장 및 판단’란 기재와 같다.  라. 재산분할 가부  소극재산의 총액이 적극재산의 총액을 초과하여 재산분할을 한 결과가 결국 채무의 분담을 정하는 것이 되는 경우에도 법원은 그 채무의 성질, 채권자와의 관계, 물적 담보의 존부 등 일체의 사정을 참작하여 이를 분담하게 하는 것이 적합하다고 인정되면 그 구체적인 분담의 방법 등을 정하여 재산분할 청구를 받아들일 수 있다 할 것이다. 다만 이와 같은 경우에는 그 채무부담의 경위, 용처, 채무의 내용과 금액, 혼인 생활의 과정, 당사자의 경제적 활동능력과 장래의 전망 등 제반 사정을 종합적으로 고려하여 채무를 분담하게 할지 여부 및 그 분담의 방법 등을 정할 것이고, 적극재산을 분할할 때처럼 재산형성에 대한 기여도 등을 중심으로 일률적인 비율을 정하여 당연히 분할 귀속되게 하여야 한다는 취지는 아니다(대법원 2013. 6. 20. 선고 2010므4071 전원합의체 판결 참조).  이 사건 혼인 파탄 당시 원·피고의 재산상태를 보면, 별지 1 재산명세표 기재와 같이 피고의 소극재산의 총액이 그 적극재산의 총액을 초과하고, 나아가 원고와 피고의 순재산을 합하더라도 그 소극재산의 총액이 그 적극재산의 총액을 초과하는바, 결국 이 사건 재산분할은 그 실질에 있어 피고의 채무를 원고에게 분담시킬지 여부 및 그 방법을 정하는 것으로 귀결된다. 그런데 앞서 본 다음과 같은 사정, 즉 원·피고 모두 혼인 무렵 별다른 재산이 없었던 점, 원고는 혼인 파탄 무렵 적극재산만을 소유하고 있었으나, 그 재산의 상당 부분은 원고 부모의 금전적 지원으로 마련한 것인 점, 피고가 차용한 금전은 대부분 이 사건 치과의 개업을 위하여 사용되었는데, 그 개업비용에 비하여 이 사건 치과의 처분대금이 현저히 낮은 것에 비추어, 결국 피고가 채무초과 상태에 이른 것은 사업 실패의 결과로 보이는 점, 이러한 채무까지 전업주부인 원고에게 부담시키는 것은 소극재산이 적극재산을 초과하는 경우에 재산분할 청구의 가능성을 열어둔 판례의 취지에 맞지 아니한 점, 피고는 치과의사로서 장래 소득활동을 기대할 수 있는 반면, 원고는 피고에 비하여 향후 소득활동 여부가 불분명하므로, 당사자들의 생활보장에 대한 배려 등 부양적 요소를 고려할 필요가 있는 점 등에 더하여 원·피고의 혼인 생활의 과정과 기간 및 파탄 경위 등을 종합하여 보면, 원고와 피고로 하여금 쌍방이 보유하고 있는 적극재산 및 소극재산을 별지 1 재산명세표 기재와 같이 그 명의대로 귀속되도록 함이 타당하고, 재산분할에 관하여 따로 정할 필요가 없다고 판단된다. 따라서 원고의 본소 재산분할 청구 및 피고의 반소 재산분할 청구는 모두 받아들이지 아니한다.  5. 본소 친권자·양육자 지정, 양육비 청구 및 면접교섭(직권)에 관한 판단  가. 친권자 및 양육자: 원고를 지정  판단 근거 원고와 피고 1(이하 이 항에서는 ‘피고’라고만 한다)의 혼인 생활 및 파탄 경위, 사건본인들의 나이 및 양육 상황, 당사자들의 의사 등 이 사건 변론에 나타난 여러 사정 참작  나. 양육비  피고가 양육비의 지급을 중단한 후인 2014. 8. 1.부터 사건본인들이 각 성년에 이르기 전날까지 사건본인 1인당 월 160만 원씩을 매월 말일에 지급  판단 근거 원·피고의 직업, 경제적 능력, 사건본인들의 나이와 양육 상황, 그 밖의 여러 사정 참작  다. 면접교섭(직권)  비양육친은 사건본인의 복리에 반하지 않는 한 사건본인과 면접교섭할 권리가 있으므로, 사건본인들의 나이, 양육 상황, 피고와 사건본인들의 접촉 정도 등 이 사건 변론에 나타난 제반 사정을 고려하여 보면 주문 제5항 기재와 같이 면접교섭을 정하는 것이 사건본인들의 정서적 안정과 복리를 위하여 합당하다.  6. 결론  그렇다면 원고의 본소 이혼 청구는 이유 있어 인용하고, 원고의 피고들에 대한 본소 위자료 청구, 피고 1에 대한 본소 재산분할 청구 및 피고 1의 반소 청구는 모두 이유 없어 기각하며, 친권자·양육자 지정, 양육비와 면접교섭에 관하여는 위와 같이 정하기로 하여 주문과 같이 판결한다.별 지 1 재산명세표: 생략별 지 2 불인정재산명세표: 생략판사 문준섭(재판장) 김미진 박숙희 "
179856,이혼,2012므721,대법원,내용없음,"원고, 상고인 피고, 피상고인 원심판결 서울가법 2012. 1. 13. 선고 2011르1560 판결주    문  원심판결을 파기하고, 사건을 서울가정법원 합의부에 환송한다.이    유  상고이유를 판단한다.  1. 혼인생활의 파탄에 주된 책임이 있는 배우자는 원칙적으로 그 파탄을 사유로 하여 이혼을 청구할 수 없다. 다만 상대방 배우자도 혼인을 계속할 의사가 없어 일방의 의사에 의한 이혼 내지 축출이혼의 염려가 없는 경우는 물론, 나아가 이혼을 청구하는 배우자의 유책성을 상쇄할 정도로 상대방 배우자 및 자녀에 대한 보호와 배려가 이루어진 경우나 세월의 경과에 따라 혼인파탄 당시 현저하였던 유책배우자의 유책성과 상대방 배우자가 받은 정신적 고통이 점차 약화되어 쌍방의 책임의 경중을 엄밀히 따지는 것이 더 이상 무의미할 정도가 된 경우 등과 같이 혼인생활의 파탄에 대한 유책성이 그 이혼청구를 배척해야 할 정도로 남아 있지 아니한 특별한 사정이 있는 경우에는 예외적으로 유책배우자의 이혼청구를 허용할 수 있다.이와 같이 유책배우자의 이혼청구를 예외적으로 허용할 수 있는지를 판단할 때에는, 유책배우자의 책임의 태양·정도, 상대방 배우자의 혼인계속의사 및 유책배우자에 대한 감정, 당사자의 연령, 혼인생활의 기간과 혼인 후의 구체적인 생활관계, 별거기간, 부부간의 별거 후에 형성된 생활관계, 혼인생활의 파탄 후 여러 사정의 변경 여부, 이혼이 인정될 경우의 상대방 배우자의 정신적·사회적·경제적 상태와 생활보장의 정도, 미성년 자녀의 양육·교육·복지의 상황, 그 밖의 혼인관계의 여러 사정을 두루 고려하여야 한다(대법원 2015. 9. 15. 선고 2013므568 전원합의체 판결 참조).  2. 원심판결 이유 및 적법하게 채택된 증거들을 비롯한 기록에 의하면, 다음과 같은 사실을 알 수 있다.  가. 원고(1949. 1. 3.생)와 피고(1947. 4. 30.생)는 1968년 초부터 동거하다가 1971. 12. 15. 혼인신고를 마친 법률상 부부로서 그 사이에 소외 1(1969년생 남자), 소외 2(1972년생 여자), 소외 3(1976년생 남자) 등 2남 1녀의 자녀들을 두고 있다.  나. 원고와 피고는 서울에서 혼인생활을 하던 중 원고가 1981년경 아랍에미리트연합국 두바이에서 사업을 시작하면서 그곳으로 이주하여 자녀들과 함께 생활하다가, 1987년경 스리랑카로 이주하였고, 원고는 스리랑카에서 건설업체, 파일제조업체, 에어컨부품 생산업체 등을 운영하였다.  다. 원고는 1995. 3.경 여자 문제로 부부싸움을 한 후 집을 나가 연락을 끊고 스리랑카에서 알고 지낸 노르웨이 국적의 여성과 스웨덴에서 동거를 시작하였다. 한편 피고는 원고의 행방을 알 수 없게 되자 1995. 6.경 원고가 스리랑카에서 운영하던 사업체들을 정리한 후 귀국하여, 사업체들을 정리한 50만 달러 가량의 자금으로 전셋집을 구하여 자녀들과 함께 위 돈으로 서울에서 생활하였다.  라. 원고는 1995. 8.경 피고를 찾아와 동거하던 여성과의 관계를 정리하고 귀국하겠다고 하였으나 이후 피고의 연락을 피하였고, 2006년경 위 여성이 사망할 때까지 스리랑카에서 계속 위 여성과 동거하며 생활하였다. 원고와 피고는 원고가 최초 가출한 이후 자녀들의 결혼식장에서 잠깐씩 만났을 뿐 거의 왕래를 하지 않고 원심 변론종결일에 이르기까지 16년이 넘게 서로 떨어져 별개로 생활을 영위하여 왔다.  마. 원고와 피고에 대한 면접조사가 이루어진 제1심 가사조사관의 가사조사과정에서, 원고는 자녀들의 결혼비용으로 소외 1에게 15만 달러 가량, 소외 3에게 100만 달러 가량을, 사업비용으로 소외 2에게 35만 달러 가량을 각 지원하였다고 진술하였고, 피고도 위 사실을 다투지 아니하였다. 한편 피고는 가사조사과정에서 원고가 다시 돌아와 부부답게 살기를 원한다고 진술하면서도 한편으로는 아이들을 위해 이혼하지 않고 현재처럼 살면 된다거나, 과거 일의 시비를 가리고 싶다는 의사를 표시하기도 하였다.  바. 원심증인인 원고의 어머니 소외 4는 원심에서, 피고가 1995. 6.경 귀국한 이후 시어머니인 소외 4를 비롯한 시댁 식구들과 연락하거나 시댁을 방문한 적이 없었고, 투병 중인 피고의 시아버지를 문병하거나 피고의 시아버지를 비롯한 시댁 식구들의 장례식에 참석한 적도 없었으며, 피고의 자녀들도 거의 왕래가 없었다고 진술하였다.  3. 위와 같은 사실관계를 앞서 본 법리에 비추어 살펴본다.  가. 원고와 피고의 혼인관계는 원심 변론종결 당시 이미 16년이 넘도록 한국과 스리랑카에서 서로 떨어져 생활하는 등의 사정으로 인하여 원고와 피고 각자의 독립적인 생활관계가 굳어지고 이제는 혼인의 실체가 완전히 해소되기에 이르렀다.  나. 위와 같은 장기간의 별거 및 혼인 파탄에 관하여는 다른 여자와 장기간 동거한 원고에게 주된 책임이 있다고 봄이 타당하다. 그렇지만 한편 위와 같이 피고가 시댁과 따로 생활하면서 피고는 물론 자녀들의 시댁과의 유대관계도 사실상 단절된 것으로 보이며, 그 동안 피고가 그 유대관계를 회복하기 위한 노력을 기울였다거나 원고로 하여금 가정에 복귀할 수 있도록 갈등원인을 제거하고 관계를 복원하기 위한 시도를 하였음을 알 수 있는 자료를 찾을 수 없는 이 사건에서, 위와 같이 혼인 실체가 완전히 해소되기까지 과정에서 피고의 책임이 전혀 없다고 보기도 어렵다.  또한 위 가사조사과정에서의 피고의 진술을 아울러 고려하여 보면, 피고가 혼인 파탄에 관한 원고의 주된 책임을 묻는 것에서 더 나아가 피고의 혼인계속의사가 확고한지도 단정하기 어려워 보이며, 혼인의 실체가 상실된 현재 상태를 수긍하면서도 단순히 외형상으로만 법률혼관계를 남겨두려는 것에 지나지 않는다고 볼 여지도 있다.  다. 원고와 피고 사이에서 부부공동생활 관계의 해소 상태가 장기화되면서 원고의 유책성도 세월의 경과에 따라 상당 정도 약화되고, 30년 전에 한국을 떠나 계속 외국에서 생활하여 온 원고가 처한 상황 등에 비추어 그에 대한 사회적 인식이나 법적 평가도 달라질 수밖에 없으며, 나아가 피고가 원고의 사업체들을 정리한 돈 전부를 생활비 등으로 사용하여 왔고, 원고가 위 돈을 반환받지 아니하였을 뿐만 아니라 그 주장과 같이 피고와 함께 생활하던 자녀들에게 거액의 결혼자금이나 사업자금을 지원하였다면, 결과적으로 피고 및 자녀들에 대한 상당한 배려가 이루어졌다고 볼 수 있으므로, 현 상황에 이르러 원고와 피고의 이혼 여부를 판단하는 기준으로 파탄에 이르게 된 데 대한 책임의 경중을 엄밀히 따지는 것의 법적·사회적 의의가 현저히 감쇄되었다고 볼 여지가 충분하다.  라. 따라서 원심으로서는 원고와 피고의 별거 이후 피고 및 자녀들에 대하여 이루어진 배려가 어떠하였는지, 원고와 피고 사이의 혼인의 본질에 상응하는 부부공동생활 관계가 회복할 수 없을 정도로 파탄된 현 상황에서 세월의 경과에 따라 원고의 유책성과 피고가 받은 정신적 고통이 여전히 쌍방의 책임의 경중을 엄밀히 따져야 할 정도로 크다고 볼 수 있는지 등에 나아가 심리하여, 혼인관계의 파탄에 대한 원고의 유책성이 반드시 이혼청구를 배척하지 않으면 아니 될 정도로 여전히 남아있는지를 가려본 다음 민법 제840조 제6호에서 정한 ‘혼인을 계속하기 어려운 중대한 사유가 있을 때’라는 이혼원인이 있는지 여부를 판단하였어야 한다.  4. 그럼에도 원심은 위와 같은 사정들에 대하여 제대로 심리·판단하지 아니한 채, 판시와 같은 사정만을 들어 원고의 이혼청구를 배척하고 말았다. 따라서 이러한 원심의 판단에는 민법 제840조 제6호에서 정한 이혼원인에 관한 법리를 오해하여 필요한 심리를 다하지 아니함으로써 판결에 영향을 미친 위법이 있다. 이를 지적하는 상고이유 주장은 이유 있다.  5. 그러므로 나머지 상고이유에 대한 판단을 생략하고, 원심판결을 파기하며, 사건을 다시 심리·판단하게 하기 위하여 원심법원에 환송하기로 하여, 관여 대법관의 일치된 의견으로 주문과 같이 판결한다.대법관 김신(재판장) 김용덕(주심) 박보영 권순일 "
179471,이혼,2014르2496,서울가정법원,"법률상 부부인 甲과 乙이 약 25년간 별거하면서 사실상 일체의 교류를 단절하고 있고, 甲은 다른 여성과 25년간 중혼적 사실혼 관계를 유지하면서 혼외자를 출산하였는데, 甲이 乙을 상대로 이혼을 청구한 사안에서, 甲과 乙이 甲의 귀책사유로 본격적으로 별거에 이르게 되었다고 하더라도, 25년 이상 장기간의 별거생활이 지속되면서 혼인의 실체가 완전히 해소되고 甲과 乙이 각자 독립적인 생활관계를 갖기에 이른 점, 甲과 乙의 부부공동생활 관계의 해소 상태가 장기화되면서 甲의 유책성도 세월의 경과에 따라 상당 정도 약화되고 그에 대한 사회적 인식이나 법적 평가도 달라질 수밖에 없으므로, 현 상황에 이르러 甲과 乙의 이혼 여부를 판단하는 기준으로서 파탄에 이르게 된 책임의 경중을 엄밀히 따지는 것은 법적·사회적 의의가 현저히 감쇄(減殺)되었다고 보이는 점 등을 종합하면, 甲과 乙의 혼인에는 민법 제840조 제6호의 ‘혼인을 계속하기 어려운 중대한 사유가 있을 때’라는 이혼원인이 존재한다고 한 사례.","원고, 항소인 피고, 피항소인 제1심판결 서울가법 2014. 10. 29. 선고 2013드단70630 판결변론종결2015. 8. 21.주    문1. 제1심판결을 취소한다.2. 원고와 피고는 이혼한다.3. 소송총비용은 피고가 부담한다.청구취지 및 항소취지주문과 같다.이    유  1. 인정 사실  가. 첫 번째 혼인신고 이후 협의이혼 무렵까지 원·피고의 혼인생활  1) 원고는 의사, 피고는 부모가 의사인 집안의 딸로서 1970. 12. 18. 혼인신고를 마치고 그 사이에 장남 소외 1(1970년생), 차남 소외 2(1972년생), 삼남 소외 3(1974년생)을 두었다.  2) 원고와 피고는 장남 소외 1이 초등학교 4학년 무렵 원고가 TV를 던지는 모습을 기억할 정도로 큰 다툼을 하다가 1980. 6. 24. 협의이혼 신고를 하였다.  3) 협의이혼 당시 원·피고는, 원고가 자녀들을 양육하되 자녀들의 나이가 어려 피고가 당시 함께 거주하던 서울 강남구 (주소 1 생략)○○아파트 5동 1003호에 약 2년간 그대로 머물면서 자녀들을 양육하기로 하고, 합의한 기간이 경과하면 피고가 집을 나가기로 하였다.  4) 원고는 1982. 4.경 위 3)항 기재 ○○아파트를 처분하고 서울 서초구 (주소 2 생략)△△아파트 22동 602호(이하 ‘이 사건 △△아파트’라 한다)를 매수하여 자녀들과 함께 위 아파트로 이주하였고, 그 무렵 피고는 집을 나와 지내면서 미국에서 기거하기도 하였다.  5) 위와 같은 협의이혼 사유에 관해, 원고는 피고가 청와대 경호실에 근무하던 이모 과장이라는 남성과 부정행위를 하여 그 남성의 처로부터 1억 원의 위자료 청구소송을 당하는 등 피고의 잘못으로 협의이혼에 이르렀다고 주장하고, 피고는 원고가 가정을 소홀히 하고 지나친 음주와 외박을 하며 생활비조차 주지 아니하는 등 원고의 잘못으로 협의이혼에 이르렀다고 주장하는 등 이혼 사유에 관해 현재까지도 서로 다른 시각을 가지고 있다.  나. 두 번째 혼인신고 전후 원·피고의 혼인생활  1) 피고는 미국에서 지내다 1982. 11.경 귀국하면서 위 △△아파트를 찾아왔고, 원고의 승낙으로 자녀들과 함께 거주하기 시작하면서 1983. 3. 23.경 위 아파트에 전입신고를 하였다.  2) 원고와 피고 사이에 1983. 3. 19. 두 번째 혼인신고가 마쳐졌고, 피고와 자녀들은 이 사건 △△아파트에서 거주하였으나, 원고는 자녀들을 보기 위해 가끔씩 집에 들렀을 뿐 피고와의 불화를 이유로 거의 귀가하지 아니하였다.  3) 원고는 피고와의 협의이혼 후 소외 4와 약 2년간 동거하였고, 위와 같은 두 번째 혼인신고 이후인 1984. 10.경부터는 소외 5와 부평에서 약 2년간 동거하기도 하였다.  다. 원고와 소외 6의 동거 및 혼외자 출산  1) 원고는 위 나.의 3)항에 기재된 소외 5와의 동거생활을 청산한 이후인 1987. 4.경 피고의 친정에서 운영하던 서울 성동구 행당동 소재 □□병원의 경영이 어려워지자 위 □□병원의 원장을 맡아 운영하다가 위 병원에서 간호사로 일하던 소외 6을 알게 되었다.  2) 원고는 1990. 11.경 소외 6과 함께 강릉으로 이주하여 동거하기 시작하였고, 소외 6과의 사이에 1994. 3. 5. 아들 소외 7을 낳았다.  라. 원고와 피고 사이의 소송관계  1) 원고는 1993년경 서울가정법원 93드74772호로 피고를 상대로 혼인무효확인의 소를 제기하였으나, 위 사건에서 피고가 원고와의 협의이혼 이후 1983. 3. 19. 원고의 인장을 도용하여 일방적으로 원고와의 혼인신고를 마쳤다는 점에 관하여 이를 인정할 증거가 없고, 가사 원고의 위 주장 사실이 인정된다 하더라도 원고가 무효인 위 혼인을 추인하였음이 인정된다는 이유로 1994. 12. 16. 원고 패소 판결이 선고되었다.  2) 원고는 이에 서울가정법원 95르17호로 항소하여 예비적 이혼 청구를 추가하였으나 1995. 6. 14. 원고의 항소 및 위 예비적 청구가 모두 기각되었고, 상고심인 대법원 95므731호 사건에서도 1995. 11. 21. 상고가 기각되어 원고 패소 판결이 확정되었다.  마. 별거기간 및 현재까지의 상황  1) 원고는 위 다.의 2)항 기재와 같이 1990. 11.경부터 강릉에서 소외 6과 동거하기 시작한 이래 현재까지 강릉에서 소외 6과 동거생활을 지속하고 있고, 피고는 원고 명의의 이 사건 △△아파트에 거주하면서 약 25년간 서로 별거하고 있다.  2) 원고와 피고는 위와 같은 별거기간 중 1997년경 장남 소외 1의 결혼식에 함께 참석한 것을 제외하고는 서로 아무런 연락을 하지 아니한 채 하등의 교류 없이 지내고 있다.  3) 원고는, ① 장남 소외 1에게 1990년경부터 1994년경까지 학비 및 용돈을 넉넉히 지급하였고, 1995. 3.경부터 2014. 6.경까지는 전세자금 3억 원을 포함하여 학비 및 생활비로 약 3억 6,100만여 원을 지원하였으며, 현재까지 장손의 교육비로 월 100만 원을 송금하고 있고, ② 차남 소외 2에게는 1995. 3.경부터 2009. 3.경까지 전세자금 1억 9,000만 원을 포함하여 학비 및 생활비로 약 2억 3,500만여 원을 지원하였으며, ③ 의사인 삼남 소외 3에게는 1997. 4.경부터 2009. 12.경까지 학비 및 생활비로 약 1억 3,600만여 원을 지원하였다.  4) 피고는 원고와의 별거기간 중 유치원, 어린이집, 산후조리원 등을 운영하면서 자녀들의 양육비와 교육비를 부담하였고, 경제적으로 넉넉하여 자녀들에게 토지, 상가, 아파트 등을 각 증여하여 주기도 하였다.  5) 원고와 소외 6은 2006년 말경 차남 소외 2의 상견례에 함께 참석하기도 하였으나, 원고는 차남과 삼남의 결혼식에는 참석하지 아니하였다. 원·피고의 자녀들은 원·피고의 별거기간 중에도 종종 원고를 찾아갔고, 장남과 삼남은 원고와 소외 6 및 이복동생 소외 7을 만나거나 함께 여행을 가기도 하는 등 원고와 교류하였다(다만 차남 소외 2는 2010년도 이후 원고와 교류하지 않고 있다).  6) 원·피고의 자녀들은 제1심법원에 원고의 입장 또는 피고의 입장을 찬성한다는 뜻의 인증서 또는 진술서를 제출하였다가 다시 이를 번복하는 내용의 자료를 제출하는 등 장기간 이어진 원·피고의 다툼으로 혼란과 고통을 겪고 있다.  인정 근거 갑 제1 내지 14, 24호증, 을 제1 내지 4, 12 내지 20호증(가지번호 있는 경우 각 가지번호 포함)의 각 기재 또는 영상, 당심 증인 소외 1, 소외 2, 소외 3의 각 증언, 변론 전체의 취지  2. 이혼 청구에 대한 판단  가. 혼인의 파탄  위 인정 사실에 의하여 알 수 있는 다음과 같은 사정, 즉 ① 원고와 피고는 1990. 11.경 이후 현재까지 약 25년간 별거하면서 사실상 일체의 교류를 단절하고 있는 점, ② 원고는 다른 여성과 25년간 중혼적 사실혼 관계를 유지하면서 그 사이에서 혼외자를 출산하였고, 앞서 본 혼인무효확인소송에 이어 이 사건 이혼 소송을 제기하는 등 피고와의 혼인관계를 유지할 의사가 전혀 없는 점, ③ 피고 또한 약 25년의 별거기간 동안 원고에게 별다른 연락을 한 바 없고, 원고와의 혼인관계를 회복하기 위해 대화, 편지, 방문, 기타 진지한 노력을 시도하였다는 사정을 전혀 찾아보기 어려운 점, ④ 원·피고의 자녀들도 원·피고의 혼인관계가 파탄에 이르렀음을 인정하고 있는 점 등을 종합하여 고려하면, 원·피고의 부부로서의 혼인생활은 그 실체가 완전히 형해화되어 이미 파탄에 이르렀음이 인정된다.  나. 파탄의 원인  나아가 원·피고 사이의 혼인관계가 파탄에 이른 원인에 대하여 살피건대, 그 주된 원인은 위 인정 사실에서 본 바와 같이 원·피고가 1983. 3. 19. 두 번째 혼인신고를 마친 이후에도 다른 여성과 부정행위를 하고, 1990. 11.경부터 소외 6과 중혼적 사실혼 관계를 유지하면서 그 사이에 혼외자까지 출산한 원고에게 있다고 봄이 상당하고, 이와 같이 혼인관계의 파탄에 주된 책임이 있는 유책배우자는 민법 제840조 제6호에 기해 그 파탄을 사유로 하여 이혼을 청구할 수 없음이 원칙이라 할 것이다(대법원 1990. 4. 27. 선고 90므95 판결, 대법원 1993. 3. 9. 선고 92므990 판결 등 참조).  다. 유책배우자의 이혼 청구  1) 그러나 대법원판례가 유책배우자의 이혼청구를 허용하지 아니하는 것은 혼인제도가 요구하는 도덕성에 배치되고 신의성실의 원칙에 반하는 결과를 방지하려는 데에 있으므로, 혼인제도가 추구하는 이상과 신의성실의 원칙에 비추어 보더라도 그 책임이 반드시 이혼청구를 배척해야 할 정도로 남아 있지 아니한 경우에는 그러한 배우자의 이혼청구는 혼인과 가족제도를 형해화할 우려가 없고 사회의 도덕관·윤리관에도 반하지 아니한다고 할 것이므로 허용될 수 있다고 보아야 한다.  그리하여 상대방 배우자도 혼인을 계속할 의사가 없어 일방의 의사에 의한 이혼 내지 축출이혼의 염려가 없는 경우는 물론, 나아가 이혼을 청구하는 배우자의 유책성을 상쇄할 정도로 상대방 배우자 및 자녀에 대한 보호와 배려가 이루어진 경우, 세월의 경과에 따라 혼인파탄 당시 현저하였던 유책배우자의 유책성과 상대방 배우자가 받은 정신적 고통이 점차 약화되어 쌍방의 책임의 경중을 엄밀히 따지는 것이 더 이상 무의미할 정도가 된 경우 등과 같이 혼인생활의 파탄에 대한 유책성이 그 이혼청구를 배척해야 할 정도로 남아 있지 아니한 특별한 사정이 있는 경우에는 예외적으로 유책배우자의 이혼청구를 허용할 수 있고, 이와 같이 유책배우자의 이혼청구를 예외적으로 허용할 수 있는지를 판단할 때에는, 유책배우자의 책임의 태양·정도, 상대방 배우자의 혼인계속의사 및 유책배우자에 대한 감정, 당사자의 연령, 혼인생활의 기간과 혼인 후의 구체적인 생활관계, 별거기간, 부부간의 별거 후에 형성된 생활관계, 혼인생활의 파탄 후 여러 사정의 변경 여부, 이혼이 인정될 경우의 상대방 배우자의 정신적·사회적·경제적 상태와 생활보장의 정도, 미성년 자녀의 양육·교육·복지의 상황, 그 밖의 혼인관계의 여러 사정을 두루 고려하여야 한다(대법원 2015. 9. 15. 선고 2013므568 전원합의체 판결 참조).  2) 이 사건으로 돌아와 위 법리에 비추어 살피건대, 앞서 본 증거들 및 변론 전체의 취지에 의하여 인정되는 다음과 같은 사정, 즉 ① 원·피고가 원고의 귀책사유로 인하여 본격적으로 별거에 이르게 되었다고 하더라도, 25년 이상의 장기간의 별거생활이 지속되면서 혼인의 실체가 완전히 해소되고 원고와 피고가 각자 독립적인 생활관계를 갖기에 이른 점, ② 위와 같이 원·피고 사이의 부부공동생활 관계의 해소 상태가 장기화되면서 원고의 유책성도 세월의 경과에 따라 상당 정도 약화되고 원고가 처한 상황에 비추어 그에 대한 사회적 인식이나 법적 평가도 달라질 수밖에 없으므로, 현 상황에 이르러 원고와 피고의 이혼 여부를 판단하는 기준으로서 파탄에 이르게 된 책임의 경중을 엄밀히 따지는 것은 그 법적·사회적 의의가 현저히 감쇄(減殺)되었다고 보이는 점, ③ 원고와의 이혼을 거절하는 피고의 혼인계속의사는 일반적으로 이혼 여부를 판단함에 있어서 반드시 참작하여야 하는 요소이기는 하지만, 별거기간 및 이 사건 변론 과정에 나타난 사정을 종합하면 피고에게 진정으로 원고와의 혼인관계를 유지하고자 하는 의사가 있는지 의문이 들고, 피고의 이혼 불원 의사는 혼인의 실체를 상실한 외형상의 법률혼 관계만을 형식적으로 계속 유지하려는 것에 다름 아니라고 보이며, 피고의 혼인계속의사에 따라 현재와 같은 파탄 상황을 유지하게 되면 특히 고령의 원고에게 참을 수 없는 고통을 계속 주는 결과를 가져올 것으로 보이는 점, ④ 원고와 피고 사이에 출생한 자녀들도 원고와 피고의 혼인관계가 형해화되었음을 인정하고 있고, 차남의 상견례에 원고와 소외 6이 부부로 참석하거나, 장남과 삼남이 원고, 소외 6 및 이복동생 소외 7과 교류하는 등 원고와 소외 6이 부부로서 생활하고 있는 사실을 받아들이고 있는 것으로 보이는 점, ⑤ 원고가 별거기간 중에도 자녀들에게 상당한 금전적 지원을 하였고, 피고는 현재 일정한 소득이 있을 뿐 아니라 경제적으로도 넉넉하여 자녀들에게 적지 않은 재산을 증여하였으며, 원·피고 사이의 자녀들도 중년의 나이에 이르러 각자 경제적으로 독립된 생활을 하는 등 축출이혼의 염려가 없는 점 등을 종합하여 고려하면, 원고와 피고의 혼인은 혼인의 본질에 상응하는 부부공동생활 관계가 회복할 수 없을 정도로 파탄되고, 그 혼인생활의 계속을 강제하는 것이 일방 배우자에게 참을 수 없는 고통이 된다고 할 것이며, 혼인제도가 추구하는 목적과 민법의 지도이념인 신의성실의 원칙에 비추어 보더라도 혼인관계의 파탄에 대한 원고의 유책성이 반드시 원고의 이혼청구를 배척하지 않으면 아니 될 정도로 여전히 남아 있다고 단정할 수 없는 경우에 해당한다 할 것이어서, 원고와 피고의 혼인에는 민법 제840조 제6호 소정의 ‘혼인을 계속하기 어려운 중대한 사유가 있을 때’라는 이혼원인이 존재한다고 할 것이다.  3. 결론  그렇다면 원고의 청구는 이유 있어 이를 인용할 것인바, 제1심판결은 이와 결론을 달리하여 부당하므로, 제1심판결을 취소하고 원고의 청구를 인용하기로 하여 주문과 같이 판결한다.판사 민유숙(재판장) 정용신 김태은 "
179634,이혼등·이혼등,2014드단201540,부산가정법원,"甲과 乙은 법률상 부부로서 자녀 丙을 두고 있었는데, 이혼 소송에 이르기 전에 ‘협의이혼하고, 친권자는 공동으로, 양육자는 乙로 하며, 공동 임대차보증금을 반반으로 나눈 후 甲이 乙에게 양육비를 일시금으로 지급하되, 그 외에는 양육비, 위자료, 재산분할 청구 소송을 제기하지 아니한다’는 내용의 합의서를 작성하고 공증을 받았으나 乙이 정기금의 형태로 양육비의 지급을 구하고 있는 사안에서, 甲과 乙 사이에 선행하여야 하는 협의이혼이 이루어지지 않았을 뿐만 아니라, 甲과 乙의 재산 및 소득상황, 丙이 처한 사정과 일시금의 액수 등을 고려해 보면 양육비 일시금 지급 약정이 丙의 복리에 현저히 반하므로 효력이 없다고 한 사례.","원고(반소피고) 피고(반소원고) 사건본인 변론종결2015. 9. 11.주    문1. 본소 및 반소에 의하여, 원고(반소피고)와 피고(반소원고)는 이혼한다.2. 피고(반소원고)의 나머지 위자료, 재산분할 청구를 각 기각한다.3. 사건본인의 친권자 및 양육자로 피고(반소원고)를 지정한다.4. 원고(반소피고)는 피고(반소원고)에게 사건본인에 대한,가. 과거 양육비로 3,801,000원 및 이에 대한 이 판결확정일 다음 날부터 다 갚는 날까지 연 5%의 비율로 계산한 돈을 지급하고,나. 장래 양육비로 2015. 8. 24.부터 사건본인이 중학교 입학하기 전까지 월 50만 원씩, 중학교 입학 이후부터 고등학교 입학 전까지 월 60만 원씩, 고등학교 입학 이후부터 2022. 10. 23.까지 월 70만 원씩을 매월 말일에 각 지급하라.5. 원고는 매월 둘째, 넷째 주 일요일 10시부터 17시까지 사건본인을 면접교섭할 수 있다. 원고와 피고는 사건본인이 성장함에 따라 면접교섭의 횟수, 시간을 변경(연장)하는 문제에 대하여 성실히 협의하여야 한다.6. 제4항은 가집행할 수 있다.7. 소송총비용은 각자 부담한다.청구취지본소주문 제1항 및 사건본인의 친권자 및 양육자로 원고(반소피고, 이하 ‘원고’라고만 한다)를 지정한다. 피고(반소원고, 이하 ‘피고’라고만 한다)는 원고에게 사건본인의 양육비로 이 사건 소장송달 다음 날부터 2022. 10. 24.까지 월 30만 원씩을 매월 말일에 지급하라.반소주문 제1, 3항 및 원고는 피고에게 위자료로 1,000만 원 및 이에 대한 이 사건 반소장 송달 다음 날부터 다 갚는 날까지 연 20%의 비율로 계산한 돈을 지급하라. 원고는 피고에게 재산분할로 2,300만 원 및 이에 대한 이 사건 판결확정일 다음 날부터 다 갚는 날까지 연 5%의 비율로 계산한 돈을 지급하라. 원고는 피고에게 사건본인에 대한, 과거 양육비로 1,900만 원 및 이에 대한 이 사건 판결확정일 다음 날부터 다 갚는 날까지 연 5%의 비율로 계산한 돈을, 장래 양육비로 이 사건 판결 선고일부터 2022. 10. 23.까지 월 80만 원씩을 매월 말일에 각 지급하라.이    유본소와 반소를 함께 본다.  1. 인정 사실  가. 원고와 피고는 2011. 3. 7. 혼인신고를 마친 법률상 부부다.  나. 원고와 피고는 혼인생활 중 불화를 겪다가 자주 싸웠고, 이에 피고가 2013. 5. 8.경 집을 나가 현재까지 별거 중이다. 피고는 2013. 10. 24. 사건본인을 출산하여 홀로 키우고 있다.  다. 원고와 피고는 2014. 2. 17. ‘원고와 피고가 협의이혼하고, 사건본인에 대한 친권자는 공동으로, 양육자는 피고로 하며, 원고와 피고의 공동 임대차보증금 9,000만 원에서 대출금 2,100만 원을 공제한 6,900만 원을 반반으로 나눈 후 원고가 3,550만 원을 피고에게 양육비를 일시금으로 지급하되, 그 외에는 양육비, 위자료, 재산분할 청구 소송을 제기하지 아니한다’는 취지의 합의서를 작성하고, 공증을 받았다.  라. 피고는 주거지의 공동 임차인으로서 그 지분에 상응한 4,500만 원(9,000만 원의 1/2)을 임대인으로부터 수령한 후 양육비를 일시금으로 지급받은 것보다는 정기금의 형태로 지급받는 것으로 마음이 바뀌었다. 원고는 혼인 전부터 화물차를 가지고 택배업에 종사하고 있다.  마. 이후 원고와 피고는 협의이혼에 이르지 못하고 이 사건 소송에 이르렀다.  바. 한편 2013. 5. 8. 별거가 시작될 무렵을 기준으로 원고는 해약환급금으로 150,000원, 6,710,675원, 1,892,210원 합계 8,752,885원이, 피고는 해약환급금으로 62,870원, 국민연금납입금 2,087,485원 합계 2,150,355원이 있었다.  인정 근거 다툼 없는 사실, 갑 제1 내지 10호증, 을 제6호증(가지번호 있는 것은 각 가지번호 포함)의 각 기재, 알리안츠생명보험 주식회사, 우리아비바생명 주식회사, 국민연금공단, 동부화재해상보험 주식회사에 대한 사실조회(제출명령) 결과, 변론 전체의 취지  2. 본소 및 반소 이혼 청구에 관한 판단  위 인정 사실 및 이 사건 본소와 반소를 통하여 원, 피고 모두 이혼을 원하고 있고, 2013. 5. 8. 이래로 별거하면서 혼인관계 회복을 위한 노력을 하지 않고 있는 점 등에 비추어 보면, 원고와 피고의 혼인관계는 더 이상 회복될 수 없을 정도로 파탄에 이르렀다고 봄이 상당하므로, 원고의 본소 이혼 청구 및 피고의 반소 이혼 청구는 민법 제840조 제6호의 사유로 각 이유 있다.  3. 반소 위자료 청구에 관한 판단  위 인정 사실 및 변론 전체의 취지에 의하면, 혼인생활이 얼마 되지 아니하였는데도 가정생활을 원만하게 이루지 못하고, 부부관계의 갈등을 슬기롭게 해결하지 못한 원고와 피고 모두에게 책임이 있고, 원고와 피고가 협의이혼을 통해 혼인을 해소하고 위자료를 청구하지 않기로 합의한 내용 등을 아울러 고려하면 그 책임의 정도는 상호 비슷한 것으로 보인다.  따라서 상대방에게 혼인 파탄에 대해 더 큰 책임이 있음을 전제로 하는 피고의 반소 위자료 청구는 이유 없다.  4. 반소 재산분할 청구에 관한 판단  앞서 본 바와 같은 원고와 피고의 혼인기간, 재산의 형성 및 관리 상황, 소유 명의 및 이용 상황, 분할의 편의성, 원고와 피고의 합의 내용 등 이 사건 변론에 나타난 모든 사정을 종합하면, 이 사건 재산분할은 분할대상 재산을 원고와 피고가 각 50%의 비율로 분할하는 것이 합리적이다. 이에 따라 피고의 정당한 재산분할금액을 계산하면, 원고와 피고의 총재산 79,903,240원의 50% 금액인 39,951,620원에서 피고가 보유하고 있는 2,150,355원을 공제하면 37,801,265원을 추가로 받으면 되었다.  그런데 피고가 임대차보증금 중 4,500만 원을 수령하였으므로 결국 피고는 7,198,735원(4,500만 원 - 37,801,265원)을 초과 보유한 셈이 되었다.  따라서 추가로 재산분할할 돈이 있음을 전제로 하는 피고의 반소 재산분할 청구도 이유 없다.  5. 친권자 및 양육자 지정, 양육비 청구, 면접교섭에 대한 직권판단  가. 친권자 및 양육자 지정  원고도 사건본인에 대한 애착이 상당한 것으로 보이나, 별거기간 동안 피고가 사건본인을 양육하고 있을 뿐만 아니라 사건본인과의 관계도 원만한 점 및 원고와 피고의 혼인생활과 파탄경위, 피고의 양육의사와 양육태도, 공동 친권을 합의한 당시와 달리 원고와 피고 사이의 갈등이 강화된 사정, 사건본인의 나이와 성별 등 이 사건 변론에 나타난 모든 사정을 참작하면, 사건본인의 원만한 성장과 복지를 위하여 사건본인의 친권자 및 양육자로 피고를 지정함이 상당하다.  나. 양육비 청구  사건본인의 친권자 및 양육자로 피고가 지정된 이상 원고는 사건본인의 아버지로서 양육비를 분담하여야 할 의무가 있고, 원고와 피고의 직업 및 소득 정도, 사건본인의 나이 및 양육상황, 분담의 형평성 등 이 사건 변론에 나타난 모든 사정을 참작하면, 원고가 피고에게 사건본인이 출생한 2013. 10. 24.부터 사건본인이 중학교 입학하기 전까지 월 50만 원씩, 중학교 입학 이후부터 고등학교 입학 전까지 월 60만 원씩, 고등학교 입학 이후부터 2022. 10. 23.까지 월 70만 원씩을 매월 말일에 지급하는 것으로 정함이 상당한데, 다만 과거 양육비 부분은 2013. 10. 24.부터 변론종결일에 가까운 2015. 8. 23.까지의 양육비 1,100만 원(22개월 × 500,000원)에서 피고가 초과 보유한 재산분할금 7,198,735원을 공제한 3,801,000원(천 원 미만 버림) 및 이에 대하여 원고가 구하는 이 판결확정일 다음 날부터 다 갚는 날까지 연 5%의 비율로 계산한 돈을 지급하는 것으로 정한다.  이에 대하여 원고는, 피고와 사이에 사건본인에 대한 양육비 일시금 지급 약정이 있었고, 이와 별도의 양육비 청구 소송을 제기하지 않기로 하였으므로 이 부분 청구가 부제소합의에 반하거나 부당하다고 주장하나, 원고와 피고 사이에 선행하여야 하는 협의이혼이 이루어지지 않았을 뿐만 아니라 원고와 피고 사이의 양육비 일시금 지급 약정이 원고와 피고의 재산 및 소득상황, 사건본인이 처한 사정과 일시금의 액수 등을 고려해 보면 사건본인의 복리에 현저히 반하므로 위 약정은 효력이 없다.  다. 면접교섭(직권판단)  한편 비양육친은 사건본인의 복리에 반하지 않는 한 사건본인과 면접교섭할 권리가 있고, 위 인정 사실 및 사건본인의 나이, 성별, 생활 환경 및 양육 상황, 원고와 사건본인의 접촉 정도 등 이 사건 변론에 나타난 모든 사정을 참작하면, 주문 제5항과 같이 면접교섭의 횟수와 시간을 정하는 것이 사건본인의 원만한 성장과 인격 형성을 위하여 타당하고 판단된다.  6. 결론  그렇다면 원고와 피고의 본소 및 반소 각 이혼 청구는 이유 있어 이를 인용하고, 피고의 위자료, 재산분할 청구는 이유 없어 이를 각 기각하되, 친권자 및 양육자 지정, 양육비 청구, 면접교섭에 관하여는 위와 같이 정하기로 하여 주문과 같이 판결한다.판사 김홍기 "
209251,이혼유책배우자 이혼청구 사건,2013므568,대법원,"다수의견 (가) 이혼에 관하여 파탄주의를 채택하고 있는 여러 나라의 이혼법제는 우리나라와 달리 재판상 이혼만을 인정하고 있을 뿐 협의상 이혼을 인정하지 아니하고 있다. 우리나라에서는 유책배우자라 하더라도 상대방 배우자와 협의를 통하여 이혼을 할 수 있는 길이 열려 있다. 이는 유책배우자라도 진솔한 마음과 충분한 보상으로 상대방을 설득함으로써 이혼할 수 있는 방도가 있음을 뜻하므로, 유책배우자의 행복추구권을 위하여 재판상 이혼원인에 있어서까지 파탄주의를 도입하여야 할 필연적인 이유가 있는 것은 아니다.  우리나라에는 파탄주의의 한계나 기준, 그리고 이혼 후 상대방에 대한 부양적 책임 등에 관해 아무런 법률 조항을 두고 있지 아니하다. 따라서 유책배우자의 상대방을 보호할 입법적인 조치가 마련되어 있지 아니한 현 단계에서 파탄주의를 취하여 유책배우자의 이혼청구를 널리 인정하는 경우 유책배우자의 행복을 위해 상대방이 일방적으로 희생되는 결과가 될 위험이 크다.  유책배우자의 이혼청구를 허용하지 아니하고 있는 데에는 중혼관계에 처하게 된 법률상 배우자의 축출이혼을 방지하려는 의도도 있는데, 여러 나라에서 간통죄를 폐지하는 대신 중혼에 대한 처벌규정을 두고 있는 것에 비추어 보면 이에 대한 아무런 대책 없이 파탄주의를 도입한다면 법률이 금지하는 중혼을 결과적으로 인정하게 될 위험이 있다.  가족과 혼인생활에 관한 우리 사회의 가치관이 크게 변화하였고 여성의 사회 진출이 대폭 증가하였더라도 우리 사회가 취업, 임금, 자녀양육 등 사회경제의 모든 영역에서 양성평등이 실현되었다고 보기에는 아직 미흡한 것이 현실이다. 그리고 우리나라에서 이혼율이 급증하고 이혼에 대한 국민의 인식이 크게 변화한 것이 사실이더라도 이는 역설적으로 혼인과 가정생활에 대한 보호의 필요성이 그만큼 커졌다는 방증이고, 유책배우자의 이혼청구로 인하여 극심한 정신적 고통을 받거나 생계유지가 곤란한 경우가 엄연히 존재하는 현실을 외면해서도 아니 될 것이다.  (나) 이상의 논의를 종합하여 볼 때, 민법 제840조 제6호 이혼사유에 관하여 유책배우자의 이혼청구를 원칙적으로 허용하지 아니하는 종래의 대법원판례를 변경하는 것이 옳다는 주장은 아직은 받아들이기 어렵다.  유책배우자의 이혼청구를 허용하지 아니하는 것은 혼인제도가 요구하는 도덕성에 배치되고 신의성실의 원칙에 반하는 결과를 방지하려는 데 있으므로, 혼인제도가 추구하는 이상과 신의성실의 원칙에 비추어 보더라도 책임이 반드시 이혼청구를 배척해야 할 정도로 남아 있지 아니한 경우에는 그러한 배우자의 이혼청구는 혼인과 가족제도를 형해화할 우려가 없고 사회의 도덕관·윤리관에도 반하지 아니하므로 허용될 수 있다.  그리하여 상대방 배우자도 혼인을 계속할 의사가 없어 일방의 의사에 따른 이혼 내지 축출이혼의 염려가 없는 경우는 물론, 나아가 이혼을 청구하는 배우자의 유책성을 상쇄할 정도로 상대방 배우자 및 자녀에 대한 보호와 배려가 이루어진 경우, 세월의 경과에 따라 혼인파탄 당시 현저하였던 유책배우자의 유책성과 상대방 배우자가 받은 정신적 고통이 점차 약화되어 쌍방의 책임의 경중을 엄밀히 따지는 것이 더 이상 무의미할 정도가 된 경우 등과 같이 혼인생활의 파탄에 대한 유책성이 이혼청구를 배척해야 할 정도로 남아 있지 아니한 특별한 사정이 있는 경우에는 예외적으로 유책배우자의 이혼청구를 허용할 수 있다.  유책배우자의 이혼청구를 예외적으로 허용할 수 있는지 판단할 때에는, 유책배우자 책임의 태양·정도, 상대방 배우자의 혼인계속의사 및 유책배우자에 대한 감정, 당사자의 연령, 혼인생활의 기간과 혼인 후의 구체적인 생활관계, 별거기간, 부부간의 별거 후에 형성된 생활관계, 혼인생활의 파탄 후 여러 사정의 변경 여부, 이혼이 인정될 경우의 상대방 배우자의 정신적·사회적·경제적 상태와 생활보장의 정도, 미성년 자녀의 양육·교육·복지의 상황, 그 밖의 혼인관계의 여러 사정을 두루 고려하여야 한다.  대법관 민일영, 대법관 김용덕, 대법관 고영한, 대법관 김창석, 대법관 김신, 대법관 김소영의 반대의견 (가) 이혼에 대한 사회 일반의 인식, 사회·경제적 환경의 변화와 아울러 이혼 법제 및 실무의 변화 등을 함께 종합하여 볼 때, 유책배우자의 이혼청구라는 이유만으로 민법 제840조 제6호 이혼사유에 의한 재판상 이혼청구를 제한하여야 할 필요는 상당히 감소하였다.  상대방 배우자의 혼인계속의사는 부부공동생활관계가 파탄되고 객관적으로 회복할 수 없을 정도에 이르렀는지 등을 판단할 때에 참작하여야 하는 중요한 요소라 할 수 있다. 그렇지만 그러한 의사를 참작하였음에도 부부공동생활관계가 객관적으로 회복할 수 없을 정도로 파탄되었다고 인정되는 경우에, 다시 상대방 배우자의 주관적인 의사만을 가지고 형식에 불과한 혼인관계를 해소하는 이혼청구가 불허되어야 한다고 단정하는 것은 불합리하며, 협의가 이루어지지 아니할 때의 혼인해소 절차를 규정한 재판상 이혼제도의 취지에도 부합하지 아니한다.  간통죄는 과거의 간통행위 자체에 대한 형사적인 제재인 반면 혼인파탄에 따른 이혼은 혼인의 실체가 소멸함에 따른 장래의 혼인 법률관계의 해소로서 제도의 목적과 법적 효과가 다르므로, 간통을 한 유책배우자에 대한 형사적 제재가 없어졌다고 하더라도, 민사상의 불법행위에 해당하는 간통행위로 인한 손해배상책임을 강화하는 것은 별론으로 하고, 혼인의 실체가 소멸한 법률관계를 달리 처우하여야 할 필요는 없다.  (나) 위와 같은 여러 사정들을 종합하여 보면, 혼인관계가 파탄되었음에도 유책배우자가 이혼을 청구하고 상대방이 이를 거부한다는 사정만으로 일률적으로 이혼청구를 배척하는 것은 더 이상 이혼을 둘러싼 갈등 해소에 적절하고 합리적인 해결 방안이라고 보기 어렵다.  부부공동생활관계가 회복할 수 없을 정도로 파탄된 경우에는 원칙적으로 제6호 이혼사유에 해당하지만, 이혼으로 인하여 파탄에 책임 없는 상대방 배우자가 정신적·사회적·경제적으로 심히 가혹한 상태에 놓이는 경우, 부모의 이혼이 자녀의 양육·교육·복지를 심각하게 해치는 경우, 혼인기간 중에 고의로 장기간 부양의무 및 양육의무를 저버린 경우, 이혼에 대비하여 책임재산을 은닉하는 등 재산분할, 위자료의 이행을 의도적으로 회피하여 상대방 배우자를 곤궁에 빠뜨리는 경우 등과 같이, 유책배우자의 이혼청구를 인용한다면 상대방 배우자나 자녀의 이익을 심각하게 해치는 결과를 가져와 정의·공평의 관념에 현저히 반하는 객관적인 사정이 있는 경우에는 헌법이 보장하는 혼인과 가족제도를 형해화할 우려가 있으므로, 그와 같은 객관적인 사정이 부존재하는 경우에 한하여 제6호 이혼사유가 있다고 해석하는 것이 혼인을 제도적으로 보장한 헌법 정신에 부합한다.  그리고 혼인파탄에 책임이 없는 배우자에 대하여 재판상 이혼을 허용할 경우에도, 혼인관계 파탄으로 입은 정신적 고통에 대한 위자료의 액수를 정할 때에 주된 책임이 있는 배우자의 유책성을 충분히 반영함으로써 혼인 해소에 대한 책임을 지우고 상대방 배우자에게 실질적인 손해 배상이 이루어질 수 있도록 하며, 재산분할의 비율·액수를 정할 때에도 혼인 중에 이룩한 재산관계의 청산뿐 아니라 부양적 요소를 충분히 반영하여 상대방 배우자가 이혼 후에도 혼인 중에 못지않은 생활을 보장받을 수 있도록 함으로써, 이혼청구 배우자의 귀책사유와 상대방 배우자를 위한 보호 및 배려 사이에 균형과 조화를 도모하여야 한다.","원고, 상고인 원고 (소송대리인 변호사 장순재)피고, 피상고인 피고 (소송대리인 변호사 박경환 외 1인)원심판결 대구가법 2013. 1. 11. 선고 2012르754 판결주    문  상고를 기각한다.  상고비용은 원고가 부담한다.이    유  상고이유(상고이유서 제출기간이 경과한 후에 제출된 원고 준비서면들의 기재는 상고이유를 보충하는 범위 내에서)를 판단한다.  1. 가. 혼인은 일생의 공동생활을 목적으로 하여 부부의 실체를 이루는 신분상 계약으로서, 그 본질은 애정과 신뢰에 바탕을 둔 인격적 결합에 있다. 부부는 동거하며 서로 부양하고 협조하여야 할 의무가 있는데(민법 제826조 제1항), 이는 혼인의 본질이 요청하는 바로서, 혼인생활을 함에 있어서 부부는 애정과 신의 및 인내로써 상대방을 이해하고 보호하여 혼인생활의 유지를 위한 최선의 노력을 기울여야 하고, 혼인생활 중에 장애가 되는 여러 사태에 직면하는 경우가 있더라도 그러한 장애를 극복하기 위한 노력을 다하여야 하며, 일시 부부간의 화합을 저해하는 사정이 있다는 이유로 혼인생활의 파탄을 초래하는 행위를 하여서는 아니 된다(대법원 1999. 2. 12. 선고 97므612 판결 등 참조).  나. 혼인은 이혼에 의하여 해소된다. 부부는 협의에 의하여 이혼할 수 있고(민법 제834조), 부부의 일방은 법률에 정한 사유가 있는 경우에는 가정법원에 이혼을 청구할 수 있다(민법 제840조). 민법 제840조는 제1호 내지 제5호에서 재판상 이혼원인이 되는 이혼사유를 ‘배우자에 부정한 행위가 있었을 때’와 같이 구체적·개별적으로 열거하고 있는 외에, 제6호에서 ‘기타 혼인을 계속하기 어려운 중대한 사유가 있을 때’(이하 ‘제6호 이혼사유’라고 한다)를 이혼사유로 규정하고 있다. 그리고 제6호 이혼사유의 의미에 관하여 대법원판례는 혼인의 본질에 상응하는 부부공동생활관계가 회복할 수 없을 정도로 파탄되고, 혼인생활의 계속을 강제하는 것이 일방 배우자에게 참을 수 없는 고통이 되는 경우를 말한다고 해석하여 왔다(대법원 1991. 7. 9. 선고 90므1067 판결, 대법원 2007. 12. 14. 선고 2007므1690 판결, 대법원 2009. 12. 24. 선고 2009므2130 판결 등 참조).  다. 이혼제도에 관한 각국의 입법례를 살펴보면, 배우자 중 어느 일방이 동거·부양·협조·정조 등 혼인에 따른 의무에 위반되는 행위를 한 때와 같이 이혼사유가 명백한 경우에 그 상대방에게만 재판상의 이혼청구권을 인정하는 이른바 유책주의(有責主義)와 부부 당사자의 책임 유무를 묻지 아니하고 혼인의 목적을 달성할 수 없는 사실 즉 혼인을 도저히 계속할 수 없는 객관적 사정인 파탄을 이유로 하여 이혼을 허용하는 이른바 파탄주의(破綻主義)로 대별할 수 있다.  우리 헌법은 제36조 제1항에서 ""혼인과 가족생활은 개인의 존엄과 양성의 평등을 기초로 성립되고 유지되어야 하며, 국가는 이를 보장한다.""고 규정하고 있으므로, 개인의 존엄과 양성의 평등은 혼인의 효력뿐만 아니라 재판상 이혼사유에 관한 평가 및 판단에서도 지도원리가 된다. 따라서 법원은 민법 제840조에 규정된 재판상 이혼제도를 운영함에 있어서 개인의 존엄과 양성의 평등을 지도원리로 하여 우리나라의 사회·경제적 현실과 국민의 보편적 도덕관념 그리고 각국의 입법추세 등을 면밀히 검토한 다음 상충되는 법익을 조정하면서도 일관된 법 정책을 유지함으로써 국민의 법 생활에 불필요한 혼란이 발생하지 아니하도록 하여야 할 것이다.  2. 가. 대법원은 일찍부터 재판상 이혼원인에 관한 민법 제840조는 원칙적으로 유책주의를 채택하고 있는 것으로 해석하여 왔다. 그리하여 민법 제840조 제1호 내지 제5호의 이혼사유가 있는 것으로 인정되는 경우라 할지라도 전체적으로 보아 그 이혼사유를 일으킨 배우자보다도 상대방 배우자에게 혼인파탄의 주된 책임이 있는 경우에는 그 상대방 배우자는 그러한 이혼사유를 들어 이혼청구를 할 수 없다고 하였다(대법원 1993. 4. 23. 선고 92므1078 판결 등 참조). 또한 제6호 이혼사유에 관하여도 혼인생활의 파탄에 주된 책임이 있는 배우자는 그 파탄을 사유로 하여 이혼을 청구할 수 없는 것이 원칙임을 확인하고 있다(대법원 1965. 9. 21. 선고 65므37 판결, 대법원 1971. 3. 23. 선고 71므41 판결, 대법원 1987. 4. 14. 선고 86므28 판결, 대법원 1990. 4. 27. 선고 90므95 판결, 대법원 1993. 3. 9. 선고 92므990 판결 등 참조).  그러면서도 대법원은 제6호 이혼사유에 관하여, 혼인의 파탄을 자초한 배우자에게 재판상 이혼청구권을 인정하는 것은 혼인제도가 요구하고 있는 도덕성에 근본적으로 배치되고 배우자 일방의 의사에 의한 이혼 내지는 축출이혼을 시인하는 부당한 결과가 되므로 혼인의 파탄에도 불구하고 이혼을 희망하지 아니하고 있는 상대방 배우자의 의사에 반하여서는 이혼을 할 수 없도록 하려는 것일 뿐, 상대방 배우자에게도 그 혼인을 계속할 의사가 없음이 객관적으로 명백한 경우에까지 파탄된 혼인의 계속을 강제하려는 취지는 아니므로, 상대방 배우자도 이혼의 반소를 제기하고 있는 경우 혹은 오로지 오기나 보복적 감정에서 표면적으로는 이혼에 불응하고 있기는 하나 실제에 있어서는 혼인의 계속과는 도저히 양립할 수 없는 행위를 하는 등 이혼의 의사가 객관적으로 명백한 경우에는 비록 혼인의 파탄에 관하여 전적인 책임이 있는 배우자의 이혼청구라 할지라도 이를 인용함이 타당하고, 그러한 경우에까지 이혼을 거부하여 혼인의 계속을 강제하는 것은 쌍방이 더 이상 계속할 의사가 없는 혼인관계가 형식상 지속되고 있음을 빌미로 하여 유책배우자를 사적으로 보복하는 것을 도와주는 것에 지나지 아니하여 이를 시인할 수 없다는 견해를 취하고 있다(위에서 본 대법원 86므28 판결, 대법원 2009므2130 판결 및 대법원 1993. 11. 26. 선고 91므177, 184 판결, 대법원 1997. 5. 16. 선고 97므155 판결 등 참조).  나. 이러한 대법원판례의 태도에 대하여는 우리나라와 유사한 법제를 가지고 있는 여러 나라의 입법례가 유책주의에서 파탄주의로 이미 바뀐 점, 부부공동생활관계가 도저히 회복될 수 없을 정도로 파탄되었다면 혼인은 한낱 형식에 불과할 뿐 이혼은 불가피한 것임에도 불구하고 유책배우자라고 하여 혼인관계를 계속 유지하라고 강제하는 것은 개인의 존엄과 행복추구권을 침해하는 면이 있는 점, 유책배우자의 이혼청구를 배척하는 판례가 형성된 1960년대 중반이나 그 판례가 확립된 1980년대 후반까지는 민법상 재산분할과 면접교섭권 제도가 없었으나 그 후 민법이 개정되어 이혼한 당사자에게 재산분할청구권과 면접교섭권이 부여되었을 뿐만 아니라 자녀에 대한 양육권, 친권 등도 남녀 간에 차별 없이 평등하게 보장되기에 이른 점, 우리 사회가 경제발전과 더불어 가족보다 개인을 중요시하는 사회로 변화되고 있고 여성의 사회적 진출이 증가하였을 뿐만 아니라 1990년대 중반 이후부터는 이혼율이 급증하여 이혼에 대한 국민의 인식이 크게 변화된 점 등을 고려하여 볼 때, 이제는 제6호 이혼사유의 해석에 있어서도 본래의 입법 취지에 맞게 유책배우자의 이혼청구라 하더라도 이를 허용하는 쪽으로 판례를 변경하여야 한다는 주장이 대두하고 있으므로, 이에 대하여 검토하여 본다.  다. 대법원이 종래 유책배우자의 이혼청구를 허용하지 아니한 데에는, 스스로 혼인의 파탄을 야기한 사람이 이를 이유로 이혼을 청구하는 것은 신의성실에 반하는 행위라는 일반적 논리와 아울러, 여성의 사회적·경제적 지위가 남성에 비해 상대적으로 열악한 것이 현실인 만큼 만일 유책배우자의 이혼청구를 널리 허용한다면, 특히 파탄에 책임이 없는 여성배우자가 이혼 후의 생계나 자녀 부양 등에 큰 어려움을 겪는 등 일방적인 불이익을 입게 될 위험이 크므로 유책인 남성배우자의 이혼청구를 불허함으로써 여성배우자를 보호하고자 하는 취지가 있다고 보인다. 이런 관점에서, 대법원이 종래 취해온 법의 해석을 바꾸려면 이혼에 관련된 전체적인 법체계와 현 시점에서 종래 대법원판례의 배경이 된 사회적·경제적 상황에 의미 있는 변화가 생겼는지 등에 관한 깊은 검토가 있어야 한다.  첫째로, 이혼에 관하여 파탄주의를 채택하고 있는 여러 나라의 이혼법제는 우리나라와 달리 재판상 이혼만을 인정하고 있을 뿐 협의상 이혼을 인정하지 아니하고 있다. 우리나라에서는 유책배우자라 하더라도 상대방 배우자와 협의를 통하여 이혼을 할 수 있는 길이 열려 있을 뿐만 아니라, 실제로도 2014년 현재 전체 이혼 중 77.7% 정도가 협의상 이혼에 해당하는 실정이다. 이는 곧 유책배우자라도 진솔한 마음과 충분한 보상으로 상대방을 설득함으로써 이혼할 수 있는 방도가 있음을 뜻하므로, 유책배우자의 행복추구권을 위하여 재판상 이혼원인에 있어서까지 파탄주의를 도입하여야 할 필연적인 이유가 있는 것은 아니다.  둘째로, 1990. 1. 13. 민법이 개정됨에 따라 부부가 이혼을 하는 경우 당사자에게 재산분할청구권과 면접교섭권이 부여됨으로써 이혼한 여성의 법적 지위에 관하여 개선이 이루어진 것은 사실이다. 그러나 파탄주의 입법례를 취하고 있는 나라들에서는 혼인생활이 파탄되더라도 미성년 자녀의 이익을 위하여 부부관계를 유지하는 것이 꼭 필요한 특별한 사정이 있거나 이혼에 동의하지 아니하는 일방에게 심히 가혹한 결과를 초래하는 경우 등에는 이혼을 허용하지 아니하는 이른바 ‘가혹조항’을 두어 파탄주의의 한계를 구체적이고 상세하게 규정하고 있고, 나아가 이혼을 허용하는 경우에도 이혼 후 부양 제도라든지 보상급부 제도 등 유책배우자에게 이혼 후 상대방에 대한 부양적 책임을 지우는 제도를 마련하고 있는 것이 일반적이다. 이는 한편으로 파탄주의 원칙을 채택하면서도 다른 한편 유책배우자의 상대방이나 자녀를 보호하는 제도적 장치를 둠으로써 파탄주의의 시행에 따른 상대방의 일방적인 희생을 방지하기 위한 것이다. 이에 반해 우리나라에는 파탄주의의 한계나 기준, 그리고 이혼 후 상대방에 대한 부양적 책임 등에 관해 아무런 법률 조항을 두고 있지 아니하다. 물론 법원이 판례로써 파탄주의의 적용에 관하여 어느 정도 기준을 제시할 수 있을 것이고, 또 위자료나 재산분할 제도의 운영에서 상대방에 대한 배려를 한층 높이는 방향으로 실무를 발전시켜 나갈 수도 있을 것이나, 그와 같은 사법적 기능만으로 상대방을 보호하기에는 너무나 불충분하고 한계가 있다. 따라서 유책배우자의 상대방을 보호할 입법적인 조치가 마련되어 있지 아니한 현 단계에서 파탄주의를 취하여 유책배우자의 이혼청구를 널리 인정하는 경우 유책배우자의 행복을 위해 상대방이 일방적으로 희생되는 결과가 될 위험이 크다.  셋째로, 유책배우자의 책임사유로는 여러 가지가 있겠지만 현실적으로 가장 문제가 되는 것은 배우자 아닌 사람과 사실혼에 가까운 불륜관계를 맺는 경우이다. 우리나라는 중혼을 금지하고 있고(민법 제810조), 이를 위반한 때에는 혼인의 취소를 청구할 수 있으나(민법 제816조 제1호), 이를 처벌하는 형벌규정을 두고 있지는 아니하다. 사실상 중혼에 대한 형벌조항으로 기능하던 간통죄가 2015. 2. 26. 헌법재판소의 위헌결정에 의하여 폐지된 이상 중혼에 대한 형사 제재가 없는 것이 사실이다. 대법원판례가 유책배우자의 이혼청구를 허용하지 아니하고 있는 데에는 중혼관계에 처하게 된 법률상 배우자의 축출이혼을 방지하려는 의도도 있는데, 여러 나라에서 간통죄를 폐지하는 대신 중혼에 대한 처벌규정을 두고 있는 것에 비추어 보면 이에 대한 아무런 대책 없이 파탄주의를 도입한다면 법률이 금지하는 중혼을 결과적으로 인정하게 될 위험이 있다.  넷째로, 가족과 혼인생활에 관한 우리 사회의 가치관이 크게 변화하였고 여성의 사회 진출이 대폭 증가하였더라도 우리 사회가 취업, 임금, 자녀양육 등 사회경제의 모든 영역에서 양성평등이 실현되었다고 보기에는 아직 미흡한 것이 현실이다. 그리고 우리나라에서 이혼율이 급증하고 이혼에 대한 국민의 인식이 크게 변화한 것이 사실이더라도 이는 역설적으로 혼인과 가정생활에 대한 보호의 필요성이 그만큼 커졌다는 방증이라고 할 수 있고, 유책배우자의 이혼청구로 인하여 극심한 정신적 고통을 받거나 생계유지가 곤란한 경우가 엄연히 존재하는 현실을 외면해서도 아니 될 것이다.  라. 이상의 논의를 종합하여 볼 때, 제6호 이혼사유에 관하여 유책배우자의 이혼청구를 원칙적으로 허용하지 아니하는 종래의 대법원판례를 변경하는 것이 옳다는 주장은 그 주장이 들고 있는 여러 논거를 감안하더라도 아직은 받아들이기 어렵다.  그러나 대법원판례가 유책배우자의 이혼청구를 허용하지 아니하는 것은 앞서 본 바와 같이 혼인제도가 요구하는 도덕성에 배치되고 신의성실의 원칙에 반하는 결과를 방지하려는 데에 있으므로, 혼인제도가 추구하는 이상과 신의성실의 원칙에 비추어 보더라도 그 책임이 반드시 이혼청구를 배척해야 할 정도로 남아 있지 아니한 경우에는 그러한 배우자의 이혼청구는 혼인과 가족제도를 형해화할 우려가 없고 사회의 도덕관·윤리관에도 반하지 아니한다고 할 것이므로 허용될 수 있다고 보아야 한다.그리하여 대법원판례에서 이미 허용하고 있는 것처럼 상대방 배우자도 혼인을 계속할 의사가 없어 일방의 의사에 의한 이혼 내지 축출이혼의 염려가 없는 경우는 물론, 나아가 이혼을 청구하는 배우자의 유책성을 상쇄할 정도로 상대방 배우자 및 자녀에 대한 보호와 배려가 이루어진 경우, 세월의 경과에 따라 혼인파탄 당시 현저하였던 유책배우자의 유책성과 상대방 배우자가 받은 정신적 고통이 점차 약화되어 쌍방의 책임의 경중을 엄밀히 따지는 것이 더 이상 무의미할 정도가 된 경우 등과 같이 혼인생활의 파탄에 대한 유책성이 그 이혼청구를 배척해야 할 정도로 남아 있지 아니한 특별한 사정이 있는 경우에는 예외적으로 유책배우자의 이혼청구를 허용할 수 있다. 이와 같이 유책배우자의 이혼청구를 예외적으로 허용할 수 있는지를 판단할 때에는, 유책배우자의 책임의 태양·정도, 상대방 배우자의 혼인계속의사 및 유책배우자에 대한 감정, 당사자의 연령, 혼인생활의 기간과 혼인 후의 구체적인 생활관계, 별거기간, 부부간의 별거 후에 형성된 생활관계, 혼인생활의 파탄 후 여러 사정의 변경 여부, 이혼이 인정될 경우의 상대방 배우자의 정신적·사회적·경제적 상태와 생활보장의 정도, 미성년 자녀의 양육·교육·복지의 상황, 그 밖의 혼인관계의 여러 사정을 두루 고려하여야 한다.  3. 원심판결과 원심이 인용한 제1심판결의 이유 및 기록에 의하면, ① 원고와 피고는 1976. 3. 9. 혼인신고를 마친 법률상 부부로서 그 사이에 성년인 자녀 3명을 두고 있는 사실, ② 원고는 2000. 1.경 집을 나와 원고의 딸을 출산한 소외인과 동거하고 있는 사실, ③ 피고는 원고가 집을 나간 후 혼자서 세 자녀를 양육한 사실, ④ 피고는 직업이 없고 원고로부터 생활비로 지급받은 월 100만 원 정도로 생계를 유지하였는데 그나마 2012. 1.경부터는 원고로부터 생활비를 지급받지 못하고 있는 사실, ⑤ 피고는 원심 변론종결 당시 만 63세가 넘는 고령으로서 위암 수술을 받고 갑상선 약을 복용하고 있는 등 건강이 좋지 아니하며 원고와의 혼인관계에 애착을 가지고 혼인을 계속할 의사를 밝히고 있는 사실 등을 알 수 있다.  이러한 사실관계를 앞서 본 법리에 비추어 살펴보면, 원고는 혼인생활의 파탄에 대하여 주된 책임이 있는 유책배우자이고, 혼인관계의 여러 사정을 두루 고려하여 보아도 피고가 혼인을 계속할 의사가 없음이 객관적으로 명백함에도 오기나 보복적 감정에서 이혼에 응하지 아니하고 있을 뿐이거나 원고의 유책성이 그 이혼청구를 배척해야 할 정도로 남아 있지 아니한 특별한 사정이 있는 경우에 해당한다고 할 수 없으므로, 원고는 그 파탄을 사유로 하여 이혼을 청구할 수 없다고 할 것이다.  원심이 같은 취지에서 원고의 이혼청구를 기각한 제1심판결을 유지한 조치는 정당하고, 거기에 상고이유 주장과 같이 논리와 경험의 법칙에 반하여 자유심증주의의 한계를 벗어나거나 제6호 이혼사유 또는 유책배우자의 재판상 이혼청구 등에 관한 법리를 오해하는 등의 잘못이 없다.  상고이유로 들고 있는 대법원판결은 이 사건과 사안이 다르므로 이 사건에 원용하기에 적절하지 아니하다.  4. 그러므로 상고를 기각하고 상고비용은 패소자가 부담하기로 하여, 주문과 같이 판결한다. 이 판결에 대하여는 대법관 민일영, 대법관 김용덕, 대법관 고영한, 대법관 김창석, 대법관 김신, 대법관 김소영의 반대의견이 있는 외에는 관여 법관의 의견이 일치하였다.  5. 대법관 민일영, 대법관 김용덕, 대법관 고영한, 대법관 김창석, 대법관 김신, 대법관 김소영의 반대의견은 다음과 같다.  가. 부부공동생활관계가 회복할 수 없을 정도로 파탄되었다면 이는 더 이상 혼인생활은 기대할 수 없음을 말하며, 결국 혼인의 실체가 소멸하여 부존재하고 혼인이라는 외형만이 남아 있을 뿐인 상태를 뜻한다. 혼인생활의 회복이 불가능하여 법률이 예정한 부부공동생활체로서의 혼인의 실체가 완전히 소멸하였다면, 이는 실질적인 이혼상태라 할 것이므로 그에 맞게 법률관계를 확인·정리하여 주는 것이 합리적이다. 이러한 상태의 부부공동생활관계에 대하여 이혼을 인정하는 것은 현재 소멸하여 있는 혼인 실체의 부존재를 확인하여 줌에 그칠 뿐, 아직 그 실체가 남아 있어 혼인생활이 회복될 가능성이 있음에도 새로이 그 실체를 깨뜨려 혼인을 해소하는 것이 아님에 유의하여야 한다.  따라서 비록 혼인생활이 회복할 수 없을 정도의 파탄 상태에 이르기까지 과정에는 여러 원인이 있을 수 있고 그에 따라 쌍방 또는 일방에게 주된 귀책사유가 있을 수 있지만, 혼인생활이 회복할 수 없을 정도의 파탄 상태에 이르러 혼인의 실체가 소멸한 이상 그 귀책사유는 더 이상 혼인의 실체 유지나 회복에 아무런 영향을 미치지 못하므로, 그 귀책사유가 그 혼인 해소를 결정짓는 판단 기준이 되지 못한다. 다만 그와 같은 귀책사유에 대하여는, 그로 인하여 상대방이 입은 손해나 상대방 보호에 필요한 사항을 이혼에 따른 배상책임 및 재산분할 등에 충분히 반영함으로써, 그에 상응한 책임을 묻고 아울러 이를 통하여 상대방 배우자를 보호할 수 있을 것이다.  그러므로 제6호 이혼사유가 부부공동생활관계가 회복할 수 없을 정도로 파탄되었고 그 혼인생활의 계속을 강제하는 것이 일방 배우자에게 참을 수 없는 고통이 되는 경우를 말한다고 하면서도, 그와 같이 회복불가능한 상태의 파탄에 이르게 된 주된 책임이 있는 배우자라는 이유만으로 제6호 이혼사유에 의한 재판상 이혼청구를 허용하여서는 아니 된다는 다수의견에는 찬성할 수 없고, 다수의견과 같은 취지의 종전 대법원판례는 변경되어야 한다.  아래에서 이와 같은 요지의 반대의견이 타당함에 대한 논거를 구체적으로 제시한다.  나. 혼인적령에 이른 사람이 혼인의 합의를 하고 혼인신고를 하면 혼인이 성립한다(민법 제807조, 제812조 제1항, 제815조 제1호). 혼인은 애정을 바탕으로 하여 일생의 공동생활을 목적으로 정신적·육체적·경제적으로 결합된 공동체로서, 부부 사이에는 동거하며 서로 부양하고 협조하여야 할 의무가 있다(민법 제826조 제1항). 헌법 제36조 제1항도 ""혼인과 가족생활은 개인의 존엄과 양성의 평등을 기초로 성립되고 유지되어야 하며, 국가는 이를 보장한다.""고 규정하여 혼인제도를 보호하고 있다. 혼인이 성립하면 부부는 애정과 신의 및 인내로써 상대방을 서로 이해하고 보호하여 부부공동생활로서의 혼인이 유지되도록 상호 간에 포괄적으로 협력하여야 하며, 혼인생활 중에 그 장애가 되는 여러 사태에 직면하는 경우가 있다 하더라도 이를 극복하기 위하여 최선의 노력을 하여야 한다. 그렇지만 혼인에 의하여 공동생활을 이룬 부부가 여러 사정에 의하여 더 이상 혼인을 유지할 수 없는 경우가 발생함에 따라, 민법은 이러한 혼인을 해소할 수 있는 방법으로 협의상 이혼(민법 제834조)과 재판상 이혼(민법 제840조) 제도를 두고 있다.  협의상 이혼은 가정법원으로부터 이혼의사를 확인받아 신고함으로써 효력이 생기며 그 이혼사유에 제한이 없으므로, 부부 사이에 이혼에 관한 진정한 합의가 이루어지면 이혼이 허용된다.  한편 재판상 이혼은 민법 제840조에서 정한 재판상 이혼사유가 있는 경우에 허용되며, 부부의 일방이 상대방의 동의 없이 가정법원에 재판상 이혼을 청구할 수 있다. 협의상 이혼제도를 두면서도 별도로 재판상 이혼제도를 마련한 목적은, 부부 사이에 이혼에 대한 의사합치가 이루어지지 아니하였더라도 혼인의 해소가 불가피한 경우가 있음을 고려하여, 헌법이 인정한 혼인의 제도적 보장 취지를 벗어나지 아니하는 범위 내에서 객관적인 재판상 이혼사유를 법률로 정하되 가정법원의 재판에 의하여 그 사유가 있다고 인정될 때에 이혼을 허용하려는 것이다.  이에 따라 민법 제840조는 재판상 이혼을 청구할 수 있는 이혼원인으로 제1호부터 제6호까지의 사유를 개별적으로 열거하고 있는데, 그중 제1호 내지 제5호의 사유는 부정행위, 악의의 유기, 심히 부당한 대우 또는 상대방의 3년 이상의 생사불명으로서 모두 이혼청구 상대방에게 책임 있는 사유를 구체적으로 정하고 있으나, 제6호 이혼사유는 ‘기타 혼인을 계속하기 어려운 중대한 사유가 있을 때’라고 하여 추상적·포괄적으로 규정하고 있다.  다. 그동안 대법원은 제6호 이혼사유인 ‘기타 혼인을 계속하기 어려운 중대한 사유가 있을 때’라 함은 혼인의 본질에 상응하는 부부공동생활관계가 회복할 수 없을 정도로 파탄되고 그 혼인생활의 계속을 강제하는 것이 일방 배우자에게 참을 수 없는 고통이 되는 경우를 말한다고 해석하여 왔다(위 대법원 90므1067 판결 등 참조).  혼인은 인간의 존엄과 가치를 실현하고 행복을 추구하는 바탕이 될 뿐만 아니라 사회생활에서 가장 기본이 되는 사회적 조직체인 가정을 형성하는 주요한 토대가 되는 것이어서 일단 맺어진 혼인관계는 유지되는 것이 바람직하다. 그렇지만 부부가 장기간 별거하는 등의 사유로 실질적으로 부부공동생활이 파탄되어 더 이상 존재하지 아니하게 되고 객관적으로 회복할 수 없는 정도에 이른 때에는, 정신적·육체적·경제적으로 결합된 공동체로서의 부부공동생활을 본질로 하는 혼인의 실체는 소멸하였다고 보아야 한다. 법적으로만 혼인이 해소되지 아니하였을 뿐, 혼인관계를 파탄되기 전의 상태로 돌이킬 수 없고 부부 사이의 애정과 신뢰의 회복이나 동거의무 등의 이행을 기대할 수 없는 이상, 그 혼인을 토대로 형성된 가정이 그 구성원인 부부와 자녀의 존엄과 가치를 실현하는 조직체로서의 기능을 수행하지 못하기 때문이다.  그리고 이와 같이 외형적으로만 혼인이 유지된 부부로서 서로 대립·갈등하는 관계가 장기간 지속됨에 따라 자녀의 인격형성과 정서 등에 부정적인 영향을 미치게 되고 또한 부부의 서로에 대한 악감정이 자녀에게 그대로 대물림되어 부모·자녀 관계마저 파탄에 이르게 될 우려도 있다.  그럼에도 외형뿐인 혼인관계를 존속시키면 이는 쌍방 배우자에게 실제로 이행 불가능한 부부공동생활 내지는 동거의무 등의 이행을 요구하는 것이 되어 불합리하고 그 혼인생활의 계속을 강제하는 것이 일방 배우자에게 참을 수 없는 고통이 될 수 있으므로, 이러한 경우에는 제6호 이혼사유인 혼인을 계속하기 어려운 중대한 사유가 있는 때에 해당한다고 보아야 한다.  이와 같이 부부공동생활관계가 회복할 수 없을 정도로 파탄되고 혼인생활의 계속을 강제하는 것이 일방 배우자에게 참을 수 없는 고통이 되는지 여부가 제6호 이혼사유의 해당 여부에 대한 기준이 되므로, 그 파탄의 정도, 혼인계속 의사의 유무, 파탄의 원인에 관한 당사자의 책임 유무, 혼인생활의 기간, 자녀의 유무 및 양육, 당사자의 연령, 이혼 후의 생활보장 그 밖의 혼인관계에 관한 여러 사정을 두루 고려함과 아울러(대법원 1987. 7. 21. 선고 87므24 판결 등 참조), 혼인과 가족생활을 보호하려는 민법의 취지와 혼인제도를 보장하려는 헌법 정신에 비추어 신중히 판단할 필요가 있다.  라. (1) 한편 대법원은, 위와 같이 부부의 혼인관계가 돌이킬 수 없을 정도로 파탄된 것으로 인정되더라도, 그 파탄이 이혼을 청구하는 배우자에게 전적으로 또는 주된 책임을 물어야 할 사유로 인한 경우이거나 이혼을 청구하는 배우자의 책임이 상대방 배우자의 책임보다 더 무겁다고 인정되는 경우에는 그러한 유책배우자의 이혼청구를 인용하여서는 아니 되고, 다만 이혼청구 상대방이 그 파탄 이후 혼인을 계속할 의사가 없음이 객관적으로 명백함에도 오기나 보복적 감정에서 표면적으로 이혼에 응하지 아니하고 있을 뿐이라는 등의 특별한 사정이 있다면 유책배우자의 이혼청구권이 인정될 수 있다고 해석하여 왔다(위 대법원 65므37 판결, 위 대법원 86므28 판결, 위 대법원 90므1067 판결 등 참조).  (2) 이처럼 대법원이 혼인관계의 파탄에 대하여 주된 책임이 있는 유책배우자의 이혼청구권을 제한하여 온 것은 혼인의 파탄을 자초한 사람에게 재판상 이혼청구권을 인정하는 것은 혼인관계를 고의로 파기한 불법을 행한 사람에게 이혼청구권을 인정하게 되어 혼인제도가 요구하고 있는 도덕성에 배치되고 배우자 일방의 의사에 의한 이혼 내지는 축출이혼을 시인하는 부당한 결과가 될 수 있음을 고려한 것이다(위 대법원 71므41 판결, 위 대법원 86므28 판결 등 참조).  그리고 이혼을 하나의 병리적 현상으로 보는 사회적 분위기와 아울러, 여성의 사회적·경제적 지위가 상대적으로 열악하여 귀책사유 없이 이혼한 여성배우자가 이혼 후에 경제적으로 자립하거나 사회활동을 하기가 현실적으로 쉽지 아니한 사정 및 이혼 과정에서 재산분할·부양·양육 등에 관하여 불이익을 입지 아니하도록 하는 제도나 절차도 충분하지 아니한 사정을 고려하여, 사회적·경제적 약자인 여성배우자를 보호하려는 목적이 그 배경으로 자리 잡고 있었다.  (3) 그러나 주된 유책배우자의 이혼청구라는 이유로 재판상 이혼을 허용하지 아니한 결과, 부부가 서로 승소하기 위하여 상대방의 귀책사유를 부각시킬 수밖에 없게 됨에 따라, 이혼소송절차에서 부부 쌍방은 혼인생활 과정에서 발생한 갈등과 대립을 들추어내어 그에 관한 책임공방을 벌이게 되고 아울러 상대방에 대한 비난과 악감정을 쏟아내게 되어 부부관계는 더욱 적대적으로 되고 이혼소송의 심리가 과거의 잘못을 들추어내는 것에만 집중되는 나머지 이혼 과정에서의 갈등 해소, 이혼 후의 생활이나 자녀의 양육과 복지 등에 관하여 합리적인 해결책을 모색하는 데에 상대적으로 소홀하게 되는 폐단이 있어 왔다.  그리고 혼인생활의 파탄을 초래하는 경위는 대체로 복잡·미묘하여 그 책임이 당사자 어느 한쪽에만 있다고 확정할 수 없는 경우가 많고, 또한 파탄의 주된 책임이 재판상 이혼을 청구하는 배우자에게 있다 하더라도 앞에서 본 것처럼 부부공동생활관계가 회복할 수 없을 정도로 이미 파탄되었다면 부부공동생활을 본질로 하는 혼인의 실체가 객관적으로 소멸하였음을 부정하기 어렵다. 또한 다수의견도 인정하듯이 부부공동생활관계가 회복할 수 없을 정도로 파탄된 상태가 장기화되면서 파탄에 책임 있는 배우자의 주된 유책성도 약화될 수 있으며, 파탄 상태의 장기간 지속 원인이나 그 밖의 다른 여러 사정이 변화하면서 책임의 경중을 엄밀히 따지는 것에 관한 법적·사회적 의의가 현저히 줄고 쌍방의 책임의 경중에 대하여 단정적인 판단을 내리는 것 역시 곤란하거나 적절하지 아니한 상황에 이를 수도 있다(위 대법원 2009므2130 판결 참조).  (4) 또한 급속한 경제성장 및 개인 중심적인 사회변화와 함께 이혼에 대한 사회적 인식이 변화하고 협의이혼 등에 의한 이혼이 증가함에 따라 혼인생활을 지속할 수 없는 중요한 사유가 있는 경우에는 더 나은 삶의 질을 추구하기 위하여 이혼도 가능하다는 가치관의 변화가 생겼으며, 여성의 사회진출이 활발해짐에 따라 여성도 남성에 못지않은 경제적 능력을 갖추는 경우가 늘어나는 등 이혼 후 여성의 자립에 관한 사회·경제적 여건이 많이 개선되었다. 그리고 1990. 1. 13. 법률 제4199호로 개정되어 1991. 1. 1.부터 시행된 민법은 가족생활에서의 남녀평등의 원칙을 강조하고 있는 헌법 정신을 반영하여 이혼당사자에게 재산분할청구권과 자녀에 대한 면접교섭권을 인정하는 제도 등을 신설하고 자녀에 대한 양육권과 친권도 남녀 사이에 차별 없이 평등하게 보장하였다. 나아가 실제의 재산분할청구 사건에서 여성배우자에게 인정되는 재산분할 비율이 점차 늘어나 서로 대등한 정도에 이르는 사건도 상당수 있으며, 이혼 재판실무에서도 여성배우자에 대한 보호가 지속적으로 확대되어 왔다. 비록 민법이 이혼 후에는 부부 사이의 부양의무를 인정하지 아니하지만, 그 대신 이혼 후 부양 제도를 도입하고 있는 법제에서는 대체로 인정되지 아니하는 재판상 이혼에 따른 손해배상청구권을 인정하고 있으며(민법 제843조, 제806조), 재산분할청구 사건에서는 혼인 중에 이룩한 재산관계의 청산뿐 아니라 이혼 후 당사자들의 생활보장에 대한 배려 등 부양적 요소 등도 함께 고려의 대상이 된다는 대법원판례(대법원 2013. 6. 20. 선고 2010므4071, 4088 전원합의체 판결 등 참조)에 따라 실무상 이혼 후의 부양 필요성을 반영하여 재산분할의 범위를 정하고 있다. 그뿐 아니라 대법원 2014. 7. 16. 선고 2012므2888 전원합의체 판결에서 이미 발생한 퇴직연금수급권이 재산분할의 대상에 포함된다고 보고 연금수급권자인 배우자가 매월 수령할 퇴직연금액 중 일정 비율에 해당하는 금액을 상대방 배우자에게 정기적으로 지급하는 방식으로 재산분할을 하는 것을 허용함에 따라, 정기적인 재산분할금의 지급을 통한 이혼 후의 생활보장 내지 부양도 실질적으로 가능하게 되었다.  이와 같은 이혼에 대한 사회 일반의 인식, 사회·경제적 환경의 변화와 아울러 이혼 법제 및 실무의 변화 등을 함께 종합하여 볼 때, 종전의 대법원판례와 같이 유책배우자의 이혼청구라는 이유만으로 제6호 이혼사유에 의한 재판상 이혼청구를 제한하여야 할 필요는 상당히 감소하였다 할 것이고, 오히려 이러한 사정들을 반영하여 제6호 이혼사유에 의한 이혼 여부에 관한 합리적인 판단 기준을 새로이 세워야 할 때가 되었다.  (5) 상대방 배우자의 혼인계속의사는 부부공동생활관계가 파탄되고 객관적으로 회복할 수 없을 정도에 이르렀는지 등을 판단할 때에 참작하여야 하는 중요한 요소라 할 수 있다. 그렇지만 그러한 의사를 참작하였음에도 부부공동생활관계가 객관적으로 회복할 수 없을 정도로 파탄되었다고 인정되는 경우에, 다시 상대방 배우자의 주관적인 의사만을 가지고 형식에 불과한 혼인관계를 해소하는 이혼청구가 불허되어야 한다고 단정하는 것은 불합리하며, 협의가 이루어지지 아니할 때의 혼인해소 절차를 규정한 재판상 이혼제도의 취지에도 부합하지 아니한다. 이에 비추어 보면 협의이혼의 경우에는 파탄주의가 허용됨에도 그에 갈음하는 기능을 하는 재판상 이혼에는 파탄주의를 허용할 필요가 없다는 취지의 다수의견이 타당하지 아니함을 알 수 있다.  (6) 한편 헌법재판소가 간통죄를 처벌하는 조항에 대한 위헌결정을 함에 따라 간통행위가 더 이상 처벌받지 아니하게 되었다. 그러나 간통죄는 과거의 간통행위 자체에 대한 형사적인 제재인 반면 혼인파탄에 따른 이혼은 혼인의 실체가 소멸함에 따른 장래의 혼인 법률관계의 해소로서 그 제도의 목적과 법적 효과가 다르므로, 간통을 한 유책배우자에 대한 형사적 제재가 없어졌다고 하더라도, 민사상의 불법행위에 해당하는 간통행위로 인한 손해배상책임을 강화하는 것은 별론으로 하고, 혼인의 실체가 소멸한 법률관계를 달리 처우하여야 할 필요는 없다. 더구나 이혼청구권의 인정 여부는 법률의 규정 및 혼인과 이혼제도의 목적, 취지, 기능 등을 종합하여 당사자인 부부 및 자녀 등의 이익을 조화하는 방향으로 미래를 위하여 정해져야 하는 것이지, 유책배우자에게 외형뿐인 혼인관계가 계속되도록 강제하여 참을 수 없는 고통을 받게 함으로써 그에 대한 응보 내지 사적 보복을 달성하기 위한 수단이 되어서는 아니 된다.  (7) 위와 같은 여러 사정들을 종합하여 보면, 혼인관계가 파탄되었음에도 유책배우자가 이혼을 청구하고 상대방이 이를 거부한다는 사정만으로 일률적으로 이혼청구를 배척하는 것은 더 이상 이혼을 둘러싼 갈등 해소에 적절하고 합리적인 해결 방안이라고 보기 어렵다.  마. 따라서 이혼에 대한 국민의 의식이 크게 변화하는 등 사회적 여건이 성숙되었고 법적·제도적 보완도 상당히 이루어진 만큼, 이제는 혼인관계가 파탄되어 그 실체가 소멸함에 따라 제6호 이혼사유에 의하여 이혼을 청구한 경우에, 유책배우자의 이혼청구라는 이유로 그 이혼의 허부를 당사자의 의사에만 맡길 수 없고, 혼인관계가 완전히 파탄되어 그 실체가 소멸하였는지 그리고 그러한 혼인관계가 여전히 보호되고 유지되어야 할 필요가 있는지 등에 관하여 객관적 사정에 기초한 합리적인 판단을 통하여, 자칫 상충될 수도 있는 혼인과 이혼이라는 양 제도의 목적 및 취지를 조화시킬 수 있는 방안을 모색하여야 한다.  앞에서 본 것과 같이 헌법 제36조 제1항은 혼인과 가족생활이 개인의 존엄과 양성의 평등을 기초로 성립하고 유지되어야 한다고 규정함은 물론 혼인을 제도적으로 보장하고 있으므로, 민법이 정한 재판상 이혼사유도 헌법이 인정한 개인의 존엄과 양성의 평등 및 혼인의 제도적 보장 취지를 벗어나지 아니하는 범위 내에서 해석·적용되어야 한다.  부부공동생활관계가 회복할 수 없을 정도로 파탄되었다 하더라도, 부부 사이에 개인의 존엄과 양성의 평등을 실현하고 부부·자녀의 행복추구권과 인간다운 생활을 할 권리를 보호할 필요가 있음은 그 파탄 전후에 차이가 없다. 혼인에서 부부공동생활체로서의 동거의무가 기본적인 요소이기는 하나, 배우자에 대한 부양 및 자녀의 양육 역시 그에 못지않게 중요한 의미를 가지며, 혼인관계의 파탄에 책임이 없는 배우자가 이혼으로 인하여 심각한 불이익을 입지 아니하도록 보호할 필요가 있다.  이러한 사정들에 비추어 보면, 부부공동생활관계가 회복할 수 없을 정도로 파탄된 경우에는 원칙적으로 제6호 이혼사유에 해당한다고 할 것이지만, 이혼으로 인하여 파탄에 책임 없는 상대방 배우자가 정신적·사회적·경제적으로 심히 가혹한 상태에 놓이는 경우, 부모의 이혼이 자녀의 양육·교육·복지를 심각하게 해치는 경우, 혼인기간 중에 고의로 장기간 부양의무 및 양육의무를 저버린 경우, 이혼에 대비하여 책임재산을 은닉하는 등 재산분할, 위자료의 이행을 의도적으로 회피하여 상대방 배우자를 곤궁에 빠뜨리는 경우 등과 같이, 유책배우자의 이혼청구를 인용한다면 상대방 배우자나 자녀의 이익을 심각하게 해치는 결과를 가져와 정의·공평의 관념에 현저히 반하는 객관적인 사정이 있는 경우에는 헌법이 보장하는 혼인과 가족제도를 형해화할 우려가 있으므로, 그와 같은 객관적인 사정이 부존재하는 경우에 한하여 제6호 이혼사유가 있다고 해석하는 것이 혼인을 제도적으로 보장한 헌법 정신에 부합한다.그리고 혼인파탄에 책임이 없는 배우자에 대하여 재판상 이혼을 허용할 경우에도, 혼인관계 파탄으로 입은 정신적 고통에 대한 위자료의 액수를 정할 때에 주된 책임이 있는 배우자의 유책성을 충분히 반영함으로써 혼인 해소에 대한 책임을 지우고 상대방 배우자에게 실질적인 손해 배상이 이루어질 수 있도록 하며, 재산분할의 비율·액수를 정할 때에도 혼인 중에 이룩한 재산관계의 청산뿐 아니라 부양적 요소를 충분히 반영하여 상대방 배우자가 이혼 후에도 혼인 중에 못지않은 생활을 보장받을 수 있도록 함으로써, 이혼청구 배우자의 귀책사유와 상대방 배우자를 위한 보호 및 배려 사이에 균형과 조화를 도모하여야 할 것이다.  한편 다수의견은 유책배우자의 이혼청구를 인정하기 위해서는 다른 나라에서와 같은 이른바 ‘가혹조항’ 등의 제도적 보완장치가 필요하다고 보고 있다. 그렇지만 제6호 이혼사유에 관한 위와 같은 해석은 다른 나라에서 이른바 ‘가혹조항’으로 고려하는 사정들을 포함한 것으로서, 혼인제도를 보장하는 헌법 정신과 현재까지 정비된 민법상의 제도들에 터 잡아 이러한 해석과 재판 실무 운영에 의하여 충분히 상대방 배우자 등을 보호할 수 있으므로, 반드시 이에 관한 법률적·제도적인 보완이 선행될 필요는 없다.  바. 결론적으로 부부의 혼인관계가 회복할 수 없을 정도로 파탄되고 그 혼인생활의 계속을 강제하는 것이 일방 배우자에게 참을 수 없는 고통이 되는 경우에 그 파탄에 주된 책임이 있는 배우자라는 이유만으로 제6호 이혼사유에 의한 이혼청구를 배척할 수 있다는 다수의견에는 찬성할 수 없으며, 다수의견이 들고 있는 종전의 대법원판례는 이러한 견해에 배치되는 범위 내에서 변경되어야 한다.  혼인의 실체가 소멸하고 회복 불가능하여 혼인이 외형에 그칠 뿐인 상태에 이르렀다면, 상대방 배우자를 보호하기 위하여 유책배우자에게 급부나 배려 등을 요구할 필요가 있다 하더라도, 혼인 해소 후에도 그와 같은 급부나 배려 등이 계속 이루어질 수 있도록 하는 적절한 방안을 강구하면 될 것이지, 유책배우자의 이혼청구라는 이유만으로 외형뿐인 혼인의 해소 자체를 거부할 것은 아니다.  사. 원심판결 이유 및 원심이 인용한 제1심판결 이유에 의하면, 원심은 그 판시와 같은 사실을 인정한 다음, 혼인관계의 파탄에 대하여 주된 책임이 있는 배우자는 그 파탄을 사유로 하여 이혼을 청구할 수 없다는 전제에서 유책배우자인 원고의 이혼청구는 받아들일 수 없다고 판단하였다.  그러나 앞에서 본 법리에 의하면, 유책배우자가 이혼을 청구한다는 사정만을 이유로 이혼청구를 배척하여서는 아니 되며, 원·피고 사이의 부부공동생활관계가 회복할 수 없을 정도로 파탄되고 그 혼인생활의 계속을 강제하는 것이 원고에게 참을 수 없는 고통이 되는지를 먼저 가리고, 그와 같이 파탄된 경우라면 이 사건 이혼으로 인하여 파탄에 주된 책임이 없는 피고나 자녀들의 이익을 심각하게 해치지 아니하여 정의·공평의 관념에 현저히 반하지 아니한다고 객관적으로 인정되는지를 심리하여, 제6호 이혼사유에 해당하는지 판단하여야 한다.  원심판결과 원심이 인용한 제1심판결의 이유 및 기록에 의하면, ① 원고와 피고는 법률상 부부이지만 2000. 1.경 별거하기 시작하여 그로부터 상당한 기간이 경과하였고, ② 원고는 소외인과의 사이에서 혼인 외의 딸이 출생하자 집을 나가는 등 혼인파탄의 주된 원인을 제공하였지만, 피고도 별거를 시작한 후에는 상당한 기간이 지나도록 혼인관계를 회복하기 위한 별다른 노력을 하지 아니하였고 명절이나 제사 등의 원고 집안 행사에 참여하거나 원고의 친척들과 교류한 사정이 기록상 나타나 있지 아니하며, ③ 원고는 별거 중에도 원·피고 사이에서 출생한 자녀들의 학비를 부담하였을 뿐 아니라 이 사건 소를 제기할 무렵까지 피고에게 생활비로 월 100만 원 정도를 지급하였고, ④ 원고는 당뇨와 고혈압의 질환이 있고 합병증으로 인하여 신장장애 2급의 장애인으로 등록되어 있는 등 건강이 좋지 아니한데, 2011년 말경 피고와 자녀들에게 신장이식에 관한 이야기를 하였다가 거절당한 채 소외인의 도움을 받아 집에서 복막투석을 받고 있는 등 소외인의 개호와 협력이 없이는 생활하기 곤란한 상황에 처해 있으며, ⑤ 원고가 소외인과 동거하면서 그 사이에 태어난 미성년의 딸을 양육하고 있는 등 별거 후에 형성된 원·피고의 독립적인 생활관계가 고착화되었음을 알 수 있다.  이러한 혼인생활의 과정과 파탄의 경위 등에 비추어 보면 원·피고의 혼인관계는 파탄되어 더 이상 회복할 수 없는 상태에 이르렀고 혼인생활의 계속을 강제하는 것이 원고에게 참을 수 없는 고통이 된다고 할 것이며, 이 사건 이혼이 정의·공평의 관념에 현저히 반하지 아니한다고 객관적으로 볼 수 있는 사정들도 상당히 나타나 있다.  그뿐 아니라 다수의견에 의하더라도 세월의 경과 등에 따라 원·피고 쌍방의 책임의 경중을 엄밀히 따지는 것이 더 이상 무의미하여 원고의 유책성이 그 이혼청구를 배척해야 할 정도로 남아 있지 아니하다고 볼 여지가 있으므로, 이러한 사정도 사실심법원의 심리를 통해 가려야 할 필요가 있다.  특히 이 사건에서는 비록 중혼적 사실혼관계에서이지만 부모의 양육이 필요한 미성년의 딸이 있음을 고려하여야 한다. 가정은 단순히 부부만의 공동체에 그치는 것이 아니고 자녀의 공동생활을 보호하는 기능도 가지므로, 혼인의 유지 또는 해소를 결정할 때에는 자녀의 복리를 우선적으로 고려할 필요가 있는데, 자녀의 복리는 현재 실질적으로 형성되어 있는 생활관계를 기반으로 하여 실현될 수 있다. 중혼적 사실혼관계를 법률혼보다 보호할 수는 없음이 원칙이라 할 것이지만, 이미 법률혼의 실체가 소멸하여 외형만 남아 있는 반면 사실혼이 혼인으로서의 실체를 갖추고 있는 경우에는 그 사실혼관계에서 출생한 자녀의 복리를 위해서라도 그러한 실질에 적합한 법률관계를 형성할 수 있도록 배려할 필요가 있다. 혼인의 실체가 소멸하고 회복이 불가능함에도 부부 사이의 갈등 내지 감정적인 대립 등으로 그 외형만을 유지시킴으로 인하여 후대인 미성년 자녀의 정상적인 성장에 악영향을 미치거나 복리를 해치는 결과를 낳지 아니하도록, 선대의 외형뿐인 법률관계를 실체에 맞추어 합리적으로 정리하는 미래지향적인 방안을 고려함이 타당하다.  그럼에도 원심은 위와 같은 사정들을 제대로 살펴보지 아니한 채 그 판시와 같은 이유만으로 원고의 청구를 기각하고 말았는바, 이러한 원심판결에는 제6호 이혼사유 및 유책배우자의 재판상 이혼청구 등에 관한 법리를 오해하여 필요한 심리를 다하지 아니함으로써 판결에 영향을 미친 위법이 있다. 따라서 원심판결은 파기되어야 한다.  이상과 같은 이유로 다수의견에 찬성할 수 없음을 밝힌다.대법원장 양승태(재판장) 민일영 이인복 이상훈 김용덕(주심) 박보영 고영한 김창석 김신 김소영 조희대 권순일 박상옥 "
182704,이혼,2015르466,서울가정법원,내용없음,"원고, 피항소인 피고, 항소인 제1심판결 서울가정법원 2015. 2. 13. 선고 2014드단53632 판결변론종결2015. 8. 21.주    문  1. 이 사건 소송은 피고의 2015. 3. 11. 항소취하로 종료되었다.  2. 소송종료 이후의 소송비용은 피고가 부담한다.청구취지 및 항소취지  1. 청구취지  원고와 피고는 이혼한다.  2. 항소취지  제1심 판결을 취소한다. 원고의 청구를 기각한다. 이    유  1. 인정사실  원고가 피고를 상대로 청구취지 기재와 같은 판결을 구하는 소를 제기하여 2015. 2. 13. 승소판결을 선고받았고, 이에 대해 피고가 2015. 3. 9. 이 사건 항소를 제기하였다가 2015. 3. 11. 항소취하서를 제출한 사실, 피고는 2015. 3. 13. 위 항소취하를 철회하는 내용의 항소장을 제출한 사실은 기록상 명백하다.  2. 판단  항소의 취하는 일단 제기한 항소를 철회하여 항소심의 소송계속을 종결시키는 항소법원에 대하여 하는 항소인의 일방적인 소송행위임이 분명한바, 민사소송법상의 소송행위에는 특별한 규정 또는 특별한 사정이 없는 한 민법상의 법률행위에 관한 규정을 적용할 수 없다 할 것이므로, 사기, 강박 또는 착오 등 의사표시의 하자를 이유로 그 무효나 취소를 주장할 수는 없는 것이다(대법원 2004. 11. 12. 선고 2004다42968 판결 등 참조).  따라서 피고가 2015. 3. 11. 항소취하서를 제출한 이상 항소취하는 적법하여 이를 임의로 철회할 수 없고, 결국 이 사건 소송은 피고가 항소취하서를 제출한 2015. 3. 11. 항소취하의 효력이 발생함으로써 종료되었다.  3. 결론  그렇다면, 이 사건 소송은 피고의 2015. 3. 11. 항소취하로 종료되었으므로 소송종료선언을 하기로 하여 주문과 같이 판결한다. 판사 민유숙(재판장) 정용신 김태은 "
179178,이혼의무효확인등청구,2014드단312270,서울가정법원,"甲이 아내인 乙과 혼인 후 미국 뉴욕 주에서 함께 거주하다가 네바다 주 클라크카운티 지방법원에 이혼소송을 제기하여 이혼판결을 받았고, 대한민국에서 위 이혼판결에 기하여 이혼신고를 하여 가족관계등록부상 甲과 乙 사이에 이혼이 성립되었다고 등재되었는데, 乙이 대한민국에서 신고한 이혼의 무효 확인 등을 구한 사안에서, 甲은 乙과 함께 거주하였던 뉴욕 주가 아니라 전혀 연관성이 없는 네바다 주에서 이혼소송을 제기하였고 乙이 이혼소송의 소장 부본을 송달받았다고 볼 객관적인 정황이 전혀 나타나지 아니하여 적법한 송달을 받았다고 보기 어려운 점 등에 비추어 위 이혼판결을 근거로 甲이 대한민국에서 신고한 이혼은 무효이고, 甲은 乙의 배우자이자 乙이 양육하고 있는 미성년 자녀인 丙의 아버지로서 乙과 丙의 부양료를 지급할 의무가 있다고 한 사례.","원    고 피    고 사건본인 변론종결2015. 5. 29.주    문1. 원고와 피고 사이에 2012. 7. 12. 천안시 동남구청장에게 신고하여 한 이혼은 무효임을 확인한다.2. 피고는 원고에게 사건본인 및 원고에 대한 부양료로 2015. 7. 30.부터 원고와 피고 사이의 별거 상태가 해소되거나 혼인관계가 종료될 때까지 월 250만 원의 비율로 계산한 금원을 매월 말일에 지급하라.3. 소송비용은 이를 3분하여 그 2는 피고가, 나머지는 원고가 각 부담한다.4. 제2항은 가집행할 수 있다.청구취지주문 제1항과 같은 판결 및 피고는 원고에게 사건본인 및 원고에 대한 부양료로 이 사건 소장부본 송달 다음 날부터 원고와 피고 사이의 별거 상태가 해소되거나 혼인관계가 종료될 때까지 월 600만 원의 비율로 계산한 금원을 매월 말일에 지급하라.이    유  1. 인정 사실  가. 원고와 피고는 1992. 6. 2. 혼인하였고, 그 사이에 자녀로 딸인 소외 1(생년월일 생략)과 아들인 사건본인이 있다.  나. 원·피고는 혼인 이후 미국 뉴욕 주에서 거주하였는데, 피고는 치의대에 재학하였고, 원고는 편의점 운영, 학원도우미 등을 하며 생계를 꾸렸다.  다. 그 후 피고는 치과의사 면허를 획득한 뒤 2005년경 뉴욕에 위치한 치과의원을 인수하여 운영하였다.  라. 피고는 2011. 1.경 집을 나와 그때부터 원고와 별거생활을 시작하였다.  마. 2011. 3.경 원고 명의의 예금 계좌에는 136,091달러 상당의 잔고가 있었는데, 2011. 4.경부터 피고는 원고에게 생활비를 지급하지 아니하였고, 이에 원고는 그 무렵 원·피고 명의의 계좌와 피고 명의의 계좌에 있던 예금 합계 137,000달러 상당을 원고 계좌로 이체한 뒤 위 금원에서 원·피고가 거주하고 있는 주택(이하 ‘이 사건 주택’이라 한다)의 융자금 월 6,300달러를 비롯한 생활비의 용도로 사용하였다.  바. 원고는 2011. 5.경 미국 뉴욕 주 법원에 피고를 상대로 하여 이혼소송을 제기하였다.  사. 피고는 2012년경 원고를 상대로 하여 네바다 주 클라크카운티 지방법원에 원고를 상대로 별도의 이혼소송을 제기하여 2012. 5. 7. 이혼판결을 받았다.  아. 피고는 2012. 5.경 피고가 운영하던 치과병원에 대한 권리를 220,000달러에 처분하였고, 2012. 5. 15., 2012. 5. 21. 2차례에 걸쳐 우리은행 계좌로 합계 171,195달러를 송금하였으며, 그 무렵 신용카드 등을 사용하여 59,350달러를 소비하였다.  자. 피고는 2012. 5. 23. 대한민국에 입국한 뒤 2012. 7. 5. 미국 영주권을 포기하였고, 2012. 7. 12. 위 이혼판결에 기하여 천안시 동남구청장에게 이혼신고를 하였으며, 이에 따라 주문 제1항 기재와 같이 가족관계등록부상 원·피고 사이에 이혼이 성립되었다는 취지의 등재가 이루어졌다.  차. 원고는 2013. 1.경 이 사건 주택을 363,858달러에 매도하였다.  카. 피고는 2013. 2. 1. 수원시 장안구 조원동 소재 ○○○○○○○ 1층에서 “△ △△△”라는 상호로 식당을 운영하기 시작하였는데, 2013년도 기준 위 식당의 매출액은 285,228,002원이고 소득액은 5,453,051원 상당이다.  타. 원고는 위 클라크카운티 지방법원에 위 이혼판결의 무효를 구하는 소를 제기하여 2013. 5. 21. 위 법원으로부터 원고의 이혼판결무효 주장을 승인한다는 판결(이하 ‘이 사건 이혼무효판결’이라 한다)을 받았고, 이 사건 이혼무효판결은 그 후 피고가 다투지 아니하여 확정되었으며, 원고는 2013. 7.경 뉴욕 주 법원에 제기한 이혼소송을 취하하였다.  인정 근거 갑 제1 내지 12, 15, 19호증(가지번호 있는 것은 가지번호 포함, 이하 같다), 을 제1 내지 5호증의 각 기재 및 영상, 이 법원의 영등포 세무서에 대한 사실조회 결과, 변론 전체의 취지  2. 판단  가. 이혼무효확인청구에 대한 판단  (1) 위 인정 사실 및 이에 대하여 앞서 채용한 증거들에 변론 전체의 취지를 종합하여 인정되는 다음과 같은 사정들, 즉 ① 피고는 원·피고가 같이 거주하였던 뉴욕 주가 아니라 피고와 전혀 연관성이 없는 네바다 주에서 이혼소송을 제기하였고, 위 이혼소송의 소장부본이 소외 3이라는 사람을 통해 2012. 2. 28. 원고에게 직접 전달된 것을 전제로 하여 원고가 불출석한 상태에서 이혼판결이 내려졌으나 원고가 위 소외 3을 통해 소장부본을 송달받았다고 볼 객관적인 정황이 전혀 나타나지 아니하여 원고가 적법한 송달을 받았다고 보기 어려운 점, ② 이 사건 이혼무효판결 역시 그러한 하자를 근거로 내려졌다고 판단되고, 그 후 피고가 판결이 내려진 사실을 안 이후에 이 사건 이혼무효판결에 대하여 다투었다고 볼 아무런 정황이 없어 이 사건 이혼무효판결은 적법하게 확정되었다고 보이는 점 등에 비추어 볼 때 위 이혼판결을 근거로 한 주문 제1항 기재 이혼은 무효라고 판단되고, 원고로서는 그 확인을 구할 법률상 이익이 있다 할 것이다.  (2) 이에 대하여 피고는, 이 사건 이혼무효판결과 관련하여 그 소송 당시 피고가 대한민국에 거주하여 소장이나 기일통지서를 받지 못한 채 내려진 것이므로 원·피고 사이의 이혼이 무효로 되지 않는다는 취지로 주장하나, 피고 주장의 사유는 이 사건 이혼무효판결이 확정되었다 하더라도 대한민국에서 승인되지 않아 확정판결로서 효력을 곧바로 부여할 수 없다는 것일 뿐 위 판결을 근거로 하여 원·피고 사이의 이혼의 무효 확인을 구하지 못한다고 볼 수는 없다 할 것이므로, 피고의 위 주장은 받아들이지 아니한다.  나. 부양료 청구에 대한 판단  원고와 피고의 혼인관계가 존속하고 있는 이상, 부부는 동거하면서 서로 부양하고 협조하여야 하고, 부부의 공동생활에 필요한 비용은 당사자 사이의 특별한 약정이 없으면 공동으로 부담하여야 하는바(민법 제826조 제1항, 제833조), 별거 중인 부부로서 원고 단독으로 사건본인을 비롯한 자녀들을 양육하고 있는 이 사건의 경우, 피고는 원고의 배우자이자 사건본인의 아버지로서 원고에게 사건본인과 원고의 부양료를 지급할 의무가 있다.  나아가 부양료 액수에 관하여 보건대, 앞서 본 인정 사실과 이 사건 변론에 나타난 원고와 피고 사이의 별거 및 이혼소송의 경과, 사전처분에 정해진 부양료의 지급의무 이행 상황, 원고와 피고의 직업, 소득 및 경제적 능력과 그에 따른 부담의 형평성, 사건본인을 비롯한 자녀의 나이와 양육 상황, 서울가정법원이 공표한 양육비산정기준표에 정해진 기준 등 제반 사정을 종합해 볼 때, 피고가 원고에게 지급할 사건본인과 원고의 부양료는 월 250만 원으로 정하고, 그 지급일은 매월 말일로 정함이 상당하다. 따라서 피고는 원고에게 사건본인들 및 원고의 부양료로 이 사건 소장부본 송달 다음 날인 2015. 7. 30.부터 원고와 피고의 별거 해소 또는 혼인관계의 종료일까지 월 250만 원의 비율로 계산한 금원을 매월 말일에 지급할 의무가 있다.  3. 결론  그렇다면 이 사건 각 청구 중 이혼무효확인 청구는 이유 있어 이를 인용하고 부양료 청구에 대하여는 위와 같이 정하기로 하여 주문과 같이 판결한다.판사 이민수 "
187663,손해배상(이혼)부정행위로 인한 손해배상 사건,2013므2441,대법원,부부는 동거하며 서로 부양하고 협조할 의무를 진다(민법 제826조). 부부는 정신적·육체적·경제적으로 결합된 공동체로서 서로 협조하고 보호하여 부부공동생활로서의 혼인이 유지되도록 상호 간에 포괄적으로 협력할 의무를 부담하고 그에 관한 권리를 가진다. 이러한 동거의무 내지 부부공동생활 유지의무의 내용으로서 부부는 부정행위를 하지 아니하여야 하는 성적(性的) 성실의무를 부담한다. 부부의 일방이 부정행위를 한 경우에 부부의 일방은 그로 인하여 배우자가 입은 정신적 고통에 대하여 불법행위에 의한 손해배상의무를 진다.  한편 제3자도 타인의 부부공동생활에 개입하여 부부공동생활의 파탄을 초래하는 등 그 혼인의 본질에 해당하는 부부공동생활을 방해하여서는 아니 된다. 제3자가 부부의 일방과 부정행위를 함으로써 혼인의 본질에 해당하는 부부공동생활을 침해하거나 유지를 방해하고 그에 대한 배우자로서의 권리를 침해하여 배우자에게 정신적 고통을 가하는 행위는 원칙적으로 불법행위를 구성한다.  그리고 부부의 일방과 제3자가 부담하는 불법행위책임은 공동불법행위책임으로서 부진정연대채무 관계에 있다.,"원고, 상고인 피고, 피상고인 원심판결 대구가법 2013. 5. 23. 선고 2012르1078 판결주    문  상고를 기각한다.  상고비용은 원고가 부담한다.이    유  상고이유를 살펴본다.  1. 부부는 동거하며 서로 부양하고 협조할 의무를 진다(민법 제826조). 부부는 정신적·육체적·경제적으로 결합된 공동체로서 서로 협조하고 보호하여 부부공동생활로서의 혼인이 유지되도록 상호 간에 포괄적으로 협력할 의무를 부담하고 그에 관한 권리를 가진다. 이러한 동거의무 내지 부부공동생활 유지의무의 내용으로서 부부는 부정행위를 하지 아니하여야 하는 성적(性的) 성실의무를 부담한다. 부부의 일방이 부정행위를 한 경우에 부부의 일방은 그로 인하여 배우자가 입은 정신적 고통에 대하여 불법행위에 의한 손해배상의무를 진다.한편 제3자도 타인의 부부공동생활에 개입하여 그 부부공동생활의 파탄을 초래하는 등 그 혼인의 본질에 해당하는 부부공동생활을 방해하여서는 아니 된다. 제3자가 부부의 일방과 부정행위를 함으로써 혼인의 본질에 해당하는 부부공동생활을 침해하거나 그 유지를 방해하고 그에 대한 배우자로서의 권리를 침해하여 배우자에게 정신적 고통을 가하는 행위는 원칙적으로 불법행위를 구성한다(대법원 2014. 11. 20. 선고 2011므2997 전원합의체 판결 참조).그리고 부부의 일방과 제3자가 부담하는 불법행위책임은 공동불법행위책임으로서 부진정연대채무 관계에 있다.  한편 법원은 당사자가 신청하지 아니한 사항에 대하여는 판결하지 못하고 당사자가 주장하지 아니한 사실을 기초로 법원이 판단할 수는 없지만, 법원은 청구의 객관적 실체가 동일하다고 보이는 한 청구원인으로 주장된 실체적 권리관계에 관하여 정당한 법률해석을 하여 판결할 수 있다(대법원 1994. 11. 25. 선고 94므826, 833 판결 참조).  2. 원고가 청구원인으로 주장하는 부권 침해는 결국 제3자가 부부의 일방과 부정행위를 함으로써 그 일방의 배우자에 대한 부부로서의 의무에 위반하는 행위에 가담하여 혼인관계를 파탄에 이르게 하였다는 주장과 다르지 아니하고, 이러한 제3자의 배우자에 대한 손해배상책임은 부부의 일방이 부담하는 손해배상책임과 공동불법행위책임으로서 부진정연대채무 관계에 있다.  같은 취지에서 원심이 피고와 소외인의 부정한 행위로 인하여 원고와 소외인의 혼인관계가 파탄에 이르렀다고 보고 그로 인한 피고의 책임이 소외인의 책임과 부진정연대관계에 있음을 전제로 피고에 대하여 소외인과 연대하여 원고에게 위자료를 지급할 것을 명한 것은 정당하고, 거기에 처분권주의 또는 변론주의에 반하거나 공동불법행위에 관한 법리를 오해한 잘못이 없다.  3. 그러므로 상고를 기각하고, 소송비용은 패소자가 부담하기로 하여, 관여 대법관의 일치된 의견으로 주문과 같이 판결한다.대법관 김신(재판장) 민일영(주심) 박보영 권순일 "
177957,이혼및위자료등,2013드합9048,서울가정법원,"甲이 아내인 乙을 상대로 乙의 책임 있는 사유로 혼인관계가 더 이상 회복할 수 없을 정도로 파탄되었다고 주장하면서 이혼 등을 구한 사안에서, 乙이 자신의 기준에 어긋나거나 감정적으로 서운한 경우 비난과 힐난, 폭력적인 방식으로 대응하여 甲과 乙의 갈등이 악화된 면이 있으나, 甲 역시 자녀들의 양육문제와 가사를 乙에게 모두 미루어 둔 채 남편과 아버지로서의 역할을 등한시하여 갈등을 야기한 측면이 있는 점, 甲과 乙이 현재 각방을 쓰면서 신뢰관계가 흔들리고 있으나, 갈등이 심화된 기간에도 한 집에 거주하면서 자녀들을 염려하면서 서로 책임지려는 모습을 보이고 있어 현재의 갈등상황을 甲과 乙이 합리적으로 해결할 수 있는 능력과 여지가 있는 것으로 보이는 점 등에 비추어 보면, 甲과 乙의 혼인관계가 乙의 책임 있는 사유로 파탄되었음을 인정하기에 부족하다고 한 사례.","원    고 피    고 사건본인 변론종결2015. 3. 4.주    문   1. 원고의 청구를 모두 기각한다.   2. 소송비용은 원고가 부담한다.청구취지   원고와 피고는 이혼한다. 피고는 원고에게 위자료로 3,000만 원과 이에 대하여 이 사건 소장 부본 송달 다음 날부터 이 사건 판결 선고일까지는 연 5%, 그 다음 날부터 다 갚는 날까지는 연 20%의 각 비율로 계산한 돈을 지급하라. 피고는 원고에게 재산분할로 5억 7,480만 원과 이에 대하여 이 사건 판결 확정 다음 날부터 다 갚는 날까지 연 20%의 비율로 계산한 돈을 지급하라. 사건본인들의 친권자 및 양육자로 원고를 지정한다. 피고는 원고에게 사건본인들의 양육비로 이 사건 판결 선고일부터 2016. 11. 17.까지는 매월 100만 원, 그 다음 날부터 2018. 8. 6.까지는 매월 50만 원의 비율로 계산한 돈을 지급하라.이    유  1. 인정 사실  가. 혼인 및 자녀: 1996. 4. 6. 혼인신고, 자녀로 사건본인들이 있음.  나. 혼인생활 과정과 현재 상황  1) 원고와 피고는 1995년경 원고와 같은 건축사 사무실에서 일하던 피고 사촌 오빠의 소개로 교제하다가 1996. 4. 6.경 결혼식을 올리고 혼인생활을 시작하였다.  2) 원고는 결혼 1년 후 원고의 형이 운영하는 건축 회사로 이직하면서 퇴근시간이 늦어졌고, 주말에도 출근하는 경우가 많게 되었는데, 전업주부였던 피고는 원고가 가정일에 대한 자신의 역할과 책임을 등한시하고, 모든 가정일을 피고의 책임으로 전가하는 것을 힘들어하였고, 원고는 매사에 비난하고 가르치려는 듯한 피고의 태도와 가정에서 소외되어 냉대받는다는 느낌에 힘들어하였다. 일례로 원고가 저녁 먹기 전에 퇴근한다고 전화하면 피고는 “왜 밥 안 먹고 올 때만 전화하느냐?”며 서운함을 토로하였고, 피고가 감정이 격해지면 저녁밥이 있냐고 물어보는 원고에게 “댁은 손이 없어 발이 없어?”라고 하였으며, 자녀들과 피고가 함께 밥을 먹으면서도 원고에게 식사할 것을 권유하지도 않고 “왕따 당하니 어떠냐?”고 힐난하기도 하였다.  3) 원고와 피고는 원고가 거실 욕실에서 샤워를 한 뒤 욕실문을 열어 놓지 않아 사건본인들이 미끄러운 욕실 바닥에서 넘어질 수도 있는데도 원고가 이와 같은 방식을 고수한다는 이유로 자주 다투었는데, 2008년경부터 피고가 원고에게 안방 욕실을 혼자 쓰도록 하면서 결국 각방을 쓰기에 이르렀다.  4) 원고와 피고는 2012년경 피고의 부모를 요양원에 모시는 문제로 의견 다툼이 생기면서 관계가 소원해졌고, 피고는 2012년 가을 무렵 원고에게 이혼하자고 하였다.  5) 피고는 이 사건 소 제기 이후 현재까지 이혼하지 않겠다는 의사를 분명히 표시하고 있고, 사건본인들도 원고와 피고가 함께 살기를 바라고 있다.  인정 근거 다툼 없는 사실, 갑 1, 2호증의 각 기재, 가사조사관의 조사보고서, 변론 전체의 취지  2. 이혼 청구에 관한 판단  가. 원고의 주장  다음과 같은 피고의 잘못으로 원고와 피고의 혼인관계가 더 이상 회복할 수 없을 정도로 파탄되었다.  ① 피고는 원고가 피고의 의견과 다른 선택을 하여 그 결과가 만족스럽지 못하면 원고를 비난, 무시하고, 부부갈등을 해결하기 위하여 원고가 권유하여 받게 된 부부상담 도중 치료를 거부하는 등 갈등을 해결하고자 하는 의지가 없다.  ② 피고는 수년 전부터 원고에게 저녁식사를 차려주지 않았을 뿐만 아니라 원고가 집에 있어도 사건본인들과 피고만 식사를 하고, 세탁도 사건본인과 피고 것만 하는 등 원고를 가정에서 소외시키고 냉대하였다.  ③ 원, 피고의 갈등이 심화된 이후인 2012년경부터는 원고와 이혼하겠다면서 제사와 명절에도 참석하지 않고 있고, 원고의 가족이 준 음식들을 버리거나 방치하는 등 원고와 원고의 가족을 부당하게 대우하였다.  나. 판단  앞서 든 증거들에 의하여 인정되는 다음과 같은 사정들에 비추어 보면, 갑 1에서 15호증(가지번호 있는 것은 가지번호 포함), 가사조사관 조사보고서의 일부 기재만으로는 원, 피고의 혼인관계가 피고의 책임 있는 사유로 파탄되었음을 인정하기에 부족하고 달리 이를 인정할 증거가 없다.  ① 옳고 그름에 대한 기준이 엄격한 피고가 자신의 기준에 어긋나거나 감정적으로 서운한 경우 이를 긍정적인 방향으로 표현하지 못하고 비난과 힐난, 폭력적인 방식으로 대응하여 원, 피고의 갈등이 악화된 면이 있다. 그러나 원고 역시 가족구성원으로서 자녀양육과 가사일에 자신의 시간과 노력을 들여야 함에도 사건본인들의 양육문제와 가사일을 피고에게 모두 미루어 둔 채 남편과 아버지로서의 역할을 등한시하여 갈등을 야기한 측면이 있다.  ② 원, 피고가 현재 각방을 쓰면서 신뢰관계가 흔들리고 있으나, 약 20년간 혼인생활을 유지하면서 최근 3, 4년간 갈등이 심화된 기간에도 한 집에 거주하면서 사건본인들을 염려하면서 서로 책임지려는 모습을 보이고 있는 점 등에 비추어 현재의 갈등 상황을 원, 피고가 합리적으로 해결할 수 있는 능력과 여지가 있는 것으로 보인다.  ③ 원고는 이 사건 소 제기 전 피고에게 부부상담을 권유하여 함께 상담을 받기도 하였을 뿐만 아니라 원, 피고 모두 이 사건 조정조치에 따른 상담 과정 도중 상대방의 입장에서 자신을 돌아보고, 상대방에게 미안한 점, 고마운 점을 진술하기도 하는 등 서로에 대한 애정과 신뢰의 회복 및 갈등 해결의 가능성이 있다.  ④ 피고는 한때 이혼을 원하였으나 이 사건 소 제기 이후 현재까지 이혼하지 않겠다는 의사를 분명히 표시하면서 부부관계를 회복하고 가정을 유지하기 위하여 노력할 것을 다짐하고 있으며, 사건본인들도 원, 피고의 이혼을 원하지 않고 있다.  3. 위자료, 재산분할, 친권자·양육자 지정, 양육비 청구에 관한 판단  원고의 이혼 청구가 이유 없으므로, 이혼을 전제로 한 위자료, 재산분할, 친권자·양육자 지정, 양육비 청구도 더 나아가 살펴볼 필요 없이 이유 없다.  4. 결론  원고의 이 사건 청구는 모두 이유 없다.판사 이수영(재판장) 유현영 조현락 "
192614,혼인의취소·이혼등,2014므4734,대법원,"1 혼인은 남녀가 일생의 공동생활을 목적으로 하여 도덕 및 풍속상 정당시되는 결합을 이루는 법률상, 사회생활상 중요한 의미를 가지는 신분상의 계약으로서 본질은 양성 간의 애정과 신뢰에 바탕을 둔 인격적 결합에 있다고 할 것이고, 특별한 사정이 없는 한 임신가능 여부는 민법 제816조 제2호의 부부생활을 계속할 수 없는 악질 기타 중대한 사유에 해당한다고 볼 수 없다. 그리고 ‘혼인을 계속하기 어려운 중대한 사유’에 관한 민법 제840조 제6호의 이혼사유와는 다른 문언내용 등에 비추어 민법 제816조 제2호의 ‘부부생활을 계속할 수 없는 중대한 사유’는 엄격히 제한하여 해석함으로써 그 인정에 신중을 기하여야 한다.2 甲이 배우자인 乙을 상대로 乙의 성기능 장애 등을 이유로 민법 제816조 제2호에 따른 혼인취소를 구한 사안에서, 제반 사정에 비추어 甲의 부부생활에 乙의 성기능 장애는 크게 문제 되지 않았다고 볼 여지가 많고, 설령 乙에게 성염색체 이상과 불임 등의 문제가 있다고 하더라도 이를 들어 민법 제816조 제2호에서 정한 ‘부부생활을 계속할 수 없는 악질 기타 중대한 사유’에 해당한다고 보기 어려운데도, 이와 달리 본 원심판결에 법리오해 등의 잘못이 있다고 한 사례.","원고(반소피고), 상고인 겸 피상고인 피고(반소원고), 피상고인 겸 상고인 원심판결 부산고법 2014. 10. 1. 선고 (창원)2013르158, 165 판결주    문  원심판결 중 사기로 인한 혼인취소 본소청구를 제외한 나머지 부분을 파기하고, 이 부분 사건을 부산고등법원에 환송한다.  사기로 인한 혼인취소 본소청구에 관한 원고(반소피고)의 상고를 기각한다.이    유  상고이유를 판단한다.  1. 사기로 인한 혼인취소에 관한 원고(반소피고, 이하 ‘원고’라고 한다)의 상고이유에 관하여  원심은 피고(반소원고, 이하 ‘피고’라고 한다)가 혼인 전부터 성기능 장애사실을 알고 있었음에도 이를 숨기고 원고와 혼인하였다고 인정하기 부족하다고 판단하여 민법 제816조 제3호에 기한 원고의 혼인취소 본소청구를 기각하였다.  기록에 비추어 살펴보면, 원심의 위와 같은 판단은 정당하고, 거기에 상고이유 주장과 같이 논리와 경험의 법칙을 위반하고 자유심증주의의 한계를 벗어나는 등의 잘못이 없다.  2. 피고의 상고이유에 관하여  가. 원심은, 피고는 원고와 중매로 만나 2011. 1. 3. 혼인한 신혼생활 중이었음에도 원고와의 성관계를 극히 꺼려왔고, 한 달에 2~3회 정도로 드물게 이루어지는 성생활에서도 성기의 결합이 이루어지지 아니한 사실, 원고는 혼인 직후부터 아이를 가지기를 원하였으나 아이가 생기지 않자 피고가 2011. 9. 24. 불임검사를 받았고, 그 결과 피고가 무정자증에다 성염색체에 선천적 이상이 있다는 진단이 나온 사실 등을 인정한 다음, 피고가 원고에 대한 관계에서 일반적인 부부 사이에 필요한 최소한의 성기능이 가능하다고 보기 어려운 점, 피고에게 위 성기능 장애와 함께 선천적인 성염색체 이상과 무정자증이 있는 점, 전문직 종사자 중매의 경우 2세에 대한 기대를 중요한 선택 요소로 고려하는 점, 피고의 위 상태가 향후 개선될 수 있다고 볼 자료가 부족한 점 등 그 판시와 이유로 피고에게 부부생활을 계속할 수 없는 악질 기타 중대한 사유가 있다고 판단하여 민법 제816조 제2호에 기한 원고의 혼인취소 본소청구를 인용하였다.  나. 그러나 원심의 위와 같은 판단은 그대로 수긍하기 어렵다.  1) 혼인은 남녀가 일생의 공동생활을 목적으로 하여 도덕 및 풍속상 정당시되는 결합을 이루는 법률상, 사회생활상 중요한 의미를 가지는 신분상의 계약으로서 그 본질은 양성 간의 애정과 신뢰에 바탕을 둔 인격적 결합에 있다고 할 것이고, 특별한 사정이 없는 한 임신가능 여부는 민법 제816조 제2호의 부부생활을 계속할 수 없는 악질 기타 중대한 사유에 해당한다고 볼 수 없다(대법원 1960. 8. 18. 선고 4292민상995 판결, 대법원 1995. 12. 8. 선고 94므1676, 1683 판결 참조). 그리고 ‘혼인을 계속하기 어려운 중대한 사유’에 관한 민법 제840조 제6호의 이혼사유와는 다른 문언내용 등에 비추어 민법 제816조 제2호의 ‘부부생활을 계속할 수 없는 중대한 사유’는 엄격히 제한하여 해석함으로써 그 인정에 신중을 기하여야 할 것이다.  2) 기록에 의하면, 원고는 임신이 되지 아니하자 2011. 6. 말경 친정어머니와 함께 산부인과를 방문하여 임신상담과 기본적인 검사를 받고 배란예정일을 고지받았고, 2011. 9. 중순경에도 2회에 걸쳐 산부인과를 방문하여 배란예정일을 고지받고 임신에 관한 산부인과 전문의의 조언을 들은 사실, 피고는 2011. 9. 24. 불임검사 이후 자신의 무정자증과 성염색체 이상을 알게 된 사실, 피고는 특별한 의료적 시술 없이 통상적인 방법으로 여러 번 정액검사를 받았고, 그 과정에서 발기능력과 사정능력이 문제 되지는 아니한 사실, 그 사이 원고는 피고와의 성관계가 이루어지지 아니함을 이유로 피고와 함께 병원진료를 받거나 친정 부모 등에게 알려 고민하지는 아니한 사실을 알 수 있다.  사정이 이와 같다면 원고의 부부생활에 피고의 성기능 장애는 크게 문제 되지 않았다고 볼 여지가 많다. 그리고 설령 원심이 인정한 바와 같이 피고가 원고에 대한 상대적인 관계에서 성기능에 문제가 있었다고 하더라도, 이를 들어 피고에게 부부생활을 계속할 수 없는 악질 기타 중대한 사유가 있다고 볼 수 없을 뿐만 아니라, 부산대학교병원장의 피고에 대한 원심 신체감정 중 2회에 걸쳐 생리적 반응을 검사한 ‘야간수면발기검사’에서 정상범위의 결과가 나타난 사정 등에 비추어 보면 약물치료, 전문가의 도움 등으로 개선이 가능하다고 할 것이다.  그렇다면 앞서 본 법리에 비추어 볼 때 피고에게 성염색체 이상과 불임 등의 문제가 있다고 하더라도 이를 들어 민법 제816조 제2호에서 정한 부부생활을 계속할 수 없는 악질 기타 중대한 사유에 해당한다고 보기 어렵다. 그럼에도 원심은 이와 달리 판단하고 말았으니, 이러한 원심에는 논리와 경험의 법칙을 위반하고 자유심증주의의 한계를 벗어나거나 민법 제816조 제2호의 혼인취소 사유에 관한 법리를 오해하는 등으로 판결에 영향을 미친 잘못이 있다. 이 점을 지적하는 상고이유 주장은 이유 있다.  3. 결론  그러므로 나머지 상고이유에 대한 판단을 생략한 채 원심판결 중 사기로 인한 혼인취소 본소청구를 제외한 나머지 부분을 파기하고, 이 부분 사건을 다시 심리·판단하게 하기 위하여 원심법원에 환송하며, 사기로 인한 혼인취소 본소청구에 관한 원고의 상고를 기각하기로 하여, 관여 대법관의 일치된 의견으로 주문과 같이 판결한다.대법관 권순일(재판장) 민일영 박보영(주심) 김신 "
182761,혼인의무효등·이혼,2014르445,전주지방법원,내용없음,"원고(반소피고), 피항소인 피고(반소원고), 항소인 제1심판결 전주지방법원 2014. 6. 24. 선고 2013드단5209 판결변론종결2014. 12. 15.주    문  1. 제1심 판결의 본소 위자료 청구 부분 중 아래에서 지급을 명하는 금원을 초과하는 피고(반소원고) 패소 부분을 취소하고, 그 취소 부분에 해당하는 원고(반소피고)의 본소 위자료 청구를 기각한다.    피고(반소원고)는 원고(반소피고)에게 위자료로 3,000,000원을 지급하라.   2. 피고(반소원고)의 나머지 항소를 기각한다.   3. 소송총비용은 본소와 반소를 합하여 그 중 30%는 원고(반소피고)가, 나머지는 피고(반소원고)가 각 부담한다.   4. 제1항은 가집행할 수 있다. 청구취지 및 항소취지  1. 청구취지  가. 본소 : ① 주위적으로, 원고(반소피고, 이하 원고라 한다)와 피고(반소원고, 이하 피고라 한다) 사이에 2012. 4. 9. 김제시 ○○면장에게 신고하여 한 혼인은 이를 취소하고, 예비적으로, 원고와 피고는 이혼한다. ② 피고는 원고에게 위자료로 30,000,000원을 지급하라.  나. 반소 : 원고와 피고는 이혼한다. 원고는 피고에게 위자료로 10,000,000원과 이에 대하여 이 사건 반소장 부본 송달일 다음날부터 다 갚는 날까지 연 20%의 비율로 계산한 돈을 지급하라.  2. 항소취지  제1심 판결 중 피고 패소 부분을 취소하고 그 부분에 해당하는 원고의 본소 청구를 기각한다. 반소에 의하여 원고와 피고는 이혼한다. 원고는 피고에게 위자료로 10,000,000원과 이에 대하여 이 사건 반소장 부본 송달일 다음날부터 다 갚는 날까지 연 20%의 비율로 계산한 돈을 지급하라.이    유1. 인정사실  가. 원고는 원고의 이웃으로서 국제결혼중개업을 하고 있던 소외 1의 권유로 국제결혼을 하고자 소외 1과 함께 베트남으로 출국하여 2012. 2.경 그곳에서 피고와 맞선을 본 후 혼인을 하기로 결정하고, 피고와 결혼식을 올린 후 귀국하여 2012. 4. 9. 김제시 ○○면장에게 피고와의 혼인신고를 마쳤다.   나. 피고는 원고와 혼인하기 전에 베트남에서 아이를 출산한 전력이 있는데, 2012. 2.경 원고와 피고 외에 원고 측 결혼중개업자인 소외 1과 베트남 현지 결혼중개업자인 소외 3 등이 참석한 맞선 자리에서 피고는 물론 소외 3도 원고와 소외 1에게 피고의 출산경력에 관하여 이야기한 적이 없고, 피고가 혼인 전 소외 3에게 제출하여 소외 1을 통하여 원고에게 전달된 피고의 ‘혼인상황확인서’, ‘혼인요건인증서’ 등의 서류에는 ‘혼인상황 : 혼인신고를 안 하였음’, ‘현재 혼인상태 : 독신’이라는 내용이 기재되어 있었으며, 피고의 혼인 내지 출산경력이 따로 원고에게 고지된 적이 없어, 원고는 혼인 당시 피고도 초혼이고, 출산경력이 없는 것으로 알고 있었다.   다. 피고는 2012. 7. 28. 한국에 입국하여 원고 및 원고의 모 소외 4, 원고의 계부 소외 2와 함께 거주하면서 혼인생활을 하였는데, 소외 2가 2013. 1. 18. 및 2013. 1. 25. 피고를 강간하고, 2013. 1. 24. 피고를 강제추행하였으며, 이에 피고는 소외 2를 형사고소하면서 집을 나왔다.  라. 소외 2는 전주지방법원 2013고합30호로 성폭력범죄의처벌등에관한특례법위반(친족관계에의한강간등)죄 등으로 기소되어 2013. 5. 30. 위 법원에서 징역 7년의 유죄판결을 선고받았고, 이에 소외 2가 불복하여 항소 및 상고하였으나 위 항소 및 상고가 모두 기각되어 위 판결이 확정되었다.   마. 원고는 위 형사사건 항소심 재판 계속 중이던 2013. 8. 무렵 피고가 원고와 혼인하기 전에 다른 남자와 사이에서 아이를 출산하였다는 사실을 알게 되었다.   바. 한편, 원고와 소외 4는 혼인 후에 피고에게 혼인 및 출산경력이 있는지 물었으나 피고는 이를 부인하였고, 피고는 2013. 9. 10. 위 형사사건 항소심에 증인으로 출석하여 출산경력에 관한 질문을 받고 아이를 출산한 사실이 없다고 증언하였다.   사. 피고는 이 사건에서, 피고가 2003. 10.경 베트남에서 베트남 소수민족인 타이족 남성으로부터 납치되어 강간을 당하여 임신을 하게 되었는데 위 남성이 자주 술을 마시고 피고에게 폭력을 행사하여 피고는 2004. 6.경 이를 피하여 친정집으로 돌아왔고, 2004. 8.경 아들을 출산하였는데 위 남성이 아들을 데리고 가 버렸으며, 그 후에도 위 남성이 계속 친정집에 찾아와 금전을 요구하여 결국 피고는 2004. 12.경 친정집을 떠나 식당 등지에서 일하며 지냈다고 주장한다. 인정근거 다툼 없는 사실, 갑 제1, 2, 5, 6, 17, 19, 20호증(가지번호 있는 것은 가지번호 포함, 이하 같다), 을 제1호증의 각 기재, 제1심 증인 소외 1의 증언, 이 법원의 피고 본인신문결과, 변론 전체의 취지 2. 본소 청구에 대한 판단  가. 주위적 혼인취소 청구에 대하여     1) 원고의 주장에 관한 판단      가) 민법 제816조 제3호는 사기 또는 강박으로 인하여 혼인의 의사표시를 한 때에는 그 취소를 청구할 수 있다고 규정하고 있는데, 사기로 인한 혼인이란 혼인의 당사자 또는 제3자가 위법한 수단으로 상대방 또는 양당사자를 기망하여 착오에 빠진 혼인의 상대방 또는 양당사자가 혼인의 의사표시를 함으로써 성립한 혼인을 말하고, 사기를 이유로 혼인을 취소하려면 혼인의 본질적 내용에 관한 기망이 있어야 할 것인바, 혼인 당사자의 혼인경력, 출산경력 등은 상대방이 혼인의 의사를 결정함에 있어서 매우 중요하게 고려하는 요소라고 할 것이어서 이에 관하여 당사자 또는 제3자가 명시적·묵시적으로 기망하였고, 이로 인하여 착오에 빠진 상대방이 혼인의 의사를 표시하였으며, 위와 같은 기망에 의한 착오가 없었더라면 그 상대방이 혼인에 이르지 않았을 것으로 보이는 경우 그 상대방은 위 규정에 의하여 혼인의 취소를 청구할 수 있다.         이 사건에 관하여 보건대, 위 인정사실에 의하면, 원고와의 혼인 상대방인 피고와 결혼중개업자는 혼인 전 원고에게 피고의 출산경력에 관한 사실을 고지하여 원고로 하여금 혼인 여부에 관하여 신중하게 결정할 수 있도록 하여야 함에도 불구하고, 피고는 원고에게 자신의 과거 출산경력에 대하여 알리지 않았고 베트남 현지 결혼중개업자인 소외 3도 원고에게 이를 알리지 않음으로써 원고를 기망하였다 할 것이고, 초혼인 원고가 국제결혼중개업체를 통하여 베트남 국적의 피고를 만나 피고도 초혼인 것으로 알고 혼인을 하게 된 사정 및 통상 혼인 당사자 일방의 출산경력은 타방 당사자의 혼인에 관한 의사결정에 있어서 중대한 고려요소에 해당하는 점 등에 비추어 볼 때 원고가 피고의 출산경력을 알았더라면 피고와 혼인에 이르지 않았을 것이라고 봄이 상당하므로, 결국 원고는 민법 제816조 제3호가 정한 혼인취소 사유인 ‘사기로 인하여 혼인의 의사표시를 한 때’에 해당한다 할 것이어서, 이를 이유로 한 원고의 본소 주위적 청구 중 혼인취소 청구는 이유 있다(따라서 이 법원은 더 나아가 원고의 본소 예비적 청구인 이혼 청구의 당부에 관하여 심리·판단하지 않는다).      나) 나아가 원고는, ① 피고가 원고와 혼인하기 전 베트남에서 다른 남자와 상당기간 사실혼관계를 유지하였고, ② 피고가 원고에게 자신이 1990년생이며 고등학교를 졸업하였다고 말하였으나 실제로는 1987년생이고 학교를 다닌 사실이 없으며, ③ 피고가 성병에 감염되었으므로, 이러한 점도 혼인취소 사유에 해당한다는 취지로 주장한다.         살피건대, 사실혼 관계란 당사자 사이에 주관적으로 혼인의 의사가 있고 객관적으로 사회관념상으로 가족질서적인 면에서 부부공동생활을 인정할 만한 혼인생활의 실체가 있는 경우를 의미하는바, 피고의 주장에 의하면 피고와 위 타이족 남성과의 관계는 피고가 만 13세 무렵 이른바 약탈혼의 형태로 이루어진 것이어서 피고의 당시 연령과 의사, 동거기간 등에 비추어 적법한 사실혼 관계가 성립하였다고 보기 어렵고, 달리 피고와 위 남성 사이에 적법한 사실혼 관계가 성립하였음을 인정할 증거가 없다. 또한, 갑 제7, 8, 19, 24호증의 각 기재만으로는 피고가 실제 1987년생이고 성병에 걸린 사실을 인정하기에 부족하고 달리 이를 인정할 증거가 없으며, 피고가 혼인하기 전 고등학교를 졸업하였다고 원고를 기망하였음을 인정할 증거도 없으므로, 원고의 이 부분 주장은 이유 없다.     2) 피고의 주장에 관한 판단       가) 피고는, 베트남 현지 결혼중개업자 소외 3에게 자신의 출산경력에 관하여 고지하였는데, 결혼중개업자가 그런 것은 결혼하는 데 중요하지 않고 상대방이 피고를 마음에 들어 하면 된다고 하여 그렇게 알고 있었을 뿐 결혼중개업자가 원고에게 피고의 출산경력을 고지하였는지 여부는 알지 못하였으나, 국제결혼의 특성상 결혼중개업자에게 출산경력을 고지하였다면 이를 직접 원고에게 고지하지 않았다고 하더라도 고지의무 위반이라고 할 수 없다는 취지로 주장한다.           살피건대, 이 법원의 피고 본인신문결과만으로는 피고가 베트남 현지 결혼중개업자인 소외 3에게 자신의 출산경력을 고지한 사실을 인정하기에 부족하고 달리 이를 인정할 증거가 없으며(피고는 처음에는 원고 측 결혼중개업자인 소외 1에게 출산경력을 고지하였다고 주장하다가 제1심에서 소외 1이 고지를 받지 못하였다는 증언을 한 이후 위와 같이 주장을 변경하였다), 설령 피고의 주장과 같이 피고가 위 베트남 결혼중개업자에게 자신의 출산경력을 고지하였다고 하더라도, ① 앞서 본 바와 같이 혼인 당사자가 과거에 출산경력이 있다는 것은 타방 당사자가 혼인의사를 결정함에 있어 매우 중요한 고려요소가 된다고 할 것이고, 이는 국제결혼을 통한 혼인에 있어서도 마찬가지라 할 것이므로, 피고가 결혼중개업자가 출산경력이 결혼하는 데 중요하지 않다고 하는 말을 그대로 신뢰하였을 것이라고 보기는 어려운 점, ② 피고는 위 결혼중개업자가 원고에게 출산경력을 고지하였는지 여부는 알지 못하였다거나 고지하였을 것이라고 생각했다거나 국제결혼의 특성상 결혼중개업자에게 고지하였으면 고지의무를 다한 것이라는 취지의 주장을 할 뿐 실제로 혼인 전 결혼중개업자에게 출산경력을 원고에게 고지하였는지 여부에 관한 아무런 확인을 한 적이 없고, 원고에게도 고지받았는지 여부를 확인하지 않은 점, ③ 혼인 후 정황을 보더라도 원고와 원고의 모 소외 4는 혼인 후에 피고에게 혼인 및 출산경력이 있는지 물었으나 피고는 이를 부인하였고, 피고는 소외 2에 대한 형사사건에서 증인으로 출석하여 출산경력에 관한 질문을 받고 출산한 적이 없다고 증언하기도 한 사실에 비추어 피고는 베트남 결혼중개업자가 원고에게 피고의 출산경력을 고지하였을 것으로 생각한 것으로는 보이지 않는 점, ④ 비록 국제결혼에서 혼인 당사자 사이에 언어 장벽이 존재하여 의사소통이 어렵다는 점을 고려한다 하더라도, 통역 등을 통하여 충분히 중요 정보를 서로 교환할 수 있고 혼인 당사자는 타방 당사자에 관한 정보들을 종합하여 혼인의사를 결정하는 것이므로, 결혼중개업자를 통한 국제결혼의 경우에도 혼인의사 결정에 관한 중요 정보는 결혼중개업자에게 고지한 것만으로 고지의무를 다하였다고 볼 수 없고, 직접 타방 당사자에게 고지하거나 적어도 결혼중개업자를 통해 타방 당사자에게 고지되었는지 확인하여야 할 것으로 보이는 점 등을 종합하여 보면, 국제결혼에서의 언어 및 문화적 차이에 기인한 특수성을 감안한다고 하더라도 피고가 베트남 결혼중개업자에게 출산경력을 고지한 것만으로 원고에 대한 고지의무를 다하였다고 볼 수 없으므로, 피고의 위 주장은 이유가 없다(더욱이 혼인취소는 당사자는 물론 제3자가 기망을 한 경우에도 인정되는 것인바, 베트남 결혼중개업자인 소외 3이 원고에게 피고의 출산경력에 관하여 고지한 사실이 없음은 앞서 본 바와 같으므로, 이는 원고에 대한 관계에서 제3자에 의한 사기로서 민법 제816조 제3호에 규정된 ‘사기로 인하여 혼인의 의사표시를 한 때’에 해당하는 것은 마찬가지이다).       나) 피고는 또한, 피고의 출산은 미성년자에 대한 납치, 강간 피해의 결과이고 피고의 자유의사에 반한 것이었으며, 당시 미성년자였던 피고는 그로 인하여 회복하기 어려운 정신적 트라우마를 경험하였는데, 납치, 강간과 같은 끔찍한 과거의 경험을 혼인상대방에게 고지하도록 하는 의무를 지운다면 이는 피해자인 피고에게 2차 피해를 가하는 것인 점을 고려하면, 피고가 출산경력을 고지하지 않은 행위가 혼인의 본질에 반하는 것으로 볼 수 없어 위법한 기망행위에 해당하지 않으므로 혼인취소사유가 존재하지 않는다고도 주장하나, 피고 스스로도 결혼중개업자에게는 출산경력을 사실대로 고지하였다고 주장하고 있을 뿐만 아니라, 출산경력의 고지 자체가 곧바로 2차 피해를 야기한다고 보기는 어려우며, 혼인의사를 결정함에 있어서 출산경력이 차지하는 중대성 등에 비추어 보면, 피고가 주장하는 바와 같은 미성년자로서 납치, 강간을 당하여 출산을 하게 되었다는 사정만으로는 그러한 출산경력을 혼인 상대방인 원고에게 고지할 의무를 면한다고 볼 수 없어, 피고가 출산경력을 고지하지 않은 행위가 위법한 기망행위에 해당하지 않는다고 할 수 없으므로, 피고의 위 주장도 이유가 없다.       다) 피고는 또한, 피고가 혼인 이후 혼인생활을 원만하게 유지하기 위하여 노력하였는데, 원고의 계부 소외 2가 피고를 성폭행하자 원고와 원고의 모가 성폭행 피해자인 피고를 보호하지 않은 채 피고를 본국으로 내쫓기 위하여 오히려 피고의 과거 출산경력을 문제삼아 피고를 상대로 혼인취소를 구하는 것은 권리남용에 해당한다고 주장하므로 살피건대, 피고가 혼인 중에 원고의 계부로부터 성폭행을 당하여 피해를 입은 사실은 앞서 본 바와 같으나, 이를 원고가 피고에게 어떠한 불법행위를 한 것으로 평가할 수는 없는 점, 가족법에서 혼인취소 및 이혼이 신분에 미치는 법률효과에 차이가 있는 점, 원고와 피고의 혼인기간이 짧은 점, 원고의 혼인취소 청구가 오로지 피고를 본국으로 추방하여 피고에게 고통을 주려는 목적에서 비롯된 것이라고 단정할 수 없는 점 등에 비추어 보면, 원고의 혼인취소 청구가 권리남용에 해당한다고 보기 어려우므로, 피고의 위 주장도 받아들일 수 없다.   나. 위자료 청구에 대하여     앞서 본 바와 같이 피고가 원고에게 출산경력을 고지하지 않은 행위로 말미암아 원고와 피고의 혼인관계가 취소됨으로써 원고가 정신적 고통을 받았을 것임은 경험칙상 명백하므로, 피고는 이를 금전으로나마 위자할 의무가 있다 할 것이다.     나아가 피고가 원고에게 지급할 위자료의 액수에 관하여 보건대, 피고가 적극적으로 원고를 기망한 것은 아닌 점, 원고와 피고의 이 사건 혼인 및 혼인취소 경위, 혼인기간, 원고와 피고의 나이, 직업, 수입, 재산상황 등 이 사건 변론에 나타난 제반 사정을 참작하여 볼 때, 위자료 액수를 3,000,000원으로 정함이 상당하다.     따라서 피고는 원고에게 위자료로 3,000,000원을 지급할 의무가 있다. 3. 반소 청구에 대한 판단  피고는, 원고가 혼인기간 중 독립적으로 생활하지 못하였고, 원고의 직계존속인 원고의 계부가 피고를 강간하였으며, 원고는 피해자인 피고에 대한 부부로서의 보호 및 부양에 관한 의무를 다하지 아니하고 오히려 소외 2에 대한 형사재판 과정에서 피고의 신뢰를 배반하였으며, 이로 인하여 원고와 피고의 혼인관계가 파탄되었다고 주장하면서, 반소로써 이혼 및 위자료의 지급을 구한다.  그러나 원고와 피고 사이의 혼인에 혼인취소 사유가 인정됨으로써 혼인의 효력이 장래에 향하여 해소되기에 이른 것은 앞서 본 바와 같으므로, 이와 달리 원고와 피고 사이에 혼인이 유효하게 계속되어 있음을 전제로 원고의 귀책사유를 원인으로 하여 그 혼인관계의 해소를 구하는 피고의 반소 이혼 및 위자료 청구는 더 나아가 살필 필요 없이 이유 없다. 4. 결론  그렇다면, 원고의 본소 주위적 청구 중 혼인취소 청구는 이유 있어 이를 인용하고, 위자료 청구는 위 인정범위 내에서 이유 있어 이를 인용하며, 원고의 나머지 본소 위자료 청구와 피고의 반소 이혼 및 위자료 청구는 이유 없어 이를 각 기각할 것인바, 원고의 본소 위자료 청구에 관한 제1심 판결은 이와 결론을 일부 달리하여 부당하므로 피고의 항소를 일부 받아들여 피고에 대하여 주문 제1항과 같은 금액의 지급을 명하고, 제1심 판결 중 위 금원을 초과하는 피고 패소 부분을 취소하고 그 취소 부분에 해당하는 원고의 본소 위자료 청구를 기각하며, 원고의 본소 주위적 청구 중 혼인취소 청구와 피고의 반소 이혼 및 위자료 청구에 관한 제1심 판결은 이와 결론을 같이 하여 정당하므로 피고의 나머지 항소는 이유 없어 이를 기각하기로 하여, 주문과 같이 판결한다.  판사 김양희(재판장) 천무환 남해인 "
239155,혼인의취소·이혼등,2013르158,부산고등법원창원재판부,내용없음,"원고(반소피고), 항소인 겸 피항소인 원고(반소피고) (소송대리인 법무법인 국제 담당변호사 홍광식 외 1인)피고(반소원고), 피항소인 겸 항소인 피고(반소원고) (소송대리인 변호사 문탑승)제1심판결 창원지방법원 2013. 5. 22. 선고 2012드합328(본소), 2013드합59(반소) 판결변론종결2014. 8. 27.주    문1. 제1심 판결 중 본소 청구 부분을 다음과 같이 변경한다.  가. 원고(반소피고)와 피고(반소원고) 사이에 2011. 1. 3. 창원시 의창구청장에게 신고하여 한 혼인은 이를 취소한다.  나. 피고(반소원고)는 원고(반소피고)에게 위자료로 50,000,000원 및 이에 대한 2012. 6. 28.부터 2013. 5. 22.까지는 연 5%의, 그 다음날부터 다 갚는 날까지는 연 20%의 각 비율로 계산한 돈을 지급하라.  다. 피고(반소원고)는 원고(반소피고)에게 원상회복으로 별지 목록 기재 자동차에 관한 소유권이전등록절차를 이행하라.  라. 원고(반소피고)의 나머지 본소 주위적 청구를 기각한다.2. 피고(반소원고)의 반소에 관한 항소를 기각한다.3. 소송총비용은 본소와 반소를 합하여 1/5은 원고(반소피고)가, 나머지는 피고(반소원고)가 각 부담한다.4. 제1의 나.항은 가집행할 수 있다.청구취지 및 항소취지1. 청구취지  가. 본소   1) 주위적 청구취지 : 주문 제1의 가. 및 다.항. 피고(반소원고, 이하 ‘피고’라 한다)는 원고(반소피고, 이하 ‘원고’라 한다)에게 위자료로 100,000,000원 및 이에 대하여 이 사건 소장 부본 송달일 다음날부터 다 갚는 날까지 연 20%의 비율로 계산한 돈을 지급하라. 피고는 원고에게 재산분할로 138,180,427원 및 이에 대하여 이 사건 판결 확정일 다음날부터 다 갚는 날까지 연 5%의 비율로 계산한 돈을 지급하라. 피고는 원고에게 혼인취소에 따른 원상회복으로 50,000,000원을 지급하라.   2) 예비적 청구취지 : 원고와 피고는 이혼한다. 피고는 원고에게 위자료로 100,000,000원 및 이에 대하여 이 사건 소장 부본 송달일 다음날부터 다 갚는 날까지 연 20%의 비율로 계산한 돈을 지급하라. 피고는 원고에게 재산분할로 138,180,427원 및 이에 대하여 이 사건 판결 확정일 다음날부터 다 갚는 날까지 연 5%의 비율로 계산한 돈을 지급하라. 피고는 원고에게 이혼에 따른 원상회복으로 별지 목록 기재 자동차에 관하여 소유권이전등록절차를 이행하고, 50,000,000원을 지급하라.   나. 반소  원고와 피고는 이혼한다. 원고는 피고에게 위자료로 30,000,000원 및 이에 대하여 이 사건 반소장 부본 송달일 다음날부터 이 사건 제1심 판결 선고일까지는 연 5%의, 그 다음날부터 다 갚는 날까지는 연 20%의 각 비율로 계산한 돈을 지급하라. 원고는 피고에게 재산분할로 105,000,000원을 지급하라.2. 항소취지  가. 원고  본소 : 제1심 판결을 다음과 같이 변경한다. 주위적 청구취지 기재와 같은 판결을 청구하다.  나. 피고  1) 본소 : 제1심 판결 중 위자료 청구에 관한 원고 청구인용(피고패소) 부분을 취소하고, 위 취소부분에 해당하는 원고의 본소 청구를 기각한다.  2) 반소 : 제1심 판결을 다음과 같이 변경한다. 원고와 피고는 이혼한다. 원고는 피고에게 위자료로 30,000,000원을, 재산분할로 105,000,000원을 각 지급하라.이    유1. 인정사실  가. 혼인신고 및 자녀   원고와 피고는 2011. 1. 3. 혼인신고를 마친 법률상의 부부로 슬하에 자녀는 없다.  나. 혼인생활 및 파탄경위  1) 초등학교 교사인 원고와 재활의학과 의사인 피고는 2010. 9.경 중매로 만나 2010. 12. 26. 결혼식을 올리고, 2011. 1. 3. 창원시 의창구청장에게 혼인신고를 하였다. 원·피고는 결혼 후 원고의 모친인 소외 1이 마련해 준 전세보증금으로 창원시 성산구 (주소 1 생략)(이하 ‘이 사건 아파트’라고 한다)에서 전세를 얻어 신혼살림을 시작하였다.  2) 피고는 신혼 생활 중이었음에도 원고와의 성관계를 극히 꺼려 왔고, 한 달에 2~3회 정도 이루어지는 성생활도 발기가 제대로 이루어지지 아니하여 성기 대 성기의 결합이 아니라 성행위에 유사하거나 갈음하는 행위(예를 들어 원고의 성기를 피고의 입으로 핥거나 손가락으로 자극하는 식의 행위 등)로 대신하였는데, 2011. 4.경부터는 덥다는 이유 등으로 아예 거실에서 따로 자거나, 매트리스를 구입해 와서 원고와 떨어져 자는 적이 많아서 이 때문에 부부 사이의 불화가 시작되었다.   3) 원고는 혼인 직후부터 아이를 가지기를 원하였으나 아이가 생기지 않자, 피고가 2011. 9. 24. 부산 ○○병원에서 불임검사를 받았다. 검사 결과 피고가 무정자증에다 성염색체에 선천적 이상이 있다는 진단이 나왔다.  4) 이에 피고는 검사 결과가 정확한지를 재확인하고 불임문제를 해결하기 위하여 2011. 10. 8. 서울△△병원에서 염색체검사를, 2011. 10. 15. □□□병원에서 염색체검사를, 2011. 12. 14. □□□병원에서 고환조직검사를 받았다.  5) 위 각 재검사 결과, 피고는 정상적인 남성이 가지는 46XY의 염색체가 아닌 45X 세포와 46XY의 염색체가 섞여있는 ‘모자이시즘(Mosaicism)’이라는 병이 있는 것으로 확인되었고, 그로 인해 성선기능이 저하되어 불임이 유발될 수 있다는 사실도 밝혀졌다.  6) 원고는 위 재검사 결과를 한참 후에 알게 되었고, 이에 대해 피고는 원고에게 아이를 갖기 위한 방법으로 형의 정자를 이용해 인공수정을 할 것을 제안하기도 하였으나, 원고는 이를 거절하였고, 그 과정에서 서로에 대한 불신과 갈등이 더욱 깊어졌다.  7) 한편, 피고는 7세경 ◇◇대학교병원 비뇨기과에서 우측 고환 잠복으로 고환절제술을 받음으로써 우측 고환이 소실되었고, 2009. 7. 25. ☆☆비뇨기과의원에서 상세불명의 요도하열(소변이 나오는 구멍이 귀두 끝 부분이 아니라 귀두 아래쪽으로 향해 있는 증상)로 치료를 받은 이래로 2011. 12. 14. ▽▽대병원에서 같은 증상으로 치료를 받기까지 여러 차례의 치료를 반복하여 왔다.  8) 원고는 피고의 불임 사실을 알고 난 이후로, 피고의 성(性) 기능 장애와 위와 같은 병력 등에다가, 피고가 전문적인 의학 지식을 갖춘 의사라는 점 등을 감안할 때 피고가 처음부터 자신의 신체적인 결함을 잘 알면서도 이를 숨기고 원고와 결혼했다고 생각하게 되었다. 원고는 피고에게 이러한 점을 들어 원망과 실망의 감정을 나타내었고, 피고도 그러한 원고에게 서운함과 분노를 느껴 서로 다투는 일이 잦아졌으며, 2011. 12. 11.경에는 원·피고가 이 문제로 또다시 말다툼을 하다 화가 난 피고가 원고의 목을 조르고 어깨를 누르는 등으로 폭력을 행사하는 등 혼인생활이 사실상 파탄에 이르렀다.  9) 피고는 2012. 6. 18.경 원고와 다툰 후 이 사건 아파트에서 나와 현재까지 별거 중이다.인정 근거다툼 없는 사실, 갑 제1, 2, 3, 10, 12, 13, 28, 29, 32, 35, 36, 42호증(각 가지번호 포함, 이하 같다), 을 제2, 4, 8, 9호증의 각 기재, 제1심의 ◎◎◎◎병원장, ◁◁대학교병원장, ◇◇대학교병원, □□□병원장에 대한 각 사실조회결과, 제1심의 국민건강보험공단 부산지역본부에 대한 제출명령결과, 당심의 ▽▽대학교병원장에 대한 제출명령결과, 당심의 원고 본인신문결과, 변론 전체의 취지2. 본소 주위적 청구에 관한 판단  가. 원고 주장  원고는 주위적으로, 원고와 피고 사이의 위 혼인은 ① 피고가 자신의 성기능장애 등 사실을 속이고 원고와 결혼하였으므로 민법 제816조 제3호의 혼인취소 사유에 해당하거나, ② 원고가 혼인 당시 피고에게 부부생활을 계속할 수 없는 악질이 있음을 알지 못하였으므로 민법 제816조 제2호의 혼인취소 사유에 해당하여 원고와 피고의 혼인은 취소되어야 하고, 피고는 원고에게 혼인취소에 따른 위자료의 지급과 재산분할 및 원상회복의무가 있다고 주장한다.  나. 혼인취소 청구에 관한 판단    1) 민법 제816조 제3호 주장    피고가 어린 시절 우측 고환 절제 시술을 받았고, 2009년경부터 상세불명의 요도하열로 여러 차례 치료를 받은 사실, 피고의 성 기능에 장애가 있는 사실이에 반하는 듯한 당심 감정인 소외 2의 신체감정결과와 위 감정인에 대한 사실조회결과는, 위 감정인이 객관적인 지표인 음경색도플러 초음파 검사 결과로는 피고 음경의 동맥혈류가 정상 기준에 미치지 못하는 것으로 나타났음에도 불구하고, 주로 피고에 대한 질문과 답변에 의존한 ‘야간수면발기검사’ 결과를 바탕으로 피고가 성관계가 가능한 발기력을 가졌다고 평가하고 있는데, 원고가 당심 본인신문절차에서 피고와의 성생활을 비교적 상세하게 진술한 것으로 보이는 점, 원고의 처녀막이 3시 방향으로만 부분 파열 되어 있으나 처녀막의 환원형 형태는 그대로 유지되어 있어서(갑 제28호증) 원·피고가 성기 대 성기의 정상적 결합에 의한 성관계를 제대로 맺지 못한 것으로 추단되어 원고 주장을 뒷받침하는 점 등에 비추어 이를 그대로 믿기 어렵거나, 원고에 대한 관계에서 일반적인 부부 사이에 필요한 최소한의 성 기능이 가능하다고 인정하기는 부족하다. 다만, 이와 같은 판단은 피고가 어떠한 경우에도 다른 여성에 대하여도 성 기능에 장애가 있다는 것을 확정하는 것은 아니다, 피고가 성염색체 이상에 따른 무정자증 불임환자인 사실은 앞서 본 바와 같으나, 이러한 사실에 피고 자신이 의사라는 사정을 더하여 보더라도 위와 같은 사정들만으로는 피고가 혼인 전부터 성기능 장애사실을 알고 있었음에도 이를 숨기고 원고와 혼인하였다는 점을 인정하기 부족하고, 달리 이를 인정할 증거가 없다. 따라서 원고의 이 부분 주장은 이유 없다.    2) 민법 제816조 제2호 주장  나아가 피고에게 ‘부부생활을 계속할 수 없는 악질 기타 중대한 사유’가 있는지 여부에 관하여 판단한다.민법 제816조 제2호가 규정하는 혼인 취소 사유로서의 ‘부부생활을 계속할 수 없는 악질 기타 중대한 사유’라 함은 사회통념상 당사자 일방이 혼인 전에 상대방에게 그러한 사유가 있음을 알았더라면 상대방과 혼인하지 않았을 것이라고 인정되는 경우를 일컫는다고 할 것인데, 이 사건에서 ① 피고에게는 우측 고환 상실에 요도하열이라는 신체 외관상 추상(醜相) 정도를 넘어서, 선천적인 성염색체 이상과 무정자증 및 성 기능 장애의 복합적인 사유가 있는 점(이는 혼인생활 중에 발생한 후발적인 질병과는 엄격하게 구별되는 사유이고, 혼인취소 사유는 법률에 규정되어 있고 제척기간도 미리 정해져 있으므로 혼인생활 중에 부부에게 필요한 수인 또는 용인의 한도 법리가 바로 적용될 수도 없다), ② 원·피고는 전문직 종사자를 대상으로 하는 중매로 만나 혼인에까지 이르게 되었는데, 이 경우 배우자 일방은 배우자 상대방의 직업이나 경제적 능력은 물론이고 2세에 대한 기대(출산가능성과 최소한 정상적이거나 보통의 유전자를 가진 2세에 대한 희망)를 중요한 선택 요소로 고려하는 점, ③ 피고의 위 상태가 향후 개선될 수 있다고 볼 자료가 부족한 점, ④ 특히, 피고의 성염색체 이상증은 설령 향후 원고와의 성교나 임신이 가능하더라도 2세에게까지 유전될 가능성을 불식하기 어려운 점, ⑤ 원고에 대한 관계에서 혼인 무렵부터 현재까지 일반적인 부부 사이에 필요한 성생활이 가능하다고 보기 어려운 점 등을 감안할 때, 원고가 혼인 전에 피고에게 위와 같은 사유가 있음을 알았더라면 피고와 혼인하지 않았을 것이라고 넉넉히 인정할 수 있다.  이에 대하여 피고는, 이 사건 소가 제척기간(원고가 피고에게 위 사유가 있음을 안 날로부터 6개월)이 경과한 뒤에 제기되었다고 주장하나, 위 제척기간 도과에 대한 증명책임은 피고에게 있다고 할 것인데, 원고가 이 사건 소 제기로부터 6개월 이전에 피고에게 위 사유가 있음을 알았다고 인정할 증거가 없으므로, 피고의 이 부분 주장은 이유 없다.  따라서, 피고에게 이 사건 혼인 당시부터 부부생활을 계속할 수 없는 악질 기타 중대한 사유가 있었음에도, 원고는 이를 알지 못한 채 이 사건 혼인신고에 이르렀다고 할 것이고, 이는 민법 제816조 제2호의 혼인취소 사유에 해당하므로, 원고와 피고 사이에 2011. 1. 3. 창원시 의창구청장에게 신고하여 한 혼인은 이를 취소한다.   다. 위자료 청구에 관한 판단   위와 같은 혼인 취소 사유에다가 원고와 피고의 혼인지속기간, 피고의 책임 정도, 원·피고의 나이, 직업, 경제력 및 재산상태 등 여러 사정을 참작하면, 위자료는 50,000,000원으로 정함이 상당하므로, 피고는 원고에게 위자료로 50,000,000원과 이에 대하여 원고 청구에 따라 이 사건 소장 부본 송달일 다음날인 2012. 6. 28.부터 피고가 그 이행의무의 존부 및 범위에 관하여 항쟁함이 상당한 이 사건 제1심 판결 선고일인 2013. 5. 22.까지는 민법이 정한 연 5%의, 그 다음날부터 다 갚는 날까지는 소송촉진 등에 관한 특례법이 정한 연 20%의 각 비율로 계산한 지연손해금을 지급할 의무가 있다.  라. 원상회복 청구에 관한 판단    1) 이 사건 자동차  갑 제18호증의 1, 2, 3, 갑 제21호증의 각 기재에 변론 전체의 취지를 종합하면, 별지 목록 기재 승용자동차(이하 ‘이 사건 자동차’라 한다)는 원래 원고(또는 원고의 모친 소외 1)의 소유였는데, 결혼 후 피고 명의로 소유권이전등록을 하였고, 이는 피고에게 확정적으로 소유권을 이전시키기 위한 것이 아니라 보험료 적용 등을 유리하게 받기 위한 편의상 조치였던 사실을 인정할 수 있다.   사정이 그러하다면, 이 사건 자동차는 원고의 특유재산이라고 할 것이므로, 피고는 원고에게 혼인의 취소에 따른 원상회복으로 이 사건 자동차에 관한 소유권이전등록절차를 이행할 의무가 있다(한편, 피고는 이 사건 자동차의 소유권이전등록을 명한 제1심 판결 부분에 대하여는 항소하지 아니하였으므로, 이 부분에 관하여는 당사자 사이에 더 이상 다툼이 없는 것으로도 보인다).    2) 지참금 명목의 50,000,000원  가) 원고는, 피고와 결혼할 당시 피고에게 지참금 명목으로 50,000,000원을 지급하였으므로 피고는 이혼에 따른 원상회복으로 이를 반환할 의무가 있다고 주장한다.  나) 약혼예물의 수수는 약혼의 성립을 증명하고 혼인이 성립한 경우 당사자 내지 양가의 정리를 두텁게 할 목적으로 수수되는 것으로 혼인의 불성립을 해제조건으로 하는 증여와 유사한 성질을 가지므로, 예물의 수령자측이 혼인 당초부터 성실히 혼인을 계속할 의사가 없고 그로 인하여 혼인의 파국을 초래하였다고 인정되는 등 특별한 사정이 있는 경우에는 신의칙 내지 형평의 원칙에 비추어 혼인 불성립의 경우에 준하여 예물반환의무를 인정함이 상당하나, 그러한 특별한 사정이 없는 한 일단 부부관계가 성립하고 그 혼인이 상당 기간 지속된 이상 후일 혼인이 해소되어도 그 반환을 구할 수는 없다(대법원 1996. 5. 14. 선고 96다5506 판결 등 참조).  다) 제1심 증인 소외 1, 소외 3의 각 증언에 변론 전체의 취지를 종합하면, 원고측이 혼인 전 지참금 명목으로 피고측에 50,000,000원을 지급한 사실, 원고측이 그 중 20,000,000원을 피고측으로부터 돌려받아 혼인비용으로 사용한 사실을 인정할 수 있고, 위 인정사실에 의하면, 원고가 주장하는 위 지참금은 일응 혼인과 관련하여 수수되는 약혼예물과 유사한 성질의 금원이라고 볼 수 있는데, 이 사건의 경우 피고에게 혼인 당초부터 성실히 혼인을 계속할 의사가 없고 그로 인하여 혼인의 파국을 초래하였다고 인정할 근거가 부족하고, 원·피고의 혼인기간도 혼인신고를 마친 2011. 1. 3.경부터 피고의 별거로 혼인이 사실상 해소된 2012. 6. 18.경까지 상당한 기간 동안 지속되었으므로, 비록 피고측의 귀책사유로 이 사건 혼인이 취소된다고 하더라도 위 금원은 확정적으로 피고의 소유로 되었다고 봄이 상당하다. 따라서 원고의 위 주장은 이유 없다.3. 본소 예비적 청구에 관한 판단  앞서 본 바와 같이, 본소 주위적 청구인 혼인의 취소를 인용하는 이상, 예비적 청구인 이혼 및 이를 전제로 한 위자료, 재산분할, 원상회복 청구에 대하여는 더 나아가 살피지 아니한다.4. 반소 이혼 및 위자료 청구에 관한 판단    1) 반소 이혼 청구  피고는, 원고가 피고의 무정자증 보유 사실을 알고 난 직후부터 피고에게 모욕적 언행을 일삼고 폭력을 행사하였으며, 원고의 어머니도 피고가 근무하는 병원에까지 찾아와 업무를 방해하고 명예를 훼손하였으므로 민법 제840조 제3호, 제6호의 이혼사유에 해당한다고 주장한다. 을 제4, 7호증의 각 기재와 제1심 증인 소외 3의 증언만으로는 피고의 위 주장사실을 인정하기 부족하고, 달리 이를 인정할 증거가 없으므로, 피고의 위 주장은 받아들이기 어렵다.    2) 반소 위자료 청구     피고의 반소 이혼 청구가 이유 없는 이상, 반소 이혼 청구가 인용될 것을 전제로 하는 피고의 반소 위자료 청구는 더 나아가 살펴볼 필요 없이 이유 없다.5. 본소 주위적 청구와 반소의 재산분할 청구에 관한 판단  가. 재산형성 경위  아래의 사실은 갑 제11 내지 15, 18, 21호증, 제1심의 중소기업은행, 우리은행, 국민은행, 근로복지공단 ▷▷▷▷병원에 대한 각 사실조회결과, 제1심 증인 소외 1, 소외 3의 각 증언에 변론 전체의 취지를 종합하여 인정할 수 있다.   1) 원고는 결혼 전부터 현재까지 초등학교 교사로 재직하면서 월 2,600,000원 상당의 급여를 받아 왔고, 피고는 결혼 전부터 지금까지 의사로 근무하면서 월 10,000,000원(세금 공제 후) 상당의 급여를 받고 있다.  2) 피고는 혼인 초 원고에게 매월 5,000,000원 상당을 생활비로 지급하다가, 그 후 매월 1,250,000원 상당을 생활비로 지급하여 왔다.  3) 원고와 피고는 혼인 후 이 사건 아파트에서 신혼생활을 시작하였는데, 위 아파트에 대한 임대차보증금 210,000,000원 상당은 원고의 모친 소외 1이 제공하였고, 전입신고는 당시 원고가 수원에서 교직생활을 하고 있었으므로 편의상 창원에서 병원에 근무하던 피고의 명의로 하였다.  4) 피고는 혼인 전 부산 해운대구 (주소 2 생략)을 자신의 명의로 취득하였는데, 혼인 후 소외 4에게 월 차임 900,000원에 임대하였다.  5) 피고는 결혼 후인 2011. 7. 20. 시가 14,500,000원 상당의 SM5 승용차 1대를 자신의 명의로 구입하였다.  6) 피고는 중소기업은행, 우리은행, 국민은행계좌에 합계 200,208,105원 상당의 예금채권을 보유하고 있고, 피고의 2012. 6.말 기준 예상퇴직금은 40,052,750원이다.  7) 원고는 2012. 7. 20. 피고를 상대로, 피고가 이 사건 아파트의 임대인에게 위 임대차보증금반환채권을 원고에게 양도하였다는 통지를 하라는 소송을 제기하여(창원지방법원 2012가합4664), 2013. 2. 6. 원고 승소(청구인용) 판결을 받았는데, 이에 피고가 항소하였으나 2013. 10. 25. 항소를 취하하여 위 판결이 그대로 확정되었다.  나. 판단  이혼 시 분할대상이 되는 재산이란 원·피고의 공동생활 중 쌍방의 협력에 의하여 공동의 노력으로 형성·유지된 재산을 말하는 것인데, 이 사건에 있어서는 ① 원·피고가 혼인신고 후 동거한 기간이 1년 6개월 남짓에 불과한 점, ② 위 기간 동안 원·피고 모두 직장생활을 하였지만 급여가 더 많은 피고가 매달 원고에게 상당한 금액의 생활비를 지급해 온 것으로 보이는 점, ③ 피고의 급여 수준 등을 감안할 때 피고의 예금채권 중 상당 부분은 혼인 전 이미 발생한 것으로 보이는 점, ④ 원·피고의 혼인기간 중 형성·유지되었다고 볼 소지가 있는 재산 중에서 가장 다액인 이 사건 아파트 전세보증금은 민사재판을 통하여 원고측에 확정적으로 반환 된 점 등을 종합하면, 원·피고 사이에 추가로 재산분할과 그에 따른 재산이전을 명할 대상이 없으므로, 원·피고 쌍방의 재산분할 청구는 모두 이유 없다.  6. 결론  그렇다면 원고의 본소 주위적 청구인 혼인의 취소, 원상회복(자동차 소유권이진등록) 청구는 이유 있어 인용하고, 본소 주위적 청구인 위자료 청구는 위와 같이 정하며, 본소 주위적 청구인 원상회복(금전 지급) 청구, 본소 주위적 청구인 재산분할 청구 및 반소 청구는 이유 없어 이를 기각하여야 하는데, 제1심 판결 중 본소 청구 부분은 이와 일부 결론을 달리하여 부당하므로 원고의 항소를 일부 받아들여 제1심 판결을 위와 같이 변경하고, 반소 청구 부분은 이와 결론을 같이하여 정당하므로 피고의 항소는 이유 없어 이를 기각하기로 하여, 주문과 같이 판결한다.별지 자동차의 표시 생략판사 윤종구(재판장) 최희영 서근찬 "
187495,이혼등양육비·재산분할에서 가집행선고 관련 사건,2012므1656,대법원,"1 가사소송법 제42조 제1항은 ""재산상의 청구 또는 유아의 인도에 관한 심판으로서 즉시항고의 대상이 되는 심판에는 담보를 제공하게 하지 아니하고 가집행할 수 있음을 명하여야 한다""라고 규정하고, 가사소송규칙 제94조 제1항은 마류 가사비송사건의 심판에 대하여는 청구인과 상대방이 즉시항고를 할 수 있다고 규정하고 있는바, 민법 제837조에 따른 이혼 당사자 사이의 양육비 청구사건은 마류 가사비송사건으로서 즉시항고의 대상에 해당하고, 가집행선고의 대상이 된다.2 민법 제839조의2에 따른 재산분할 청구사건은 마류 가사비송사건으로서 즉시항고의 대상에 해당하기는 하지만, 재산분할은 부부가 혼인 중에 취득한 실질적인 공동재산을 청산 분배하는 것을 주된 목적으로 하고, 법원이 당사자 쌍방의 협력으로 이룩한 재산의 액수 기타 사정을 참작하여 분할의 액수와 방법을 정하는 것이므로, 재산분할로 금전의 지급을 명하는 경우에도 판결 또는 심판이 확정되기 전에는 금전지급의무의 이행기가 도래하지 아니할 뿐만 아니라 금전채권의 발생조차 확정되지 아니한 상태에 있다고 할 것이어서, 재산분할의 방법으로 금전의 지급을 명한 부분은 가집행선고의 대상이 될 수 없다. 그리고 이는 이혼이 먼저 성립한 후에 재산분할로 금전의 지급을 명하는 경우라고 하더라도 마찬가지이다.3 이혼으로 인한 재산분할청구권은 이혼이 성립한 때에 법적 효과로서 발생하는 것이지만 협의 또는 심판에 의하여 구체적 내용이 형성되기까지는 범위 및 내용이 불명확하기 때문에 구체적으로 권리가 발생하였다고 할 수 없다.  따라서 당사자가 이혼 성립 후에 재산분할 등을 청구하고 법원이 재산분할로서 금전의 지급을 명하는 판결이나 심판을 하는 경우에도, 이는 장래의 이행을 청구하는 것으로서 분할의무자는 금전지급의무에 관하여 판결이나 심판이 확정된 다음 날부터 이행지체책임을 지고, 그 지연손해금의 이율에 관하여는 소송촉진 등에 관한 특례법 제3조 제1항 본문이 정한 이율도 적용되지 아니한다.","원고, 피상고인 피고, 상고인 사건본인 원심판결 수원지법 2012. 2. 21. 선고 2011르240-1(분리) 판결주    문     1. 원심판결 중 피고에 대하여 3억 7,800만 원에 대한 이 사건 판결 확정일 다음 날부터 다 갚는 날까지 연 5%의 비율에 의한 돈을 초과하여 지급을 명한 지연손해금 부분과 재산분할에 대한 가집행선고 부분을 각 파기하고, 위 지연손해금 부분에 해당하는 원고의 항소를 기각한다.     2. 나머지 상고를 기각한다.     3. 소송총비용 중 1/3은 원고가, 나머지는 피고가 각 부담한다.이    유  1. 상고이유 제1점에 관한 판단  원심은 그 판시와 같은 사실을 인정한 다음 ① 인천 신포동 상가와 분당 ◇◇◇프라자 상가를 재산분할의 대상에 포함하고, ② 분할의 대상인 주식 및 예수금은 원고와 피고가 별거할 무렵인 2009. 5.경 피고가 보유하고 있던 주식과 예수금을 기준으로 정하며, ③ 재산분할비율은 원고 45%, 피고 55%로 정하고, ④ 과거의 양육비는 2009. 5. 19.부터 원심판결 선고일 즈음인 2012. 2. 18.까지 33개월간 매월 100만 원으로, 장래의 양육비는 2012. 2. 19.부터 사건본인이 성년에 이르는 전날인 2013. 5. 11.까지 매월 150만 원으로 각 정하였다.  관련 법리와 기록에 비추어 살펴보면, 위와 같은 원심의 판단은 정당한 것으로 수긍이 가고, 거기에 논리와 경험의 법칙에 반하여 자유심증주의의 한계를 벗어나거나 처분문서의 증명력, 재산분할의 대상 및 분할비율, 양육비 산정 등에 관한 법리를 오해한 잘못이 없다.  2. 상고이유 제2점에 관한 판단  원심은 원심 변론종결 시까지 알 수 있었던 사정 즉, 사건본인의 나이, 생활환경 및 양육상황, 사건본인의 의사 등을 종합하여, 원심판결 주문 제3항 기재와 같이 면접교섭에 관하여 정하는 것이 사건본인의 정서적 안정과 복리를 위하여 합당하다고 판단하였다.  관련 법리와 기록에 비추어 살펴보면, 원심의 위와 같은 판단은 정당한 것으로 수긍이 가고, 거기에 면접교섭권의 제한에 관한 법리와 판결주문의 명확성, 특정성 등에 관한 법리를 오해한 잘못이 없다.  3. 상고이유 제3점에 관한 판단  가. 가사소송법 제42조 제1항은 ""재산상의 청구 또는 유아의 인도에 관한 심판으로서 즉시항고의 대상이 되는 심판에는 담보를 제공하게 하지 아니하고 가집행할 수 있음을 명하여야 한다""라고 규정하고, 가사소송규칙 제94조 제1항은 마류 가사비송사건의 심판에 대하여는 청구인과 상대방이 즉시항고를 할 수 있다고 규정하고 있는바, 민법 제837조에 따른 이혼 당사자 사이의 양육비 청구사건은 마류 가사비송사건으로서 즉시항고의 대상에 해당하고, 가집행선고의 대상이 된다(대법원 1994. 5. 13.자 92스21 전원합의체 결정 참조).  그런데 민법 제839조의2에 따른 재산분할 청구사건은 마류 가사비송사건으로서 즉시항고의 대상에 해당하기는 하지만, 재산분할은 부부가 혼인 중에 취득한 실질적인 공동재산을 청산 분배하는 것을 주된 목적으로 하고, 법원이 당사자 쌍방의 협력으로 이룩한 재산의 액수 기타 사정을 참작하여 분할의 액수와 방법을 정하는 것이므로, 재산분할로 금전의 지급을 명하는 경우에도 그 판결 또는 심판이 확정되기 전에는 금전지급의무의 이행기가 도래하지 아니할 뿐만 아니라 금전채권의 발생조차 확정되지 아니한 상태에 있다고 할 것이어서, 재산분할의 방법으로 금전의 지급을 명한 부분은 가집행선고의 대상이 될 수 없다고 봄이 상당하다. 그리고 이는 이혼이 먼저 성립한 후에 재산분할로 금전의 지급을 명하는 경우라고 하더라도 마찬가지이다.  나. 원심판결 이유 및 기록에 의하면, 원심은 원심판결 선고 전인 2011. 8. 16. 원고와 피고 사이에 이혼에 관한 조정이 성립하였음을 이유로 양육비와 재산분할에 대하여 모두 가집행을 선고한 사실을 알 수 있는바, 위 법리에 비추어 보면 원심이 양육비에 대하여 가집행을 선고한 것은 정당하나, 재산분할에 대하여 가집행을 선고한 것은 재산분할 청구사건에서의 가집행선고에 관한 법리를 오해하여 판단을 그르친 것이다.  4. 지연손해금에 관한 직권판단이혼으로 인한 재산분할청구권은 이혼이 성립한 때에 그 법적 효과로서 발생하는 것이지만 협의 또는 심판에 의하여 구체적 내용이 형성되기까지는 그 범위 및 내용이 불명확하기 때문에 구체적으로 권리가 발생하였다고 할 수 없다(대법원 2001. 9. 25. 선고 2001므725, 732 판결 등 참조).따라서 당사자가 이혼 성립 후에 재산분할 등을 청구하고 법원이 재산분할로서 금전의 지급을 명하는 판결이나 심판을 하는 경우에도, 이는 장래의 이행을 청구하는 것으로서 분할의무자는 그 금전지급의무에 관하여 판결이나 심판이 확정된 다음 날부터 이행지체책임을 지고, 그 지연손해금의 이율에 관하여는 소송촉진 등에 관한 특례법(이하 ‘특례법’이라 한다) 제3조 제1항 본문이 정한 이율도 적용되지 아니한다(특례법 제3조 제1항 단서, 민사소송법 제251조).  그럼에도 원심은 원심판결 이전에 원고와 피고의 이혼이 성립하였다는 이유로 재산분할금 3억 7,800만 원에 대하여 이혼 성립일 다음 날인 2011. 8. 17.부터 원심판결 선고일인 2012. 2. 21.까지는 민법이 정한 연 5%, 그 다음 날부터 다 갚는 날까지는 특례법이 정한 연 20%의 비율에 의한 지연손해금을 지급하라고 명하였는바, 이는 재산분할에서의 지연손해금에 관한 법리를 오해하여 판단을 그르친 것이다.  5. 결론  그러므로 원심판결 중 피고에 대하여 3억 7,800만 원에 대한 이 사건 판결 확정일 다음 날부터 다 갚는 날까지 연 5%의 비율에 의한 돈을 초과하여 지급을 명한 지연손해금 부분과 재산분할에 대한 가집행선고 부분을 파기하되, 이 부분은 이 법원이 직접 재판하기에 충분하므로 가사소송법 제12조, 민사소송법 제437조에 따라 자판하기로 하여, 위와 같이 파기된 지연손해금 부분에 해당하는 원고의 항소를 기각하고, 피고의 나머지 상고를 기각하며, 소송총비용 중 1/3은 원고가, 나머지는 피고가 각 부담하기로 하여, 관여 대법관의 일치된 의견으로 주문과 같이 판결한다.대법관 박보영(재판장) 민일영(주심) 이인복 김신 "
187486,이혼등장래 퇴직급여 재산분할 청구 사건,2013므2250,대법원,"근로자퇴직급여보장법, 공무원연금법, 군인연금법, 사립학교교직원연금법이 각 규정하고 있는 퇴직급여는 사회보장적 급여로서의 성격 외에 임금의 후불적 성격과 성실한 근무에 대한 공로보상적 성격도 지닌다. 그리고 이러한 퇴직급여를 수령하기 위하여는 일정기간 근무할 것이 요구되는바, 그와 같이 근무함에 있어 상대방 배우자의 협력이 기여한 것으로 인정된다면 그 퇴직급여 역시 부부 쌍방의 협력으로 이룩한 재산으로서 재산분할의 대상이 될 수 있다.  퇴직급여채권은 퇴직이라는 급여의 사유가 발생함으로써 현실화되는 것이므로, 이혼 시점에서는 어느 정도의 불확실성이나 변동가능성을 지닐 수밖에 없다. 그러나 그렇다고 하여 퇴직급여채권을 재산분할의 대상에서 제외하고 단지 장래의 수령가능성을 재산분할의 액수와 방법을 정하는 데 필요한 기타 사정으로만 참작하는 것은 부부가 혼인 중 형성한 재산관계를 이혼에 즈음하여 청산·분배하는 것을 본질로 하는 재산분할제도의 취지에 맞지 않고, 당사자 사이의 실질적 공평에도 반하여 부당하다.  위와 같은 재산분할제도의 취지 및 여러 사정들에 비추어 볼 때, 비록 이혼 당시 부부 일방이 아직 재직 중이어서 실제 퇴직급여를 수령하지 않았더라도 이혼소송의 사실심 변론종결 시에 이미 잠재적으로 존재하여 경제적 가치의 현실적 평가가 가능한 재산인 퇴직급여채권은 재산분할의 대상에 포함시킬 수 있으며, 구체적으로는 이혼소송의 사실심 변론종결 시를 기준으로 그 시점에서 퇴직할 경우 수령할 수 있을 것으로 예상되는 퇴직급여 상당액의 채권이 그 대상이 된다.","원고, 피상고인 피고, 상고인 원심판결 대전고법 2013. 5. 9. 선고 2012르231 판결주    문  원심판결 중 재산분할 청구 부분을 파기하고, 이 부분 사건을 대전고등법원에 환송한다.  나머지 상고를 기각한다.이    유  상고이유를 판단한다.  1. 위자료 청구 부분  원심은 제1심판결 이유를 인용하여, 원고와 피고의 혼인관계가 파탄에 이르게 된 주된 책임이 폭행과 부정행위로 부부 사이의 신뢰를 돌이킬 수 없을 만큼 훼손시킨 피고에게 있다고 보아 피고에 대하여 원고에게 위자료를 지급할 것을 명하였는바, 기록에 비추어 살펴보면 원심의 위와 같은 판단은 정당한 것으로 수긍이 가고, 거기에 논리와 경험의 법칙에 반하여 자유심증주의의 한계를 벗어난 잘못이 없다.  2. 재산분할 청구 부분  가. 민법 제839조의2에 규정된 재산분할제도는 혼인 중에 부부 쌍방이 협력하여 이룩한 재산을 이혼 시에 청산·분배하는 것을 주된 목적으로 하는 제도이므로, 그 재산이 누구 명의로 되어 있는지 또는 그 관리를 누가 하고 있는지를 묻지 않고 분할의 대상이 된다(대법원 1999. 6. 11. 선고 96므1397 판결, 대법원 2013. 6. 20. 선고 2010므4071, 4088 전원합의체 판결 등 참조).  한편 근로자퇴직급여보장법, 공무원연금법, 군인연금법, 사립학교교직원연금법이 각 규정하고 있는 퇴직급여는 사회보장적 급여로서의 성격 외에 임금의 후불적 성격과 성실한 근무에 대한 공로보상적 성격도 지닌다(대법원 1995. 9. 29. 선고 95누7529 판결, 대법원 1995. 10. 12. 선고 94다36186 판결 등 참조). 그리고 이러한 퇴직급여를 수령하기 위하여는 일정기간 근무할 것이 요구되는바, 그와 같이 근무함에 있어 상대방 배우자의 협력이 기여한 것으로 인정된다면 그 퇴직급여 역시 부부 쌍방의 협력으로 이룩한 재산으로서 재산분할의 대상이 될 수 있는 것이다.  그런데 이에 관하여 이제까지 대법원은, 부부 일방이 이혼 당시 이미 퇴직하여 수령한 퇴직금은 재산분할의 대상이 되지만(대법원 1995. 3. 28. 선고 94므1584 판결 참조), 이혼 당시 아직 퇴직하지 아니한 채 직장에 근무하고 있는 경우에는 그의 퇴직일과 수령할 퇴직금이 확정되었다는 등의 특별한 사정이 없는 한 그가 장차 퇴직금을 받을 개연성이 있다는 사정만으로 그 장래의 퇴직금을 청산의 대상이 되는 재산에 포함시킬 수는 없고, 다만 위와 같이 장래 퇴직금을 받을 개연성이 있다는 사정은 민법 제839조의2 제2항 소정의 분할의 액수와 방법을 정하는 데 필요한 기타 사정으로 참작하면 충분하다는 입장을 견지하여 왔다(대법원 1995. 5. 23. 선고 94므1713, 1720 판결, 대법원 1998. 6. 12. 선고 98므213 판결 등). 대법원이 종래 위와 같은 입장을 취하여 온 이유는, 이혼 당시 아직 퇴직하지 아니한 채 직장에 근무하고 있는 경우에는 퇴직 시점을 알 수 없어 장래 수령할 퇴직금을 산정하기 어렵고, 회사의 파산, 징계해고, 형의 선고 등 사정변경으로 인하여 실제 퇴직금의 전부 또는 일부를 수령하지 못하게 될 가능성도 배제할 수 없으며, 기타 사정으로만 참작하더라도 공평한 재산분할이 가능하다고 판단한 데 있는 것으로 보인다.  나. 물론 퇴직급여채권은 퇴직이라는 급여의 사유가 발생함으로써 현실화되는 것이므로(대법원 1992. 9. 14. 선고 92다17754 판결, 대법원 2014. 4. 24. 선고 2013두26552 판결 등 참조), 이혼 시점에서는 어느 정도의 불확실성이나 변동가능성을 지닐 수밖에 없다. 그러나 그렇다고 하여 퇴직급여채권을 재산분할의 대상에서 제외하고 단지 장래의 그 수령가능성을 재산분할의 액수와 방법을 정하는 데 필요한 기타 사정으로만 참작하는 것은 부부가 혼인 중 형성한 재산관계를 이혼에 즈음하여 청산·분배하는 것을 본질로 하는 재산분할제도의 취지에 맞지 않고, 당사자 사이의 실질적 공평에도 반하여 부당하다. 이는 다음과 같은 점을 고려할 때 더욱 그러하다.  (1) 현실에서는 정상적으로 퇴직급여를 수령하는 경우가 훨씬 많은데, 위와 같은 불확실성이나 변동가능성을 이유로 퇴직급여채권을 재산분할의 대상에서 완전히 제외할 경우 오히려 불공평한 결과를 초래할 가능성이 크다. 특히 이혼 전에 퇴직한 경우와 비교하여 보면 현저한 차이가 발생하여, 혼인생활의 파탄에도 불구하고 퇴직급여를 수령할 때까지 이혼시기를 미루도록 사실상 강제하는 결과를 초래할 수 있다.  (2) 퇴직급여채권을 재산분할의 대상에서 제외하고 기타 사정으로만 참작할 경우에는 실제 어느 정도로 참작할지 그 기준이 명확하지 않고, 분할할 다른 재산이 없는 경우에는 아예 재산분할을 할 수 없으므로 공평한 재산분할을 담보하기 어렵다.  (3) 재산분할의 대상으로 인정되고 있는 다른 재산도 정도의 차이가 있을 뿐 장래 그 경제적 가치가 변동할 수 있고, 특히 채권은 기본적으로 장래 이행되지 않을 가능성이 내포되어 있다.  (4) 근로자는 퇴직하기 전에도 근로자퇴직급여보장법 제8조 제2항의 요건을 갖추면 계속근로기간에 대한 퇴직금을 미리 정산하여 지급받을 수 있고, 일반적으로 퇴직하기만 하면 그때부터 14일 이내에 퇴직급여를 받을 수 있다는 점에서 퇴직급여채권은 이행기의 정함이 없는 일반 채권과 실질적으로 큰 차이가 없고, 같은 법 제12조가 퇴직급여의 우선변제를 규정하고, 같은 법 제44조가 퇴직급여지급의무를 위반한 사용자의 형사처벌을 규정하고 있는 점을 고려하면 오히려 일반 채권보다 이행가능성이 크다고 볼 수도 있다.  다. 위와 같은 재산분할제도의 취지 및 여러 사정들에 비추어 볼 때, 비록 이혼 당시 부부 일방이 아직 재직 중이어서 실제 퇴직급여를 수령하지 않았더라도 이혼소송의 사실심 변론종결 시에 이미 잠재적으로 존재하여 그 경제적 가치의 현실적 평가가 가능한 재산인 퇴직급여채권은 재산분할의 대상에 포함시킬 수 있으며, 구체적으로는 이혼소송의 사실심 변론종결 시를 기준으로 그 시점에서 퇴직할 경우 수령할 수 있을 것으로 예상되는 퇴직급여 상당액의 채권이 그 대상이 된다고 할 것이다.  이와 달리 앞에서 본 바와 같이 부부 일방이 아직 퇴직하지 아니한 채 직장에 근무하고 있을 경우 그의 퇴직급여는 재산분할의 대상에 포함시킬 수 없고 단지 장래의 그 수령가능성을 분할의 액수와 방법을 정하는 데 필요한 기타 사정으로 참작하면 충분하다는 취지로 설시한 이제까지의 대법원판결들은 이 판결의 견해에 배치되는 범위 내에서 이를 모두 변경한다.  라. 이 사건 기록에 의하면, ① 원고는 1970년생으로 1992년경부터 현재까지 사립학교 교원으로 근무하고 있고, 2011. 7. 29. 기준으로 예상퇴직일시금은 86,014,920원, 예상퇴직수당은 24,927,350원인 사실, ② 피고는 1970년생으로 2001년경부터 현재까지 정부출연 연구소의 연구원으로 재직 중이고, 2011. 7. 13. 기준으로 예상퇴직금은 39,601,000원이며 정년은 61세인 사실, ③ 퇴직급여채권 외에 원고의 순재산은 54,721,327원, 피고의 순재산은 233,453,784원인 사실, ④ 피고는 원심 변론과정에서나 상고이유에서 위 예상퇴직급여액을 기준으로 퇴직급여채권을 분할하여 달라고 요구하고 있는 사실 등을 알 수 있는바, 위 법리에 따르면 원고와 피고의 퇴직급여채권은 모두 재산분할의 대상이 될 수 있고, 구체적으로는 이혼 확정 전의 사실심 변론종결 시를 기준으로 그 시점에서 퇴직할 경우 받을 수 있는 예상퇴직급여 상당액을 각자의 적극재산에 포함시켜 다른 재산과 함께 일괄하여 청산하거나 이에 준하는 적절하고 합리적인 방법으로 재산분할을 할 수 있다.  그럼에도 불구하고 원심판결은 이와 달리 퇴직급여채권은 단지 장래의 그 수령가능성을 재산분할의 액수와 방법을 정하는 데 필요한 기타 사정으로 참작하면 충분하다며 원고와 피고의 퇴직급여채권을 재산분할의 대상에서 제외하였는바, 이는 재산분할의 대상에 관한 법리를 오해하여 판단을 그르친 것이다.  3. 친권자 및 양육자지정 청구 부분  자녀의 양육을 포함한 친권은 부모의 권리이자 의무로서 미성년인 자녀의 복지에 직접적인 영향을 미친다. 그러므로 부모가 이혼하는 경우에 부모 중 누구를 미성년인 자녀의 친권자 및 양육자로 지정할 것인가를 정함에 있어서는, 자녀의 성별과 연령, 그에 대한 부모의 애정과 양육의사의 유무, 양육에 필요한 경제적 능력의 유무, 부모와 자녀 사이의 친밀도, 자녀의 의사 등 모든 요소를 종합적으로 고려하여 자녀의 성장과 복지에 가장 도움이 되고 적합한 방향으로 판단하여야 한다(대법원 2010. 5. 13. 선고 2009므1458, 1465 판결 등 참조).  위 법리와 기록에 비추어 살펴보면, 원심이 사건본인들의 친권자 및 양육자로 원고를 지정한 것은 정당한 것으로 수긍이 가고, 거기에 친권자 및 양육자 지정에 관한 법리를 오해한 잘못이 없다.  4. 결론  그러므로 원심판결 중 재산분할 청구 부분은 나머지 상고이유에 관한 판단을 생략한 채 파기하고, 이 부분 사건을 다시 심리·판단하도록 원심법원에 환송하며, 나머지 상고를 기각하기로 하여, 관여 법관의 일치된 의견으로 주문과 같이 판결한다.대법원장 양승태(재판장) 양창수 신영철 민일영(주심) 이인복 이상훈 김용덕 박보영 고영한 김창석 김신 김소영 조희대 "
187485,이혼등공무원 퇴직연금수급권의 재산분할 청구 사건,2012므2888,대법원,"1 (가) 민법 제839조의2에 규정된 재산분할제도는 혼인 중에 취득한 실질적인 공동재산을 청산·분배하는 것을 주된 목적으로 하는 것이므로, 부부가 재판상 이혼을 할 때 쌍방의 협력으로 이룩한 재산이 있는 한, 법원으로서는 당사자의 청구에 의하여 재산의 형성에 기여한 정도 등 당사자 쌍방의 일체의 사정을 참작하여 분할의 액수와 방법을 정하여야 한다.  (나) 이혼소송의 사실심 변론종결 당시에 부부 중 일방이 공무원 퇴직연금을 실제로 수령하고 있는 경우에, 위 공무원 퇴직연금에는 사회보장적 급여로서의 성격 외에 임금의 후불적 성격이 불가분적으로 혼재되어 있으므로, 혼인기간 중의 근무에 대하여 상대방 배우자의 협력이 인정되는 이상 공무원 퇴직연금수급권 중 적어도 그 기간에 해당하는 부분은 부부 쌍방의 협력으로 이룩한 재산으로 볼 수 있다. 따라서 재산분할제도의 취지에 비추어 허용될 수 없는 경우가 아니라면, 이미 발생한 공무원 퇴직연금수급권도 부동산 등과 마찬가지로 재산분할의 대상에 포함될 수 있다고 봄이 상당하다. 그리고 구체적으로는 연금수급권자인 배우자가 매월 수령할 퇴직연금액 중 일정 비율에 해당하는 금액을 상대방 배우자에게 정기적으로 지급하는 방식의 재산분할도 가능하다.  (다) 이때 그 재산분할에 의하여 분할권리자가 분할의무자에 대하여 가지게 되는 위와 같은 정기금채권은 비록 공무원 퇴직연금수급권 그 자체는 아니더라도 그 일부를 취득하는 것과 경제적으로 동일한 의미를 가지는 권리인 점, 재산분할의 대상인 공무원 퇴직연금수급권이 사회보장적 급여로서의 성격이 강하여 일신전속적 권리에 해당하여서 상속의 대상도 되지 아니하는 점 등을 고려하면, 분할권리자의 위와 같은 정기금채권 역시 제3자에게 양도되거나 분할권리자의 상속인에게 상속될 수 없다고 봄이 상당하다.2 민법 제839조의2 제2항의 취지에 비추어 볼 때, 재산분할비율은 개별재산에 대한 기여도를 일컫는 것이 아니라 기여도 기타 모든 사정을 고려하여 전체로서 형성된 재산에 대하여 상대방 배우자로부터 분할받을 수 있는 비율을 일컫는 것이라고 봄이 상당하므로, 법원이 합리적인 근거 없이 분할대상 재산들을 개별적으로 구분하여 분할비율을 달리 정하는 것은 허용될 수 없다.  그러나 공무원 퇴직연금수급권에 대하여 위와 같이 정기금 방식으로 재산분할을 할 경우에는 대체로 가액을 특정할 수 있는 다른 일반재산과는 달리 공무원 퇴직연금수급권은 연금수급권자인 배우자의 여명을 알 수 없어 가액을 특정할 수 없는 등의 특성이 있으므로, 재산분할에서 고려되는 제반 사정에 비추어 공무원 퇴직연금수급권에 대한 기여도와 다른 일반재산에 대한 기여도를 종합적으로 고려하여 전체 재산에 대한 하나의 분할비율을 정하는 것이 형평에 부합하지 아니하는 경우도 있을 수 있다. 그러한 경우에는 공무원 퇴직연금수급권과 다른 일반재산을 구분하여 개별적으로 분할비율을 정하는 것이 타당하고, 그 결과 실제로 분할비율이 달리 정하여지더라도 이는 분할비율을 달리 정할 수 있는 합리적 근거가 있는 경우에 해당한다. 그 경우에 공무원 퇴직연금의 분할비율은 전체 재직기간 중 실질적 혼인기간이 차지하는 비율, 당사자의 직업 및 업무내용, 가사 내지 육아 부담의 분배 등 상대방 배우자가 실제로 협력 내지 기여한 정도 기타 제반 사정을 종합적으로 고려하여 정하여야 한다.","원고, 피상고인 겸 상고인 피고, 상고인 겸 피상고인 원심판결 수원지법 2012. 6. 12. 선고 2011르2529 판결주    문  원심판결 중 재산분할 청구 부분을 파기하고, 이 부분 사건을 수원지방법원 본원 합의부에 환송한다.  원고의 나머지 상고를 기각한다.이    유  상고이유를 판단한다.  1. 위자료 청구에 관한 원고의 상고이유에 대하여  원심은 제1심판결 이유를 인용하여, 원고가 피고와의 갈등을 해소하거나 혼인관계를 회복하려고 노력하지 아니하고 여러 차례 집을 나가 귀가하지 아니함으로써 피고와의 갈등을 심화시키고, 피고와 다투는 과정에서 거동이 불편한 상태에 있던 피고에게 상해를 가하는 등의 잘못을 하였고, 이와 같은 원고의 잘못이 혼인관계 파탄의 주된 원인 중 하나이며, 그 책임의 정도가 최소한 피고와 동등하다고 판단하여 원고의 위자료 청구를 배척하였다.  기록에 비추어 살펴보면, 원심의 위와 같은 판단은 정당한 것으로 수긍할 수 있다. 거기에 원고의 상고이유 주장과 같이 논리와 경험의 법칙을 위반하여 사실을 인정하거나 필요한 심리를 다하지 아니하거나 위자료에 관한 법리를 오해하는 등의 위법이 있다고 할 수 없다.  2. 공무원 퇴직연금수급권의 재산분할 대상 여부에 관한 피고의 상고이유에 대하여  가. 민법 제839조의2에 규정된 재산분할제도는 혼인 중에 취득한 실질적인 공동재산을 청산·분배하는 것을 주된 목적으로 하는 것이므로, 부부가 재판상 이혼을 할 때 쌍방의 협력으로 이룩한 재산이 있는 한, 법원으로서는 당사자의 청구에 의하여 그 재산의 형성에 기여한 정도 등 당사자 쌍방의 일체의 사정을 참작하여 분할의 액수와 방법을 정하여야 한다(대법원 1998. 2. 13. 선고 97므1486, 1493 판결 등 참조).이혼소송의 사실심 변론종결 당시에 부부 중 일방이 공무원 퇴직연금을 실제로 수령하고 있는 경우에, 위 공무원 퇴직연금에는 사회보장적 급여로서의 성격 외에 임금의 후불적 성격이 불가분적으로 혼재되어 있으므로(대법원 1995. 9. 29. 선고 95누7529 판결 등 참조), 혼인기간 중의 근무에 대하여 상대방 배우자의 협력이 인정되는 이상 공무원 퇴직연금수급권 중 적어도 그 기간에 해당하는 부분은 부부 쌍방의 협력으로 이룩한 재산으로 볼 수 있다.따라서 재산분할제도의 취지에 비추어 허용될 수 없는 경우가 아니라면, 이미 발생한 공무원 퇴직연금수급권도 부동산 등과 마찬가지로 재산분할의 대상에 포함될 수 있다고 봄이 상당하다. 그리고 구체적으로는 연금수급권자인 배우자가 매월 수령할 퇴직연금액 중 일정 비율에 해당하는 금액을 상대방 배우자에게 정기적으로 지급하는 방식의 재산분할도 가능하다고 할 것이다.이때 그 재산분할에 의하여 분할권리자가 분할의무자에 대하여 가지게 되는 위와 같은 정기금채권은 비록 공무원 퇴직연금수급권 그 자체는 아니더라도 그 일부를 취득하는 것과 경제적으로 동일한 의미를 가지는 권리인 점, 재산분할의 대상인 공무원 퇴직연금수급권이 사회보장적 급여로서의 성격이 강하여 일신전속적 권리에 해당하여서 상속의 대상도 되지 아니하는 점 등을 고려하면, 분할권리자의 위와 같은 정기금채권 역시 제3자에게 양도되거나 분할권리자의 상속인에게 상속될 수 없다고 봄이 상당하다.  물론 위와 같은 정기금 방식의 재산분할의 경우에는 강제집행의 불편함과 어려움이 예상된다고 할는지 모르나, 분할의무자가 정당한 이유 없이 정기금을 지급하지 아니하면 가정법원은 가사소송법 제64조에 의하여 이행명령을 내릴 수 있고, 정당한 이유 없이 위 이행명령을 위반할 경우에는 같은 법 제67조 제1항에 의하여 1천만 원 이하의 과태료를 부과할 수 있으며, 정기금의 지급을 명령받고도 3기 이상 그 의무를 이행하지 아니한 경우에는 같은 법 제68조에 의하여 30일의 범위에서 그 의무를 이행할 때까지 분할의무자를 감치할 수 있는 등으로, 간접적으로 그 이행을 강제할 수 있는 방법도 있다.  그럼에도 연금수급권자인 배우자의 여명을 확정할 수 없다는 등의 이유만으로 공무원 퇴직연금수급권을 재산분할의 대상에서 제외하고 이를 재산분할의 내용과 방법을 정함에 있어서 참작되는 ‘기타 사정’에만 해당한다고 한다면, ① 공무원인 배우자가 퇴직급여를 연금이 아닌 일시금의 형태로 수령한 경우와 비교하여 현저히 불공평한 결과가 초래되고, ② ‘기타 사정’으로 참작한다고 하더라도 어느 정도로 참작하여야 하는지 명확한 기준이 없고, 분할할 다른 재산이 얼마나 있는지 등에 따라 기타 사정으로도 충분히 참작할 수 없거나 아예 참작할 수 없는 결과가 초래될 수 있으며, ③ 국민연금법 제64조가 혼인기간이 5년 이상인 경우 이혼한 배우자의 노령연금액 중 혼인기간에 해당하는 연금액의 절반을 지급받을 수 있도록 규정하고 있는 것과도 균형이 맞지 아니하므로, 혼인 중에 취득한 부부의 공동재산을 공평하게 청산·분배하기 위한 재산분할제도의 취지에 반하게 된다.  다만 위와 같은 정기금 방식의 재산분할에서 예상되는 이행 내지 집행의 어려움 등을 고려하여 보면, 분할권리자가 공무원 퇴직연금수급권에 대한 재산분할을 원하지 아니하거나, 혼인기간이 너무 단기간이어서 매월 지급할 금액이 극히 소액인 경우 등 퇴직연금 자체를 재산분할의 대상으로 하는 것이 적절하지 아니한 특별한 사정이 있는 경우에는 당사자들의 자력 등을 고려하여 이를 재산분할의 대상에서 제외하고 기타 사정으로만 고려하는 것도 허용될 수 있다고 할 것이다.  이와 달리 공무원 퇴직연금은 수급권자의 사망으로 그 지급이 종료되는데 수급권자의 여명을 확정할 수 없으므로 그 자체를 재산분할의 대상으로 할 수 없고, 다만 이를 분할액수와 방법을 정함에 있어서 참작되는 ‘기타의 사정’으로 삼는 것으로 족하다는 취지의 대법원 1997. 3. 14. 선고 96므1533, 1540 판결, 대법원 2006. 7. 13. 선고 2005므1245, 1252 판결 및 대법원 2009. 6. 9.자 2008스111 결정 등을 비롯하여 그러한 취지의 재판들은 이 판결의 견해에 배치되는 범위 내에서 이를 모두 변경하기로 한다.  나. 원심은, 피고가 1977년 경찰공무원으로 임용된 사실, 원고는 1993년 피고와 혼인하여 약 15년간 혼인생활을 하면서 가사를 전담하였고, 피고는 2006년 경찰공무원에서 퇴직하여 그때로부터 퇴직연금을 수령하여 현재 매월 2,128,600원의 퇴직연금을 받고 있는 사실 등을 인정한 다음, 그 판시와 같은 이유로 피고의 퇴직연금수급권을 재산분할의 대상으로 인정하고, 그에 따라 피고는 원고에게 이 판결 확정일 다음날부터 피고가 사망하기 전날까지 피고가 매월 지급받는 공무원연금액 중 일정 비율에 의한 돈을 매월 말일에 지급할 의무가 있다고 판단하였다.  앞서 본 법리에 비추어 보면, 원심이 피고의 공무원 퇴직연금수급권 자체를 재산분할의 대상으로 인정한 조치는 정당하다. 거기에 피고의 상고이유 주장과 같이 재산분할의 대상에 관한 법리를 오해한 위법이 있다고 할 수 없다.  3. 재산분할비율의 산정에 관한 쌍방의 상고이유에 대하여  이들 상고이유와 관련하여 직권으로 살펴본다.  가. 민법 제839조의2 제2항의 취지에 비추어 볼 때, 재산분할비율은 개별재산에 대한 기여도를 일컫는 것이 아니라 기여도 기타 모든 사정을 고려하여 전체로서의 형성된 재산에 대하여 상대방 배우자로부터 분할받을 수 있는 비율을 일컫는 것이라고 봄이 상당하므로, 법원이 합리적인 근거 없이 분할대상 재산들을 개별적으로 구분하여 분할비율을 달리 정하는 것은 허용될 수 없다(대법원 2002. 9. 4. 선고 2001므718 판결 등 참조).그러나 공무원 퇴직연금수급권에 대하여 위와 같이 정기금 방식으로 재산분할을 할 경우에는 대체로 가액을 특정할 수 있는 다른 일반재산과는 달리 공무원 퇴직연금수급권은 연금수급권자인 배우자의 여명을 알 수 없어 가액을 특정할 수 없는 등의 특성이 있으므로, 재산분할에서 고려되는 제반 사정에 비추어 공무원 퇴직연금수급권에 대한 기여도와 다른 일반재산에 대한 기여도를 종합적으로 고려하여 전체 재산에 대한 하나의 분할비율을 정하는 것이 형평에 부합하지 아니하는 경우도 있을 수 있다. 그러한 경우에는 공무원 퇴직연금수급권과 다른 일반재산을 구분하여 개별적으로 분할비율을 정하는 것이 타당하고, 그 결과 실제로 분할비율이 달리 정하여지더라도 이는 분할비율을 달리 정할 수 있는 합리적 근거가 있는 경우에 해당한다고 할 것이다. 그 경우에 공무원 퇴직연금의 분할비율은 전체 재직기간 중 실질적 혼인기간이 차지하는 비율, 당사자의 직업 및 업무내용, 가사 내지 육아 부담의 분배 등 상대방 배우자가 실제로 협력 내지 기여한 정도 기타 제반 사정을 종합적으로 고려하여 정하여야 한다.  나. 원심은 공무원 퇴직연금수급권과 다른 일반재산을 구분하지 아니한 채 전체 재산에 대하여, 재산형성의 경위, 원고와 피고의 실질적인 혼인생활의 기간이 약 15년 이상인 점, 재산분할의 대상이 되는 재산 중 이 사건 아파트는 피고가 원고와 혼인하기 전에 취득한 재산이고, 그 외 대부분의 재산은 피고의 급여로 형성된 점, 피고가 주식투자를 통하여 상당한 수익을 거둔 점, 반면에 원고는 별다른 재산이 없고, 대부분의 혼인생활 동안 가정주부로 지낸 원고에 대한 부양적 요소를 고려할 필요가 있는 점 등 변론에 나타난 모든 사정을 종합하면, 재산분할비율은 원고 30%, 피고 70%로 정함이 상당하다고 한 다음, 일반재산과 공무원 퇴직연금을 나누어서, ① 일반재산에 대하여는, 적극재산과 소극재산을 모두 현재의 명의인에게 확정적으로 귀속시키되, 피고는 원·피고의 순재산 합계액 중 30%에 해당하는 금액에서 원고의 순재산을 공제한 금액에 해당하는 237,000,000원을 원고에게 지급하고, ② 공무원 퇴직연금에 대하여는 피고가 사망할 때까지 매월 수령하는 퇴직연금액 중 마찬가지로 30%의 비율에 의한 돈을 매월 말일에 원고에게 지급하라고 판단하였다.  다. 그러나 원심판결 이유 및 기록에 의하면, 피고의 공무원 연금수급의 기초가 되는 재직기간이 모두 29년인데 그 중 원고와의 혼인기간이 13년이어서 그 혼인기간이 피고의 전체 재직기간의 40% 정도에 그침을 알 수 있다. 그럼에도 퇴직연금의 30%를 원고에게 귀속시키는 것은 실질적 혼인기간의 고려라는 점에서만 보면 그 혼인기간에 해당하는 퇴직연금의 대부분을 원고에게 돌리는 것과 같은 결과가 된다. 사정이 이러하다면, 공무원 퇴직연금수급권과 다른 일반재산에 대하여 일괄하여 분할비율을 정할 것이 아니라 공무원 퇴직연금수급권과 일반재산을 구분하여 개별적으로 분할비율을 정하는 것이 보다 합리적이 아닌지를 검토하여 볼 여지가 충분하다. 따라서 원심으로서는 먼저 기록에 나타난 모든 사정을 종합하여 공무원 퇴직연금수급권과 일반재산에 대하여 분할비율을 일괄하여 정하는 것이 타당한지 아니면 개별적으로 정하는 것이 타당한지를 면밀하게 심리한 다음 그에 따라 가장 합리적이고 공평한 분할비율을 정하였어야 한다.  그럼에도 이 점에 관하여 심리하지 아니한 채 만연히 공무원 퇴직연금수급권과 다른 일반재산을 구분하지 아니하고 일괄하여 분할비율을 정한 원심의 판단에는 필요한 심리를 다하지 아니하거나 재산분할비율의 산정에 관한 법리를 오해하여 판결에 영향을 미친 위법이 있다.  4. 결론  그러므로 원심판결 중 재산분할 청구 부분은 이에 관한 원고의 상고이유와 피고의 나머지 상고이유에 대한 판단을 생략한 채 파기하고, 이 부분 사건을 다시 심리·판단하게 하기 위하여 원심법원에 환송하며, 원고의 나머지 상고를 기각하기로 하여, 관여 법관의 일치된 의견으로 주문과 같이 판결한다.대법원장 양승태(재판장) 양창수(주심) 신영철 민일영 이인복 이상훈 김용덕 박보영 고영한 김창석 김신 김소영 조희대 "
187369,이혼및위자료등·이혼등·이혼등,2014므329,대법원,내용없음,"원고(반소피고), 피상고인 겸 상고인 피고(반소원고), 상고인 겸 피상고인 원심판결 서울고법 2013. 11. 21. 선고 2013르2214, 2221, 2238 판결주    문  원심판결 중 피고(반소원고)에 대한 본소 위자료 청구 부분과 본소 손해배상 및 원상회복 청구 가운데 피고 패소 부분을 파기하고, 이 부분 사건을 서울고등법원에 환송한다.  원고(반소피고)의 나머지 상고를 기각한다.이    유  원고(반소피고, 이하 ‘원고’라고만 한다)와 피고(반소원고, 이하 ‘피고’라고만 한다)의 상고이유(상고이유서 제출기간이 지난 후에 제출된 원고와 피고의 각 준비서면의 기재는 상고이유를 보충하는 범위 내에서)를 함께 판단한다.  1. 본소 손해배상 및 원상회복 청구에 관한 상고이유에 대하여  가. 일단 혼인이 성립되어 지속된 이상, 부부공동체로서 의미 있는 혼인생활을 하였다고 인정할 수 없을 만큼 단기간에 파탄되거나 당초부터 혼인을 계속할 의사가 없어 그로 인하여 혼인의 파국을 초래하였다고 인정되는 등 신의칙 내지 형평의 원칙에 비추어 혼인 불성립에 준하여 처리함이 타당한 특별한 경우가 아니라면, 일방 당사자는 배우자를 상대로 재산분할을 청구하는 외에 결혼식 등 혼인 생활을 위하여 지출한 비용 또는 예물·예단 등의 반환을 구하거나 그 상당액의 손해배상을 구할 수 없다(대법원 1984. 9. 25. 선고 84므77 판결, 대법원 1999. 2. 24. 선고 98므1827 판결 등 참조). 더욱이 법률혼주의를 채택하고 있는 우리나라 법제 아래에서 유효한 혼인의 합의가 이루어져 혼인신고를 마치고 법률상의 혼인이 성립되면 부부공동체로서의 동거·부양·협조 관계가 형성되고 그 혼인관계의 해소는 민법에서 정한 이혼 절차에 따라야 하므로 쉽게 그 실체를 부정하여 혼인 불성립에 준하여 법률관계를 처리하여서는 아니 될 것이다.  나. 그런데 원심이 인용한 제1심판결 이유 및 적법하게 채택된 증거들에 의하면, 원고와 피고는 2009. 6.경 결혼중매업체의 소개로 만나 교제하다 2010. 5. 17. 혼인신고를 하였고 같은 해 9. 12. 결혼식을 올리고 혼인생활을 시작하여 피고가 연락을 끊은 2011. 11.경까지 1년 넘게 부부로서 지내온 사실 등을 알 수 있다.  이러한 사실관계에 의하면 원고와 피고의 혼인이 사회적으로 부부공동체로서 공동생활을 하였다고 보기 어려울 정도의 단기간 내에 해소되었다고 할 수 없으며, 또한 이 사건 혼인파탄의 주된 원인이 된 피고의 여러 불성실한 행위를 비롯한 귀책사유 및 그 책임의 정도 등에 관하여 원심이 인정한 사정들을 참작한다고 하더라도 원고와 피고 사이에서 부부공동체로서의 혼인생활을 부정하고 혼인의 불성립에 준하여 처리하여야 할 정도의 특별한 사정이 있다고 단정하기도 어렵다.  다. 그럼에도 원심은 판시와 같은 이유만을 들어 이와 달리 판단하고 원고의 피고에 대한 판시 결혼 관련 비용 상당의 손해배상 및 원상회복 청구를 상당 부분 인용하였다. 따라서 이러한 원심의 판단에는 재판상 이혼에서의 손해배상의 범위 및 원상회복 등에 관한 법리를 오해하여 판결에 영향을 미친 위법이 있다. 이를 지적하는 피고의 상고이유 주장은 이유 있다.  라. 한편 이 부분 원고의 상고이유 주장은 판시 각 손해배상 및 원상회복 청구가 받아들여지는 것을 전제로 한 것이어서, 더 나아가 판단할 필요 없이 받아들이지 아니한다.  다만 이와 같이 본소 손해배상 및 원상회복 청구가 받아들여지지 아니하는 사정은 피고에 대한 본소 위자료 청구에 관하여 위자료의 액수를 정하면서 참작할 사정에 영향을 미칠 수 있으므로, 원심판결 중 피고에 대한 본소 위자료 청구 부분은 원고와 피고의 상고이유에 대하여 나아가 판단할 필요 없이 함께 파기함이 상당하다.  2. 결론  그러므로 피고의 나머지 상고이유에 대한 판단을 생략하고, 원심판결 중 피고에 대한 본소 위자료 청구 부분과 본소 손해배상 및 원상회복 청구 가운데 피고 패소 부분을 파기하며, 이 부분 사건을 다시 심리·판단하게 하기 위하여 원심법원에 환송하고, 원고의 나머지 상고를 기각하기로 하여, 관여 대법관의 일치된 의견으로 주문과 같이 판결한다.대법관 신영철(재판장) 이상훈 김용덕(주심) 김소영 "
192459,이혼및위자료·재산분할등,2013므1196,대법원,내용없음,"원고, 피상고인 피고, 상고인 사건본인 원심판결 서울고법 2013. 2. 8. 선고 2012르3746 판결주    문  상고를 기각한다.  상고비용은 피고가 부담한다.이    유  상고이유를 판단한다.  1. 국제사법 제2조 제1항은 “법원은 당사자 또는 분쟁이 된 사안이 대한민국과 실질적 관련이 있는 경우에 국제재판관할권을 가진다. 이 경우 법원은 실질적 관련의 유무를 판단함에 있어 국제재판관할 배분의 이념에 부합하는 합리적인 원칙에 따라야 한다.”고 규정하고, 제2항은 “법원은 국내법의 관할 규정을 참작하여 국제재판관할권의 유무를 판단하되, 제1항의 규정의 취지에 비추어 국제재판관할의 특수성을 충분히 고려하여야 한다.”고 규정하고 있다. 그러므로 국제재판관할은 당사자 간의 공평, 재판의 적정, 신속 및 경제를 기한다는 기본이념에 따라 결정하여야 하고, 구체적으로는 소송당사자들의 공평, 편의 그리고 예측 가능성과 같은 개인적인 이익뿐만 아니라, 재판의 적정, 신속, 효율 및 판결의 실효성 등과 같은 법원과 국가의 이익도 함께 고려하여야 한다. 그리고 이러한 다양한 이익 중 어떠한 이익을 보호할 필요가 있을지 여부는 개별 사건에서 법정지와 당사자의 실질적 관련성 및 법정지와 분쟁이 된 사안과의 실질적 관련성을 객관적인 기준으로 삼아 합리적으로 판단하여야 한다(대법원 2010. 7. 15. 선고 2010다18355 판결, 대법원 2012. 5. 24. 선고 2009다22549 판결 등 참조).  2. 원심은 그 채택 증거를 종합하여, 원고는 대한민국 국적을 가지고 있고, 피고는 대한민국 국적을 가진 부모에게서 대한민국 국적을 가지고 태어나 스페인으로 이주하여 현재 스페인 국적을 가지고 있고, 사건본인은 대한민국과 스페인 국적을 모두 가지고 있는 사실, 원고와 피고는 대한민국에서 2006. 8. 15. 결혼식을 마치고 한 달가량 대한민국에서 혼인생활을 한 사실, 그 후 원고가 수술, 임신 및 사건본인의 출산 등으로 대한민국에 계속 거주하게 되자, 피고가 대한민국과 스페인을 왕래하면서 생활하다가, 2009. 3. 14.경에야 원고가 사건본인과 함께 스페인으로 출국하여 그때부터 스페인에서의 혼인생활이 시작된 사실, 원고와 피고는 피고가 스페인 여성과 부정한 행위를 하였다는 이유로 다투었고, 원고는 2011. 6. 29. 사건본인과 함께 대한민국에 돌아와 현재까지 대한민국에 거주하면서 사건본인을 양육하고 있는 사실 등을 인정하였다.  그리고 원심은 위와 같은 사실관계 등을 토대로 하여, ① 국제재판관할권은 배타적인 것이 아니라 병존할 수 있는 것이므로, 스페인 법원이 대한민국 법원보다 심리에 더 편리하다는 것만으로 대한민국 법원의 재판관할권을 쉽게 부정하여서는 곤란하고, 원고가 대한민국 법원에서 재판을 받겠다는 의사를 명백히 표명하여 재판을 청구하고 있는 점도 고려하여야 하는 점, ② 원고 및 사건본인이 대한민국 국적을 가지고 있고, 사건본인이 대한민국에서 출생하여 현재 대한민국 유치원에 다니고 있으며, 결혼식과 혼인신고가 원·피고가 대한민국에 거주할 때 이루어졌으므로 피고 역시 이혼소송이 대한민국에서 제기될 수 있음을 예측할 수 있었다고 보이는 점, ③ 원고는 혼인기간 내내 사건본인과 함께 대한민국에 주민등록이 되어 있었고, 실제 혼인 중 상당기간 대한민국에서 거주하였을 뿐만 아니라, 2011. 6. 29.경부터 현재까지 대한민국에서 생활하고 있어 원고의 상거소가 대한민국에 존재하는 점, ④ 국제사법 제39조 단서는 이혼의 준거법을 정함에 있어 “부부 중 일방이 대한민국에 상거소가 있는 대한민국 국민인 경우에는 이혼은 대한민국 법에 의한다.”고 규정하고 있어 이 사건 소송의 준거법은 대한민국 법이 되므로, 대한민국 국민인 원고의 이익을 위해서도 대한민국 법원에 재판관할권을 인정할 필요가 있는 점, ⑤ 원고의 이 사건 청구에는 대한민국 국적을 가지고, 대한민국에 거주하며, 대한민국 국민에 의하여 양육되고 있는 사건본인에 대한 친권자 및 양육자 지정청구도 포함되어 있는데, 그러한 사항까지도 대한민국 법원이 관할할 수 없다는 것은 대한민국 국민에 대한 법의 보호를 포기하는 결과가 되는 점, ⑥ 피고가 소유하고 있는 재산이 대한민국 내에 존재하고, 원고가 위 재산을 가압류한 상황에서 원고의 위자료 및 재산분할청구의 실효성 있는 집행을 위해서도 대한민국 법원에 이혼소송을 제기할 실익이 있는 점 등의 사정을 근거로 원고의 이 사건 청구는 대한민국과 실질적 관련성이 있으므로 대한민국 법원에 국제재판관할권이 인정된다고 판단하였다.  앞서 본 법리와 기록에 의하여 살펴보면 원심의 판단은 정당하고, 거기에 국제재판관할에 관한 법리를 오해하여 판결에 영향을 미친 위법이 없다.  3. 그러므로 상고를 기각하고 상고비용은 패소자가 부담하기로 하여, 관여 대법관의 일치된 의견으로 주문과 같이 판결한다.대법관 고영한(재판장) 양창수 김창석 조희대(주심) "
173944,이혼등·이혼등,2013므3383,대법원,내용없음,"원고(반소피고), 피상고인 겸 상고인 피고(반소원고), 상고인 겸 피상고인 사건본인 원유림 외 1인원심판결 수원지법 2013. 7. 4. 선고 2012르2144-1, 2151-1 판결주    문   원심판결을 파기하고, 사건을 수원지방법원 본원 합의부에 환송한다.이    유   원고(반소피고, 이하 ‘원고’라고만 한다)와 피고(반소원고, 이하 ‘피고’라고만 한다)의 상고이유를 함께 판단한다.자의 양육은 부모의 권리이자 의무로서 미성년인 자의 복지에 직접적인 영향을 미친다. 따라서 부모가 이혼하는 경우에 미성년인 자의 양육자를 정할 때에는, 미성년인 자의 성별과 연령, 그에 대한 부모의 애정과 양육의사의 유무는 물론, 양육에 필요한 경제적 능력의 유무, 부와 모가 제공하려는 양육방식의 내용과 합리성·적합성 및 상호간의 조화 가능성, 부 또는 모와 미성년인 자 사이의 친밀도, 미성년인 자의 의사 등의 모든 요소를 종합적으로 고려하여, 미성년인 자의 성장과 복지에 가장 도움이 되고 적합한 방향으로 판단하여야 한다(대법원 2008. 5. 8. 선고 2008므380 판결, 대법원 2012. 4. 13. 선고 2011므4665 판결 등 참조).   원심은 판시와 같은 이유를 들어, (1) 원·피고를 공동 양육자로 지정하여 원고가 주중에, 피고가 주말에 사건본인들을 직접 양육하게 한다면, 단독 양육자로 지정할 경우에 발생할 부정적인 영향이나 단점을 최소화할 수 있는 등의 장점이 있을 뿐만 아니라, 공동 양육자로 지정할 경우에 자녀에게 미칠 부정적인 영향도 이 사건의 경우 원·피고 주거지의 근접성, 원·피고의 계속적인 의견 조율에 의한 일방의 독단적 양육의 폐단 방지 가능성 등에 비추어 일방이 단독 양육자로 지정되었을 경우에 발생할 부정적 영향이나 문제에 비하면 상대적으로 적을 것으로 보인다고 판단한 다음, (2) 양육자로 원·피고를 공동으로 지정하고 공동 양육 방법으로 원고가 주된 양육자로서 6박 7일간, 피고가 보조 양육자로서 1박 2일간 각 양육하는 것으로 정하였다.   그러나 원심이 확정한 사실관계를 앞서 본 법리 및 이 사건 기록에 비추어 살펴보더라도, 원·피고 사이에 사건본인들의 양육방식에 관한 의사나 가치관에 현저한 차이가 있어 서로 첨예하게 대립하고 있고 현재로서는 가까운 장래에 쌍방의 의견을 조율하여 사건본인들의 양육방식에 대한 의사 합치가 이루어질 가능성이 전혀 불투명하여 원심이 의도한 대로의 실현 가능성이 쉽지 아니할 것으로 보이는 이 사건에서, 비록 원심이 주된 양육자와 보조 양육자로 구분하고 있기는 하지만 원·피고가 서로 양육자임을 주장하여 각기 다른 방식과 가치관을 내세워 사건본인들을 양육하려고 할 경우에 예상되는 원·피고 사이의 심각한 분쟁 상황 및 이에 따라 사건본인들에게 초래될 정신적 혼란이나 갈등 등을 고려하여 보면, 원심의 위와 같은 공동양육자 지정 등의 조치가 이 사건에서 사건본인들의 성장과 복지에 가장 도움이 되고 적합한 것이라고 보기에 충분하지 않다.   그런데도 원심은 그 판시와 같은 이유만으로 위와 같이 원·피고를 사건본인들의 공동양육자로 지정하고 공동 양육 방법을 정하였으므로, 이러한 원심판결에는 양육자 지정에 관한 법리를 오해하여 필요한 심리를 다하지 아니함으로써 판결에 영향을 미친 위법이 있다.   그러므로 나머지 상고이유에 대한 판단을 생략한 채 원심판결을 파기하고, 사건을 다시 심리·판단하게 하기 위하여 원심법원에 환송하기로 하여, 관여 대법관의 일치된 의견으로 주문과 같이 판결한다.대법관 신영철(재판장) 이상훈 김용덕(주심) 김소영 "
180403,이혼등·이혼및위자료,2013므1455,대법원,내용없음,"원고(반소피고), 상고인 피고(반소원고), 피상고인 원심판결 서울고법 2013. 3. 6. 선고 2012르440, 457 판결주    문  원심판결의 원고(반소피고) 패소 부분 중 본소 및 반소 재산분할 청구 부분을 파기하고, 이 부분 사건을 서울고등법원으로 환송한다.이    유  상고이유(상고이유서 제출기간이 경과한 후에 제출된 상고이유보충서의 기재는 상고이유를 보충하는 범위 내에서)를 판단한다.  1. 상고이유 제2점에 관하여  가. 재산분할 제도는 이혼 등의 경우에 부부가 혼인 중 공동으로 형성한 재산을 청산·분배하는 것을 주된 목적으로 하는 것으로서, 부부 쌍방의 협력으로 이룩한 적극재산 및 그 형성에 수반하여 부담하거나 부부 공동생활관계에서 필요한 비용 등을 조달하는 과정에서 부담한 채무를 분할하여 각자에게 귀속될 몫을 정하기 위한 것이므로(대법원 2013. 6. 20. 선고 2010므4071, 4088 전원합의체 판결 참조), 부부 일방에 의하여 생긴 적극재산이나 채무로서 상대방은 그 형성이나 유지 또는 부담과 무관한 경우에는 이를 재산분할 대상인 재산에 포함할 것이 아니다.그러므로 재판상 이혼에 따른 재산분할에 있어 분할의 대상이 되는 재산과 그 액수는 이혼소송의 사실심 변론종결일을 기준으로 하여 정하는 것이 원칙이지만(대법원 2000. 5. 2.자 2000스13 결정 참조), 혼인관계가 파탄된 이후 변론종결일 사이에 생긴 재산관계의 변동이 부부 중 일방에 의한 후발적 사정에 의한 것으로서 혼인 중 공동으로 형성한 재산관계와 무관하다는 등 특별한 사정이 있는 경우에는 그 변동된 재산은 재산분할 대상에서 제외하여야 할 것이다.  나. 원심은, 재판상 이혼 시의 재산분할에 있어 분할의 대상이 되는 재산과 그 액수는 이혼소송의 사실심 변론종결일을 기준으로 하여 정하여야 한다고 전제한 다음, 그 채용 증거들에 의하여 원고(반소피고, 이하 ‘원고’라 한다)와 피고(반소원고, 이하 ‘피고’라 한다)가 별거를 시작한 2009. 12. 21. 당시 원고는 우리은행에 대하여 404,236,131원의 채무를 부담하고 있었으나, 그 후 위 채무를 모두 변제하여 2011. 7. 26.에는 오히려 55,612,702원의 예금채권을 보유하고 있었던 사실을 인정한 후, 원고의 우리은행에 대한 위 채무가 변론종결일 현재 이미 소멸하였으므로 이를 원고의 소극재산에 포함시킬 수 없다고 하면서 다만 그와 같은 사정은 재산분할의 비율을 정할 때 고려한다고 하였다.  다. 그러나 위와 같은 원심의 판단은 다음의 이유에서 그대로 수긍할 수 없다.  (1) 기록에 의하면, 원고는 피고와 혼인 전인 2006. 7. 24. 현재 우리은행과 거래하는 이른바 마이너스 통장 예금계좌에 약 2억 원의 채무가 있었는데 피고와 혼인한 뒤에도 그 예금계좌의 부채금액이 증감하다가 피고와의 별거 시점인 2009. 12. 21.을 기준으로 404,236,131원의 부채가 존재하였던 사실, 그 후 원고의 방송출연료 등이 위 예금계좌에 입금되는 등으로 2010. 11. 1. 위 예금계좌의 마이너스 통장 대출 채무는 모두 소멸되었고 오히려 1,300여만 원의 예금채권이 있게 된 사실 등을 알 수 있다. 반면 원·피고의 별거 시점 이후에 이루어진 위와 같은 채무의 소멸이 혼인 중에 형성되거나 그 유지에 피고가 기여한 재산으로 변제한 것이라거나 별거 이후에라도 피고가 그에 협력하거나 기여하였다고 볼 만한 자료는 달리 발견할 수 없다.  (2) 위 사실관계에 의하면, 원고의 우리은행에 대한 위 채무가 소멸한 것은 원고와 피고의 혼인관계가 파탄되어 별거하기 시작한 이후 원고의 일방적 노력에 의한 것으로서 그 이전에 형성된 재산관계 등과는 무관한 것으로 보인다. 따라서 비록 원심 변론종결 시점에서 보면 위 채무가 소멸되었다고 하더라도, 재산분할 대상인 재산의 범위를 정함에 있어서는 이를 부부 공동생활 관계에서 형성된 채무 금액에 포함시키는 것이 타당하다고 할 것이다. 더구나 원심이 파탄 이후 형성된 적극재산인 예금채권은 원고의 단독 노력으로 형성된 것이라는 이유로 이를 재산분할 대상에서 제외하면서도 그 기간 동안에 이루어진 마이너스 대출의 변제는 마치 부부공동생활관계의 협력에 의한 것처럼 보고 분할 대상 재산의 액수를 산정한 것은 그 자체로 이유모순이라고 볼 여지도 있다.  그렇다면, 원심판결에는 재판상 이혼 시의 재산분할 대상에 관한 법리를 오해하였거나 필요한 심리를 다하지 아니한 위법이 있고, 이를 지적하는 상고이유의 주장은 이유 있다.  2. 결론  이에 나머지 상고이유의 주장에 관한 판단을 생략한 채 관여 대법관의 일치된 의견으로 원심판결의 원고 패소 부분 중 본소 및 반소의 재산분할 청구 부분을 파기하고, 이 부분 사건을 다시 심리·판단하도록 원심법원에 환송하기로 하여 주문과 같이 판결한다.대법관 김창석(재판장) 양창수 박병대(주심) 고영한 "
180405,이혼및재산분할등,2010므4095,대법원,내용없음,"원고, 상고인 피고, 피상고인 원심판결 서울고법 2010. 10. 20. 선고 2009르365 판결주    문  상고를 기각한다.  상고비용은 원고가 부담한다.이    유  상고이유(상고이유서 제출기간 경과 후 제출된 상고이유보충서의 기재는 그 보충의 범위 내에서)를 판단한다.  1. 상고이유 제1점에 대하여  가. 민법 제840조 제1호 소정의 배우자의 부정한 행위라 함은 간통을 포함하여 보다 넓은 개념으로서 간통에까지는 이르지 아니하나 부부의 정조의무에 충실하지 않는 일체의 부정한 행위가 이에 포함되고(대법원 1988. 5. 24. 선고 88므7 판결 등 참조), 부정한 행위인지 여부는 각 구체적 사안에 따라 그 정도와 상황을 참작하여 평가하여야 한다(대법원 1992. 11. 10. 선고 92므68 판결 등 참조).  나. 위 법리 및 기록에 비추어 살펴보면, 원심이 그 판시와 같은 사실을 인정한 다음, 원고가 부부의 정조의무에 충실하지 않는 부정한 행위를 하였고, 그러한 원고의 부정행위 및 2006. 3. 19.경의 가출행위 등으로 인하여 원·피고의 혼인관계가 파탄되었으며, 원고가 주장하는 바와 같은 피고의 부정행위, 폭행과 모욕행위 및 원고에 대한 총체적인 무시행위는 이를 인정할 수 없거나, 그러한 피고의 행위들로 인하여 원·피고의 혼인관계가 파탄에 이르렀다고 볼 수는 없다고 판단한 것은 정당하고, 거기에 상고이유에서 주장하는 바와 같이 논리와 경험의 법칙을 위반하여 자유심증주의의 한계를 벗어나 사실을 잘못 인정하거나, 유책배우자에 관한 법리를 오해하여 판결에 영향을 미친 위법이 없다.  2. 상고이유 제2, 3점에 대하여  가. 혼인생활의 파탄에 대하여 주된 책임이 있는 배우자는 원칙적으로 그 파탄을 사유로 하여 이혼을 청구할 수 없고, 다만 상대방도 그 파탄 이후 혼인을 계속할 의사가 없음이 객관적으로 명백함에도 오기나 보복적 감정에서 이혼에 응하지 아니하고 있을 뿐이라는 등의 특별한 사정이 있는 경우에만 예외적으로 유책배우자의 이혼청구권이 인정된다(대법원 2010. 12. 9. 선고 2009므844 판결 등 참조).  나. 위 법리 및 기록에 비추어 살펴보면, 원심이 그 판시와 같은 사실을 인정한 다음, 원고와 피고의 혼인관계가 파탄에 이르렀다고 하더라도 그 주된 책임은 원고에게 있다고 할 것이고, 피고가 혼인을 계속할 의사가 없음이 객관적으로 명백함에도 오기나 보복적 감정에서 이혼에 응하지 아니하고 있다고 볼만한 사정이 없다고 판단하여 원고의 이 사건 이혼청구를 배척한 것은 정당하고, 상고이유에서 들고 있는 민법 제840조 제6호 소정의 이혼원인에 관한 대법원 2009. 12. 24. 선고 2009므2130 판결은 이 사건과 사실관계를 달리하는 것으로서 이 사건에 원용하기에 적절하지 아니한 이상, 원심판결에는 상고이유에서 주장하는 바와 같이 논리와 경험의 법칙을 위반하여 자유심증주의의 한계를 벗어나 사실을 잘못 인정하거나, 민법 제840조 제6호 소정의 이혼원인 등에 관한 법리를 오해하여 판결에 영향을 미친 위법이 없다.  3. 결론  상고를 기각하고 상고비용은 패소자가 부담하기로 하여, 관여 대법관의 일치된 의견으로 주문과 같이 판결한다.대법관 이상훈(재판장) 신영철 김용덕 김소영(주심) "
172018,이혼등·이혼등,2011므1116,대법원,내용없음,"원고(반소피고), 상고인 겸 피상고인 피고(반소원고), 피상고인 겸 상고인 원심판결 창원지법 2011. 2. 23. 선고 2009르879, 1049 판결주    문  원심판결 중 재산분할에 관한 부분을 파기하고, 이 부분 사건을 창원지방법원 합의부에 환송한다.  원고(반소피고)와 피고(반소원고)의 각 나머지 상고를 기각한다.이    유  상고이유를 판단한다.  1. 혼인파탄의 유책법리에 관한 상고이유원고(반소피고)와 피고(반소원고)의 각 상고이유 제1점에 대하여  원심은 채택 증거들을 종합하여 그 판시와 같은 사실을 인정한 다음, 원고(반소피고, 이하 ‘원고’라고 한다)와 피고(반소원고, 이하 ‘피고’라고 한다)의 혼인관계는 이미 회복될 수 없을 정도로 파탄에 이르렀고, 혼인파탄의 주된 책임은 원·피고 쌍방에게 있으며, 그 정도는 서로 대등하다고 보아 민법 제840조 제6호 사유로 원고의 본소 이혼 청구와 피고의 반소 이혼 청구를 각 인용하면서 원·피고의 위자료 청구를 모두 기각하였다.  관련 법리와 기록에 비추어 살펴보면, 원심의 위와 같은 판단은 정당하고, 거기에 상고이유로 주장하는 바와 같은 유책배우자에 관한 법리오해, 이유모순, 심리미진, 채증법칙 위배 등의 위법이 없다.  2. 재산분할에 관한 상고이유(원고와 피고의 각 나머지 상고이유)에 대하여  가. ○○○치과 부분 재산에 관한 상고이유에 대하여  (1) ○○○치과의 수익금 자체를 재산분할의 대상으로 삼아야 한다는 원고의 상고이유에 대하여  원심은 채택 증거들을 종합하여 그 판시와 같은 사실을 인정한 다음, ○○○치과의 수익금 일부가 원고 명의의 적금, 펀드 등과 피고 누나 명의의 부동산에 유입된 것으로 보이므로 이 부분은 재산분할의 대상으로 삼되, ○○○치과의 기왕의 수익금 자체를 재산분할의 대상으로 삼을 수는 없다고 판단하였다. 관련 법리와 기록에 비추어 살펴보면, 원심의 위와 같은 판단은 정당하고, 거기에 상고이유로 주장하는 바와 같은 재산분할, 입증책임에 관한 법리오해 등의 위법이 없다.  (2) 원고의 임플란트 장비 등 시설 관련 상고이유와 피고의 상고이유 제3, 4점에 대하여  원심판결 이유에 의하면, 원심은 ○○○치과 부분 재산에 관하여, 원·피고가 2009. 3. 9. 제1심 제2차 조정기일에서 합의한 내용이 조정기일조서에 기재되어 있고, 조정기일조서는 다른 특별한 사정이 없는 한 그 기재 내용이 진실한 것이라는 점에 관한 강한 증명력을 갖는바, 그 판시 사정에 비추어 보면 조정기일조서의 기재 내용이 진실이 아니라고 보기 어려우므로 2009. 3. 9.자 합의(이하 ‘이 사건 합의’라고 한다)는 유효하고, 따라서 ○○○치과의 재산(부동산, 임대차보증금, 시설, 영업권 모두 포함)과 관련한 부분은 이 사건 합의와 같이 분할하는 것이 합당하다고 판단하였다.  그러나 ○○○치과 부분 재산에 관한 원심의 위와 같은 판단은 다음과 같은 이유로 수긍하기 어렵다.  ① 우선 재산분할사건은 가사비송사건에 해당하고, 가사비송절차에 관하여는 가사소송법에 특별한 규정이 없는 한 비송사건절차법 제1편의 규정을 준용하고 있으며구 가사소송법(2010. 3. 31. 법률 제10212호로 개정되기 전의 것) 제34조, 비송사건절차는 민사소송절차와 달리 당사자의 변론에만 의존하는 것이 아니고, 법원이 자기의 권능과 책임으로 재판의 기초가 되는 자료를 수집하는, 이른바 직권탐지주의에 의하고 있으므로(비송사건절차법 제11조), 법원으로서는 당사자의 주장에 구애되지 아니하고 재산분할의 대상이 무엇인지 직권으로 사실조사를 하여 포함시키거나 제외시킬 수 있다(대법원 1996. 12. 23. 선고 95므1192, 1208 판결, 대법원 2010. 12. 23. 선고 2009므3928 판결 등 참조). 따라서 당사자가 소송 중에 일부 재산에 관한 분할방법에 관한 합의를 하였다고 하더라도, 법원으로서는 당사자가 합의한 대로 분할을 하여야 하는 것은 아니다.  ② 한편 그 조정기일에 조정이 성립되지 않았고, 재산분할에 관한 전체적인 합의도 이루어지지 않았으므로, ○○○치과 부분 재산분할 방법에 관하여 조정기일조서에 기재된 내용은 ○○○치과 부분 재산을 포함한 전체 재산에 관한 분할을 전제로 한 당사자의 진술 중 ○○○치과와 관련한 진술 부분만을 떼어 기록상 남겨두기 위한 목적에서 기재된 것으로 볼 수 있는데, 결국 조정이 성립되지 않았다면 일부 합의로서의 이 사건 합의는 효력이 없다고 보아야 할 것이다. 만일 당사자 사이에 ○○○치과 부분 재산에 관하여 조정기일조서에 기재된 내용대로 분할하기로 하는 확정적인 의사합치가 있었다면, 합의에 포함되는 재산의 구체적인 범위에 관하여도 의사합치가 있어야 할 것인데, 아래에서 보는 바와 같이 그 구체적인 범위에 관한 제1심과 원심의 판단이 다르고(이 사건 306호 상가의 임차보증금 반환채권 부분, 임플란트 장비 등 시설 부분), 원고와 피고가 이 사건 합의에 포함된 재산의 범위를 다투고 있는 점 등에 비추어 보면, 조정기일조서에 기재된 합의의 내용이 ○○○치과 부분 재산분할 방법에 관하여 당사자 사이에 확정적으로 합치된 의사인지 의심스럽다. 그리고 위와 같은 당사자의 합의가 이루어졌다면, 그 조정기일 이후에는 재판부나 당사자 모두 ○○○치과 부분 재산을 제외한 나머지 재산의 확정과 그 분할방법에 초점을 맞추어 주장하고 입증하였을 터인데도, 그러한 변화가 보이지 않는다.  ③ 피고 대리인은 위 조정기일 이후에 제출된 2009. 3. 26.자 준비서면을 통하여 위 조정기일조서에 기재된 내용 중 “피고가 원고에게 1억 5,000만 원을 지급한다.”라는 부분은 피고의 진술 취지가 잘못 전달된 것으로서 무효이거나 취소되어야 한다고 주장하면서 ○○○치과 부분 재산을 포함하여 모두 판결로써 판단하여 달라고 기재하고, 2009. 4. 10. 제1심 제2차 변론기일에 위 준비서면을 진술하였는바, 그렇다면 피고는 기존에 조정 과정에서 한 진술을 나중의 진술로써 철회, 정정하였다고 보는 것이 타당하다(대법원 1993. 6. 25. 선고 92다20330 판결 참조).  ④ 원심은 이 사건 합의의 내용에 임차보증금 반환채권, 임플란트 장비와 재료(이하 이를 함께 일컬어 ‘임플란트’라고 한다), 컴퓨터단층촬영기(CT, 이하 ‘CT’라고 한다) 등 시설도 포함되어 있다고 판단하였다. 그러나 위 조정기일조서의 기재에 의하면 임차보증금 반환채권, 임플란트와 CT 등 시설에 관한 내용은 포함되어 있지 않고, 제1심이 “원고가 재산분할 후에도 여전히 ‘306호 상가의 임차보증금 1/2’을 가지고, 피고 명의의 임플란트 구입대금 채무를 별도로 재산분할에 고려하지 아니한다.”라고 판단한 것을 보면, 위 조정 당시 임차보증금 반환채권에 관한 합의는 없었다고 보는 것이 타당하고, 임플란트도 이 사건 합의 내용에 포함되지 않았던 것으로 보인다. 이는 원고가 임플란트와 CT 등 시설대금도 분할대상 재산에 포함되어야 한다고 지속적으로 주장하고 있는 점에 의하여도 뒷받침된다.  앞서 본 법리와 사정에 비추어 보면, 조정기일조서에 당사자가 ○○○치과 부분 재산에 관하여 합의한 내용이 기재되어 있다고 하더라도 그 합의의 효력은 법원을 구속하지 아니하고, 그 합의 내용이 당사자의 확정적인 의사가 아니거나, 당사자가 그 합의에 관한 진술을 명시적·묵시적으로 철회, 정정하였다고 볼 여지가 있는데도 ○○○치과 부분 재산에 관하여 이 사건 합의 내용대로 분할하여야 한다고 판단한 원심판결에는 조정기일조서의 효력이나 재산분할에 관한 법리를 오해하여 필요한 심리를 다하지 아니하여 판결에 영향을 미친 위법이 있다. 나아가 원심이 이 사건 합의의 효력을 인정하여 이 사건 합의의 내용대로 분할하기로 하였다면, 이 사건 합의의 내용을 자세히 따져 그 합의에 포함되는 재산의 범위를 확정하였어야 함에도, 원심은 위 합의의 내용에 포함되지 않았음이 명백한 임차보증금 반환채권, 임플란트와 CT 등 시설에 관한 부분도 이 사건 합의의 내용에 포함된다고 단정한 후 그 부분에 관하여는 따로 재산분할에 관한 판단을 하지 아니하였는바, 원심판결은 이 사건 합의의 해석과 관련하여서도 법리를 오해하여 필요한 심리를 하지 아니하거나 판단을 누락하는 등으로 잘못을 저질렀다. 원고와 피고의 이 부분 각 상고이유 주장은 이유 있다.  (만일 원심이 이 사건 합의에 구속력이 있기 때문이 아니라, 위 합의의 내용에 기초하되 임차보증금 반환채권, 임플란트나 CT 등 시설도 포함시켜 원심판결 이유 기재와 같이 분할하는 것이 ○○○치과 부분 재산분할 방법으로서 타당하다는 취지에서 판단한 것이라면, 주문에서 306호 상가의 임차보증금 반환채권과 관련한 재산분할을 명하였어야 할 것임에도 주문에 그와 같은 판단을 누락하였고, 원심의 위와 같은 잘못은 판결에 영향을 미쳤다고 할 것인바, 결국 ○○○치과 부분 재산과 관련한 원심의 판단은 어느 모로 보나 유지될 수 없다)  결국 원심이 ○○○치과와 관련하여 그 합의의 내용에 포함된다고 판단한 ○○○치과 305호의 소유권, 306호 상가의 임차보증금 반환채권, 임플란트와 CT 등 시설, 영업권에 관한 부분은 파기를 면할 수 없다.  나. ○○○치과 부분을 제외한 나머지 재산 부분에 관한 상고이유에 대하여  (1) 원심의 판단  원심판결 이유에 의하면, 원심은 나머지 재산 부분과 관련하여, 그 분할대상 재산을 원심판결 별지 ‘분할재산명세표’와 같이 확정하고 원고와 피고의 순재산 합계를 436,938,291원으로 산정한 다음, 재산분할 비율을 원고 20%, 피고 80%로 정하여 피고는 원고에게 7,800만 원을 지급할 의무가 있다고 판단하였다.  (2) 원고의 상고이유에 대하여  (가) 일부 부동산과 원고 특유재산으로 채무변제한 금원을 각 재산분할 대상에서 배제한 잘못이 있다는 주장에 대하여  이 부분 각 상고이유의 주장은 사실심인 원심의 전권사항에 속하는 증거의 취사선택이나 사실인정을 탓하는 것에 불과하여 적법한 상고이유가 될 수 없고, 나아가 원심의 판단을 기록에 비추어 살펴보더라도 거기에 논리와 경험의 법칙을 위반하여 자유심증주의의 한계를 벗어나거나 판단누락 등의 위법이 없다.  (나) 아크로타워 분양대금 반환금 부분에 대한 판단누락 주장에 대하여  법원이 재산분할의 방법 등을 정함에 있어서 그 모든 사정을 개별적·구체적으로 일일이 특정하여 설시하여야 하는 것은 아니고, 원심이 최종적으로 재산분할의 대상이 되는 적극재산과 소극재산을 확정하여 설시하였다면, 그에 반하는 원고의 주장을 배척하는 취지가 포함되었다고 할 것이다(대법원 1998. 2. 13. 선고 97므1486, 1493 판결, 대법원 2005. 8. 19. 선고 2003므1166, 1173 판결 등 참조).  원심판결 이유에 의하면, 원심이 아크로타워 분양대금 반환금을 명시적으로 재산분할 대상 재산에 포함시키고 있지는 않으나, 아크로타워 계약으로 인한 손해액을 재산분할에 반영하여야 한다는 피고의 주장을 배척하였다면, 원심으로서는 피고의 주장을 배척하면서 원고의 주장도 배척하였거나, 분양대금 반환금을 재산분할 대상 적극재산에 포함시키지 않음으로써 원고의 주장을 배척하는 취지로 판단하였다고 할 것이므로, 원심판결에 상고이유의 주장과 같은 재산분할에 관한 법리오해, 판단누락 등의 위법이 없다.  (다) 부동산 관련 소극재산 금액 판단을 잘못하였다는 주장에 대하여  공동재산형성을 위하여 지출된 공동채무를 소극재산에서 공제하지 않았다는 피고의 상고이유에 대하여도 함께 판단한다.  앞서 본 바와 같이 재산분할사건은 가사비송사건으로서 법원으로서는 당사자의 주장에 구애되지 아니하고 재산분할의 대상이 무엇인지 직권으로 사실조사를 하여 포함시킬 수 있다.  원심판결 이유에 의하면, 원심은 피고의 누나 소외인 앞으로 등기된 원심판결 별지 분할재산명세표 피고의 적극재산 기재 각 부동산(이하 ‘이 사건 각 부동산’이라고 한다)에 설정된 각 근저당권의 피담보채무액에 관하여, 구체적인 주장·입증이 없다는 이유로 그 등기부등본에 기재된 채권최고액을 기준으로 채무액을 산정하였음을 알 수 있다.  앞서 본 법리와 기록에 비추어 살펴보면, 등기부등본에 기재된 채권최고액과 실제 채무액에는 차이가 있을 수도 있고, 소외인 명의로 대출받은 사정도 엿보이므로, 원심으로서는 이 사건 각 부동산에 설정된 각 근저당권의 실제 피담보채무액이 얼마인지, 소외인 명의로 대출받은 금액의 용도가 무엇인지, 실제 채무자는 누구인지, 대출금액은 얼마인지를 심리하는 등으로 피고가 공동재산의 형성에 수반하여 부담한 채무의 존부와 실제 액수를 밝혀 그 채무액을 공동재산의 가액에서 공제한 다음 그 나머지만을 재산분할의 대상으로 삼았어야 할 것이다.  그런데도 원심은 이에 이르지 아니한 채 등기부등본에 기재된 채권최고액을 기준으로 채무액을 산정하는 잘못을 저질렀는바, 거기에는 재산분할 내지 그 대상에 관한 법리를 오해하여 필요한 심리를 다하지 아니하여 판결에 영향을 미친 위법이 있다. 원고와 피고의 이 부분 각 상고이유의 주장은 이유 있다.  (라) 재산분할 비율이 잘못되었다는 주장에 대하여  원심은 ○○○치과 부분 재산을 제외한 나머지 재산을 원고 20%, 피고 80%의 비율로 분할하였는데, 이 사건 재산분할에 관한 부분을 파기하는 이상 나머지 재산과 관련한 위 재산분할 비율에 관한 판단 부분이 그대로 유지될 수는 없을 것이므로, 결국 이 부분 상고이유의 주장도 이유 있다.  (3) 피고의 상고이유에 대하여  (가) 타인 명의의 재산을 분할대상으로 삼은 잘못이 있다는 주장에 대하여제3자 명의의 재산도 그것이 부부 중 일방에 의하여 명의신탁된 재산 또는 부부의 일방이 실질적으로 지배하고 있는 재산으로서 부부 쌍방의 협력에 의하여 형성된 유형, 무형의 자원에 기한 것이라면 그와 같은 사정도 참작하여야 한다는 의미에서 재산분할의 대상이 된다(대법원 2002. 12. 10. 선고 2002므722 판결 참조).  원심은 그 판시와 같은 이유로 소외인 명의의 이 사건 각 부동산은 그 명의에 불구하고 재산분할의 대상에 포함된다고 판단하였는바, 앞서 본 법리와 기록에 비추어 살펴보면, 원심의 위와 같은 사실인정과 판단은 정당하고, 거기에 상고이유로 주장하는 바와 같은 재산분할에 관한 법리오해 등의 위법이 없다.  (나) 원고가 임의로 가져간 돈, 아크로타워 분양과 관련한 손해를 각 반영하지 않았다는 주장에 대하여  이 부분 각 상고이유의 주장은 사실심인 원심의 전권사항에 속하는 증거의 취사선택이나 사실인정을 탓하는 것에 불과하여 적법한 상고이유가 될 수 없고, 나아가 원심의 판단을 기록에 비추어 살펴보더라도 거기에 논리와 경험의 법칙을 위반하여 자유심증주의의 한계를 벗어나는 등의 위법이 없다.  3. 결론  그러므로 원심판결 중 재산분할에 관한 부분을 파기하고, 이 부분 사건을 다시 심리·판단하게 하기 위하여 원심법원에 환송하며, 원고와 피고의 각 나머지 상고를 기각하기로 하여, 관여 대법관의 일치된 의견으로 주문과 같이 판결한다.대법관 민일영(재판장) 이인복 김신(주심) "
170395,이혼·이혼 및 재산분할등(채무초과 부부 재산분할청구 사건),2010므4071,대법원,"다수의견 이혼 당사자 각자가 보유한 적극재산에서 소극재산을 공제하는 등으로 재산상태를 따져 본 결과 재산분할 청구의 상대방이 그에게 귀속되어야 할 몫보다 더 많은 적극재산을 보유하고 있거나 소극재산의 부담이 더 적은 경우에는 적극재산을 분배하거나 소극재산을 분담하도록 하는 재산분할은 어느 것이나 가능하다고 보아야 하고, 후자의 경우라고 하여 당연히 재산분할 청구가 배척되어야 한다고 할 것은 아니다. 그러므로 소극재산의 총액이 적극재산의 총액을 초과하여 재산분할을 한 결과가 결국 채무의 분담을 정하는 것이 되는 경우에도 법원은 채무의 성질, 채권자와의 관계, 물적 담보의 존부 등 일체의 사정을 참작하여 이를 분담하게 하는 것이 적합하다고 인정되면 구체적인 분담의 방법 등을 정하여 재산분할 청구를 받아들일 수 있다 할 것이다. 그것이 부부가 혼인 중 형성한 재산관계를 이혼에 즈음하여 청산하는 것을 본질로 하는 재산분할 제도의 취지에 맞고, 당사자 사이의 실질적 공평에도 부합한다. 다만 재산분할 청구 사건에 있어서는 혼인 중에 이룩한 재산관계의 청산뿐 아니라 이혼 이후 당사자들의 생활보장에 대한 배려 등 부양적 요소 등도 함께 고려할 대상이 되므로, 재산분할에 의하여 채무를 분담하게 되면 그로써 채무초과 상태가 되거나 기존의 채무초과 상태가 더욱 악화되는 것과 같은 경우에는 채무부담의 경위, 용처, 채무의 내용과 금액, 혼인생활의 과정, 당사자의 경제적 활동능력과 장래의 전망 등 제반 사정을 종합적으로 고려하여 채무를 분담하게 할지 여부 및 분담의 방법 등을 정할 것이고, 적극재산을 분할할 때처럼 재산형성에 대한 기여도 등을 중심으로 일률적인 비율을 정하여 당연히 분할 귀속되게 하여야 한다는 취지는 아니라는 점을 덧붙여 밝혀 둔다.대법관 이상훈, 대법관 김소영의 반대의견 민법 제839조의2에 규정된 재산분할청구권은 이혼한 부부의 일방이 상대방으로부터 부부 공동의 노력으로 이룩한 재산 중 일부를 분할받을 권리를 말하는 것으로서, 혼인생활 중에 형성된 부부 공동의 재산관계 전체의 청산을 요구할 권리라고 보이지는 않는다. 재산분할청구권이 혼인 중에 취득한 부부공동재산의 청산 분배를 주된 목적으로 한다는 것은 재산분할 제도에 혼인생활에 대한 청산적 요소가 포함되어 있다는 의미일 뿐이지, 재산분할 제도의 본질이 혼인생활 중 발생한 모든 재산관계를 청산하는 것이라는 의미는 아니다. 부부공동재산제를 채택하고 있는 국가와 달리 부부별산제를 시행하고 있는 우리 민법하에서 부부 공동의 재산관계 청산이라는 개념은 성립하기 어렵다. 따라서 우리 민법이 채택한 재산분할청구권이란, 비록 상대방 배우자 명의로 되어 있으나 부부 공동의 노력으로 형성한 재산에 대한 재산분할 청구인의 실질적인 기여를 인정하여 혼인관계가 해소될 때 상대방 배우자에게 그 재산에 대한 권리 이전을 요구하거나 그 권리에 상당하는 대가, 즉 대상(代償)으로서 금전의 지급을 청구할 수 있는 권리를 의미한다고 볼 것이다. 재산분할청구권의 개념을 이와 같이 이해한다면, 재산분할청구권은 상대방 명의로 되어 있는 재산이 존재하고 그 재산이 혼인생활 중에 부부 공동의 노력으로 형성되었을 것을 필수불가결한 전제로 하는 것이고, 재산분할 청구인은 그 재산을 재산분할 청구의 객체, 즉 분할대상재산으로 삼아 그에 대한 권리의 이전을 요구하거나 그 권리에 상당하는 대가로서 금전의 지급을 청구할 수 있다고 보아야 한다. 부부의 채무액이 총 재산가액을 초과하여 혼인생활 중에 형성된 공동재산이 없는 경우에도 재산분할 청구가 가능하다고 본다면, 이는 재산분할 제도의 본질과 대상을 오해한 것이다.대법관 고영한, 대법관 김신의 별개의견 청산의 대상이 되는 소극재산의 총액이 적극재산의 총액을 초과하여 남는 금액이 없더라도 재산분할 청구의 상대방 명의로 순재산이하 양(+)의 순재산을 의미한다이 남아 있는 경우 그 가액을 한도로 재산분할이 가능하나 그 이외에는 재산분할을 허용하여서는 아니 된다. 다수의견과 같이 갑작스레 채무 자체의 분담을 정하는 형태의 재산분할을 허용하기 보다는 채무의 총액이 적극재산의 총액을 초과하는 모든 경우에 재산분할이 허용되지 않는다는 반대의견의 입장을 다소 완화하여 재산분할 청구의 상대방 명의로 순재산이 남아 있는 때에는 순재산가액을 한도로 재산분할을 명할 수 있다는 입장을 취하는 것이 다수의견을 취함으로써 발생할 수 있는 실무 운영상의 혼란과 사실심 법관들의 부담을 최소화할 수 있을 뿐만 아니라 반대의견을 유지함으로써 발생할 수 있는 현저한 불공평을 어느 정도 해소할 수 있는 조화로운 해결 방안이다.대법관 김용덕의 별개의견 이혼한 배우자 사이의 재산분할 청구는 상대방이 가지고 있는 적극재산에 대하여 분할을 구하는 것으로서, 재산분할 청구 상대방에게 적극재산이 있는 한 재산분할이 가능하므로, 비록 상대방이 가지고 있는 소극재산이 적극재산을 초과한다는 사정만으로 재산분할 청구가 반드시 불가능하다고 제한할 필요는 없다. 상대방이 적극재산을 가지고 있는 경우에는 소극재산이 적극재산을 초과한다는 사유만으로 재산분할을 부정할 것이 아니라, 일단 재산분할 청구 자체는 가능하다고 보고, 나아가 소극재산과 관련된 사항을 반영하여 재산분할에 관하여 판단하여야 할 것이다. 다만 재산분할은 실질상의 공동재산을 청산하여 분배함과 동시에 이혼 후에 상대방의 생활유지에 이바지하기 위한 것이고 경우에 따라서는 유책행위에 대한 정신적 손해를 배상하기 위한 급부로서의 성질도 가질 수 있으며, 또한 소극재산이 적극재산을 초과하는 상태에서 채무를 새로이 상대방에게 분담시키는 것이 파산상태를 가중시킴에 따라 발생되는 문제점은 적극재산을 청구인에게 분배하는 경우에도 그대로 해당될 수 있다. 따라서 쌍방의 구체적인 적극재산 및 소극재산의 내역 및 형성 과정과 아울러 실질적인 경제력을 고려한 부양적 요소 등 민법 제839조의2에서 정한 기타 사정을 종합적으로 참작하여, 소극재산이 초과하는 상태에서의 적극재산 분할 여부 및 분할비율이 쌍방의 재산형성에 대한 기여도 및 형평에 부합되는지를 구체적인 사안에 맞게 판단하여야 한다.","원고(반소피고), 피상고인 피고(반소원고), 상고인 원심판결 대구지법 2010. 10. 19. 선고 2010르749, 756 판결주    문  원심판결을 파기하고, 사건을 대구가정법원 본원 합의부에 이송한다.이    유  상고이유를 판단한다.  1. 재산분할 제도는 이혼 등의 경우에 부부가 혼인 중 공동으로 형성한 재산을 청산·분배하는 것을 주된 목적으로 한다. 이는 민법이 혼인 중 부부의 어느 일방이 자기 명의로 취득한 재산은 그의 특유재산으로 하는 부부별산제를 취하고 있는 것을 보완하여, 이혼을 할 때는 그 재산의 명의와 상관없이 재산의 형성 및 유지에 기여한 정도 등 실질에 따라 각자의 몫을 분할하여 귀속시키고자 하는 제도이다. 따라서 부부가 이혼을 할 때 쌍방의 협력으로 이룩한 적극재산이 있는 경우는 물론 부부 중 일방이 제3자에 대하여 부담한 채무라도 그것이 공동재산의 형성에 수반하여 부담한 것이거나 부부 공동생활관계에서 필요한 비용 등을 조달하는 과정에서 부담한 것이면 재산분할의 대상이 된다(대법원 1993. 5. 25. 선고 92므501 판결 등 참조).  민법도 재산분할에 관하여 “이혼한 자의 일방은 다른 일방에 대하여 재산분할을 청구할 수 있다.”고 하고, 나아가 “가정법원은 당사자의 청구에 의하여 당사자 쌍방의 협력으로 이룩한 재산의 액수 기타 사정을 참작하여 분할의 액수와 방법을 정한다.”고 규정하고 있을 뿐(제839조의2 제1항 및 제2항), 분할대상인 재산을 적극재산으로 한정하고 있지 않다. 따라서 이혼 당사자 각자가 보유한 적극재산에서 소극재산을 공제하는 등으로 재산상태를 따져 본 결과 재산분할 청구의 상대방이 그에게 귀속되어야 할 몫보다 더 많은 적극재산을 보유하고 있거나 소극재산의 부담이 더 적은 경우에는 적극재산을 분배하거나 소극재산을 분담하도록 하는 재산분할은 어느 것이나 가능하다고 보아야 하고, 후자의 경우라고 하여 당연히 재산분할 청구가 배척되어야 한다고 할 것은 아니다. 그러므로 소극재산의 총액이 적극재산의 총액을 초과하여 재산분할을 한 결과가 결국 채무의 분담을 정하는 것이 되는 경우에도 법원은 그 채무의 성질, 채권자와의 관계, 물적 담보의 존부 등 일체의 사정을 참작하여 이를 분담하게 하는 것이 적합하다고 인정되면 그 구체적인 분담의 방법 등을 정하여 재산분할 청구를 받아들일 수 있다 할 것이다. 그것이 부부가 혼인 중 형성한 재산관계를 이혼에 즈음하여 청산하는 것을 본질로 하는 재산분할 제도의 취지에 맞고, 당사자 사이의 실질적 공평에도 부합한다.  이와 달리 부부의 일방이 청산의 대상이 되는 채무를 부담하고 있어 총 재산가액에서 채무액을 공제하면 남는 금액이 없는 경우에는 상대방의 재산분할 청구는 받아들여질 수 없다고 한 대법원 1997. 9. 26. 선고 97므933 판결, 대법원 2002. 9. 4. 선고 2001므718 판결 등은 위 견해에 저촉되는 범위에서 이를 모두 변경한다.다만 재산분할 청구 사건에 있어서는 혼인 중에 이룩한 재산관계의 청산뿐 아니라 이혼 이후 당사자들의 생활보장에 대한 배려 등 부양적 요소 등도 함께 고려할 대상이 되므로, 재산분할에 의하여 채무를 분담하게 되면 그로써 채무초과 상태가 되거나 기존의 채무초과 상태가 더욱 악화되는 것과 같은 경우에는 그 채무부담의 경위, 용처, 채무의 내용과 금액, 혼인생활의 과정, 당사자의 경제적 활동능력과 장래의 전망 등 제반 사정을 종합적으로 고려하여 채무를 분담하게 할지 여부 및 그 분담의 방법 등을 정할 것이고, 적극재산을 분할할 때처럼 재산형성에 대한 기여도 등을 중심으로 일률적인 비율을 정하여 당연히 분할 귀속되게 하여야 한다는 취지는 아니라는 점을 덧붙여 밝혀 둔다.  2. 위와 같은 법리에 따라 이 사건에 관하여 본다.  가. 원심은 제1심판결의 이유를 인용하여, 원고 겸 반소피고(이하 ‘반소피고’라 한다)의 적극재산으로는 우체국 장기주택마련보험 해약환급금 예상액 5,509,190원과 대구은행 예금채권 234,820원이 있고, 소극재산으로는 대구은행 대출금채무 3,529,280원이 있는 반면, 피고 겸 반소원고(이하 ‘반소원고’라 한다)의 적극재산으로는 시가 185,000,000원 상당의 아파트 1채가 있고, 소극재산으로는 위 아파트에 대한 임대차보증금반환채무 100,000,000원, 국민은행에 대한 대출금채무 96,045,008원, 삼성화재에 대한 대출금채무 11,776,021원, 대한생명에 대한 대출금채무 15,870,000원, 교보생명에 대한 대출금채무 3,180,000원이 있어서, 반소원고가 주장하는 소외인 등 4인에 대한 차용금채무를 제외하고도 총 226,871,029원의 채무가 있는 사실을 인정한 다음, 결국 반소원고와 반소피고의 총재산가액 190,744,010원(= 5,509,190원 + 234,820원 + 185,000,000원)에서 채무액 230,400,309원(= 3,529,280원 + 226,871,029원)을 공제하면 남는 금액이 없으므로, 반소원고의 재산분할 청구는 받아들여질 수 없다고 판단하였다.  나. 그러나 위 사실관계에 의하면, 재산분할 청구인인 반소원고는 적극재산보다 소극재산이 더 많아 적어도 순재산으로 41,871,029원(= 226,871,029원 - 185,000,000원)의 채무를 부담하고 있는 반면 상대방인 반소피고는 2,214,730원(= 5,509,190원 + 234,820원 - 3,529,280원)의 적극재산을 보유하고 있는 셈이다. 그러므로 앞서 본 법리에 비추어, 원심으로서는 부부의 총 적극재산 가액이 채무액보다 적다는 그 이유만으로 재산분할 청구는 당연히 인정될 수 없다고 할 것이 아니라, 반소원고와 반소피고의 순재산관계를 기초로 채무초과의 실질적인 이유 등을 살펴보고 반소원고 명의로 된 채무 일부를 반소피고도 분담하게 하는 것이 합당하다고 할 만한 사정이 인정된다면 적절한 분담 방법을 정하여 반소원고의 재산분할 청구를 받아들일 수도 있었다고 할 것이다. 그럼에도 불구하고 원심은 위에서 본 이유만으로 반소원고의 재산분할 청구를 배척하고 말았으니, 이러한 원심의 판단에는 재산분할에 관한 법리를 오해하여 필요한 심리를 다하지 아니함으로써 판결에 영향을 미친 잘못이 있다.  3. 그러므로 원심판결을 파기하고 사건을 다시 심리·판단하게 하기 위하여, 원심판결 이후 가사사건에 대한 전속관할을 가진 가정법원이 새로 설치된 데 따라 그 관할 법원으로 이송하기로 하여 주문과 같이 판결한다. 이 판결에는 대법관 이상훈, 대법관 김소영의 반대의견과 대법관 김용덕, 대법관 고영한, 대법관 김신의 별개의견 및 대법관 양창수, 대법관 민일영, 대법관 박병대, 대법관 박보영의 다수의견에 대한 보충의견이 있는 외에는 관여 법관의 의견이 일치되었다.  4. 대법관 이상훈, 대법관 김소영의 반대의견은 다음과 같다.  다수의견은 이혼 당사자 각자가 보유한 적극재산에서 소극재산을 공제하는 등으로 재산상태를 따져 본 결과 재산분할 청구의 상대방이 그에게 귀속되어야 할 몫보다 많은 적극재산을 보유하고 있거나 소극재산의 부담이 적은 경우에는 적극재산을 분배하거나 소극재산을 분담하도록 하는 재산분할이 가능하다고 보아야 하므로, 소극재산의 총액이 적극재산의 총액을 초과하여 재산분할을 한 결과가 결국 채무의 분담을 정하는 것이 되는 경우에도 재산분할 청구를 받아들일 수 있다고 한다. 그러나 이러한 다수의견에는 다음과 같은 이유로 찬성할 수 없다.  가. 민법이 1990. 1. 13. 법률 제4199호로 개정되면서 재산분할 제도를 도입한 취지는 이혼 후 생활의 어려움을 염려하여 이혼을 주저하는 부부 일방, 특히 여성에게 이혼의 자유를 보장하고 헌법상 양성평등의 이념을 실현하고자 하는 것이었다. 즉 부부별산제를 채택한 우리 민법하에서 혼인 중에 취득한 재산을 대부분 남편 명의로 하는 당시 관행으로 인하여 경제활동능력이 미약한 아내로서는 이혼 후 생활의 어려움을 겪을 수밖에 없었으므로, 부부 공동의 노력으로 형성·유지하였으나 남편 명의로 되어 있는 재산에 대하여 분할청구권을 인정함으로써 부부별산제로 인하여 발생하는 현실적인 문제를 개선하고자 한 것이다.  혼인생활 중에 형성된 재산에 대하여는 여성의 직접적인 기여뿐만 아니라 가사노동을 통한 간접적인 기여를 인정할 수 있고, 혼인관계의 존속을 신뢰하여 혼인생활 동안 경제활동에 참여할 기회를 포기한 여성에 대하여 배려나 보상이 필요하다는 관점과 부부 간의 연대성에 기초한 이혼 후 부양이라는 관점에서 재산분할 제도는 입법의 정당성이 인정되며, 법원도 그러한 관점에서 재산분할의 대상과 범위를 해석하여 왔다. 오늘날 여성의 사회진출이 활발해지고 가정 내에서의 여성의 지위나 가사노동에 대한 평가가 민법 개정 당시에 비하여 개선되기는 하였으나, 여성의 역할에 대한 우리 사회의 인식과 현실적인 경제적 지위에서 볼 때 여성이 남성과 동등한 경제활동의 기회를 보장받고 대등한 경제력을 확보하고 있다고 말하기 어렵다. 민법상 부부별산제의 시행으로 발생하는 문제점을 개선·보완하고자 하는 재산분할 제도의 정책적 목표와 제도의 효용은 지금도 여전하다.  이러한 재산분할 제도의 도입 목적과 취지를 부부별산제의 원칙에 비추어 보면, 민법 제839조의2에 규정된 재산분할청구권은 이혼한 부부의 일방이 상대방으로부터 부부 공동의 노력으로 이룩한 재산 중 일부를 분할받을 권리를 말하는 것으로서, 혼인생활 중에 형성된 부부 공동의 재산관계 전체의 청산을 요구할 권리라고 보이지는 않는다. 재산분할청구권이 혼인 중에 취득한 부부공동재산의 청산 분배를 주된 목적으로 한다는 것은 재산분할 제도에 혼인생활에 대한 청산적 요소가 포함되어 있다는 의미일 뿐이지, 재산분할 제도의 본질이 혼인생활 중 발생한 모든 재산관계를 청산하는 것이라는 의미는 아니다. 부부공동재산제를 채택하고 있는 국가와 달리 부부별산제를 시행하고 있는 우리 민법하에서 부부 공동의 재산관계 청산이라는 개념은 성립하기 어렵다.따라서 우리 민법이 채택한 재산분할청구권이란, 비록 상대방 배우자 명의로 되어 있으나 부부 공동의 노력으로 형성한 재산에 대한 재산분할 청구인의 실질적인 기여를 인정하여 혼인관계가 해소될 때 상대방 배우자에게 그 재산에 대한 권리 이전을 요구하거나 그 권리에 상당하는 대가, 즉 대상(代償)으로서 금전의 지급을 청구할 수 있는 권리를 의미한다고 볼 것이다.재산분할청구권의 개념을 이와 같이 이해한다면, 재산분할청구권은 상대방 명의로 되어 있는 재산이 존재하고 그 재산이 혼인생활 중에 부부 공동의 노력으로 형성되었을 것을 필수불가결한 전제로 하는 것이고, 재산분할 청구인은 그 재산을 재산분할 청구의 객체, 즉 분할대상재산으로 삼아 그에 대한 권리의 이전을 요구하거나 그 권리에 상당하는 대가로서 금전의 지급을 청구할 수 있다고 보아야 한다.부부의 채무액이 총 재산가액을 초과하여 혼인생활 중에 형성된 공동재산이 없는 경우에도 재산분할 청구가 가능하다고 본다면, 이는 재산분할 제도의 본질과 대상을 오해한 것이다.  나. 이 사건에서 재산분할 청구인은 상대방의 적극재산이 아닌 자신의 채무를 분할대상재산으로 삼아 상대방에게 그 중 일부를 부담할 것을 청구하고 있으나, 이러한 청구는 우리 민법의 재산분할 제도상 허용될 수 없다. 그 이유를 좀 더 자세히 살펴보면 다음과 같다.  (1) 부부가 공동의 노력으로 재산을 형성하는 과정에서 재산형성에 수반하여 채무를 부담하거나 일상가사의 필요에 따라 또는 혼인생활비용 마련을 위하여 채무를 부담하는 경우가 있다. 그러한 채무도 이혼에 따른 재산분할에서 고려하여야 할 요소이기는 하지만, 민법과 가사소송법은 재산분할을 할 때 이를 어떤 방식으로 고려할지, 그 채무 자체를 분할대상재산으로 삼을 수 있는지 등에 관하여 별다른 규정을 두고 있지 않다. 그래서 재산분할 청구인의 채무를 분할대상재산으로 할 수 있는지는 채무의 법적 성질과 민법 제839조의2의 규정 취지 등을 종합하여 판단하는 수밖에 없다.  (2) 부부공동재산제를 채택하지 않은 우리 민법하에서 부부 일방의 채무는 일상가사채무가 아닌 한 그 일방에게 귀속되는 것이 원칙이다. 그런데 당사자들 사이의 법률행위에 일정한 법정요건이 보태어지면 귀속주체가 달라질 수 있는 적극재산과는 달리, 소극재산인 채무는 채무자와 제3자가 채무인수에 합의하더라도 채권자의 승낙이 없는 한 그 귀속주체가 달라질 수 없다.  이혼한 부부만이 당사자가 되는 가사비송절차에서 법원이 부부 일방의 채무를 상대방에게 귀속시키는 취지의 심판을 하더라도 이로써 그 채무가 상대방에게 면책적으로 인수되는 법률적 효력은 발생하지 않는다(대법원 1999. 11. 26. 선고 99므1596, 1602 판결 등 참조). 제3의 이해관계인인 채권자가 존재하는 채무를 부부 사이의 합의나 법원의 재산분할심판만으로 청산하는 것은 처음부터 불가능한 일이다.  (3) 또한 앞서 본 바와 같이 재산분할청구권은 상대방 명의로 남아 있는 적극재산의 존재를 불가결한 전제로 하는 것이고, 이를 분할대상재산으로 삼아 그에 대한 권리의 이전을 요구하거나 그 권리에 상당하는 대가인 금전의 지급을 청구할 수 있는 권리이므로, 소극재산인 채무는 분할대상재산이 될 수 없다.  대법원은 그동안 부부 일방이 혼인 중에 부담한 제3자에 대한 채무도 일정한 경우 청산의 대상이 된다고 판시한 바 있고(대법원 2010. 4. 15. 선고 2009므4297 판결 등 참조), 간혹 그러한 채무가 재산분할의 대상이 된다고 표현한 적도 있다(대법원 2011. 3. 10. 선고 2010므4699 판결 등 참조). 그러나 그러한 판결들의 취지는 채무 자체가 청산 분배의 대상이라는 뜻이 아니라, 분할대상재산을 확정하고 그에 대한 재산분할비율을 산정할 때 채무를 고려하여 그 채무액을 재산가액에서 공제한 잔액을 기준으로 재산분할 지급액을 산정하거나 분할대상재산에 대한 공유지분을 정하라는 뜻이라고 보아야 한다(대법원 1994. 12. 2. 선고 94므1072 판결 등 참조). 채무는 분할대상재산이 아니지만, 재산분할심판을 위한 심리의 대상이 되고 분할대상재산에 대한 분할비율을 산정할 때 고려해야 하는 요소로 작용하여 그러한 의미에서 청산의 대상이 되는 것에 불과하다.  (4) 무엇보다 민법 제839조의2의 문언 해석상, 재산분할 제도는 부부 공동의 순재산이 있는 경우만을 대상으로 한다고 보아야 한다.  일반적으로 ‘재산’은 재화와 자산을 통틀어 이르는 말로 사용될 뿐 채무를 포함하는 의미로 사용되지 않는다. 재산을 적극재산과 소극재산을 포함하는 의미로 이해하여 채무를 소극재산으로 분류하는 것은 법학이나 경제학 등에서 학술상 사용하는 개념이고, 일반인의 현실에서는 채무를 재산으로 인식하지 않는다. 우리 민법도 여러 조문에서 ‘재산’이라는 용어를 사용하고 있으나 대체로 재화나 자산을 의미하는 일반적인 용례대로 사용하고 있고, 소극재산까지 포함하는 의미로 사용하는 것은 예외적이다.민법 제839조의2 제1항이 규정하고 있는 ‘재산분할’은 다른 조문에서는 사용되지 않고 있으므로, 이 조항만으로는 ‘재산분할’에서 말하는 ‘재산’이 일반적인 용어로서의 재산을 의미하는 것인지 아니면 소극재산까지 포함하는 재산을 의미하는 것인지 불분명한 것처럼 보인다. 그러나 민법 제839조의2는 제2항에서 “제1항의 재산분할에 관하여 협의가 되지 아니하거나 협의할 수 없는 때에는 가정법원은 당사자의 청구에 의하여 당사자 쌍방의 협력으로 이룩한 재산의 액수 기타 사정을 참작하여 분할의 액수와 방법을 정한다.”고 규정함으로써 ‘재산분할’에서 말하는 ‘재산’이란 ‘당사자 쌍방의 협력으로 이룩한’ 것임을 명시하고 있다. 부부의 채무를 ‘부부 쌍방의 협력으로 이룩한’ 것이라고 하는 것은 통상의 어법에 맞지 않으므로 민법 제839조의2에서 말하는 ‘재산’은 일반적인 의미의 재산이라고 해석하여야 하고, ‘재산분할’은 그러한 의미의 재산을 대상으로 하는 것으로 보아야 한다.  대법원도 여러 차례 ‘혼인 중에 취득한 실질적인 공동재산’이 재산분할의 대상이라고 판시하였는데(대법원 2009. 6. 9.자 2008스111 결정 등 참조), 채무를 ‘혼인 중에 취득한 공동재산’이라고 하는 것 역시 통상의 어법에 어긋난다.민법 제839조의2에서 규정한 ‘재산’은 일반적으로 사용되는 재산, 즉 재화와 자산을 통틀어 이르는 말로 해석함이 타당하고, 그러한 부부 공동의 재산이 있을 때 비로소 재산분할 청구가 가능하다고 보는 것이 상식에 부합한다.  (5) 결론적으로, 민법 제839조의2에 규정된 재산분할청구권에 의하여 분할을 청구할 수 있는 분할대상재산은 부부 공동의 순재산을 의미한다고 해석하여야 한다. 그러한 순재산이 없는 경우에도 재산분할 청구인의 채무를 분할대상으로 삼아 재산분할을 청구할 수 있다고 보는 것은 재산분할청구권의 본질과 대상을 오해한 것이고, 가능한 문언의 의미를 넘어 법률을 해석함으로써 새로운 입법을 하는 것과 다를 바 없다.  다. 다수의견은 부부 공동의 소극재산이 적극재산을 초과하는 경우 채무를 더 많이 부담하고 있는 일방이 상대방에게 재산분할을 청구할 수 있도록 하는 것이 실질적 공평에 부합한다고 한다. 채무를 공평하게 부담시킨다는 관점에서만 보면 얼핏 그럴듯해 보이나, 그에 따를 경우 오히려 형평에 어긋나거나 불합리한 결과에 이를 수 있다.  사회의 현실에서는 아내가 전업주부인 가정에서 남편이 실직이나 사업실패로 가정을 경제적 파탄상태로 만들고, 더 나아가 아내를 심히 부당하게 대우하는 등 혼인생활까지 파탄에 이르게 한 경우를 드물지 않게 볼 수 있다. 이러한 경우 경제적 어려움에 처한 가정에서는 적지 않은 채무를 부담하게 되는데, 그나마 경제활동능력이 있는 남편 명의로 채무를 부담하고 있는 것이 보통이다. 이때 남편의 부당한 대우에 견디지 못한 아내가 이혼을 청구하자, 남편이 아내를 상대로 오히려 재산분할을 청구하는 경우를 상정해 보자.  다수의견에 따르면 이러한 경우 법원은 남편의 채무의 분할을 위하여 아내가 남편의 채무 일부를 부담하도록 명해야 하고, 그것이 공평에 부합한다는 것이다. 비록 경제적 어려움이 있더라도 남편으로부터나마 벗어나고자 이혼을 청구하려 하여도, 남편의 채무를 떠안을 능력이 없는 아내는 이혼을 포기하고 남편의 책임으로 인한 실질적인 혼인파탄에도 불구하고 혼인관계를 유지할 수밖에 없는 경우가 생길 수 있다. 다수의견을 따른다면 경제적 능력이 없는 여성에게 실질적인 이혼의 자유를 보장하고자 도입한 재산분할 제도가 오히려 경제적 빈곤층에 속한 여성의 이혼의 자유를 침해하는 결과를 가져올 수 있는 것이다.  나아가 위의 사례에서 아내가 재산분할의 부담을 무릅쓰고 이혼을 하고, 다른 사람으로부터 금전을 차용하여 남편에게 재산분할금을 지급하거나 남편의 채무를 대위변제하는 경우도 상정할 수 있다. 이 경우 경제활동능력을 갖추고 있으면서 아내로부터 재산분할금까지 지급받은 등으로 채무부담을 덜어낸 남편은 비교적 용이하게 경제력을 회복할 가능성이 높은 반면, 경제활동능력이 미약한 아내는 남편에 대한 재산분할을 위하여 새로이 부담한 채무의 굴레에서 벗어나지 못할 소지가 다분하다. 재산분할 제도는 이혼 후 부양의 측면도 고려하여 도입한 것인데, 다수의견을 따른다면 경제적 빈곤층에 속한 여성이 이혼 후 더욱 열악한 환경에 처하는 역기능이 생길 수 있다.  이와 같이 다수의견이 공평의 관점에서 일면의 타당성을 가지고 있는 것처럼 보여도, 소극재산이 적극재산을 초과할 정도로 가정경제가 파탄에 이른 부부에게 재산분할제도의 입법 목적이나 본래의 기능에 반하는 부당한 결과를 가져올 수 있는 현실을 간과하고 있는 것이다.  라. 다수의견은 재산분할 청구의 상대방으로 하여금 재산분할 청구인의 채무를 분담하게 하는 구체적인 방법을 법원이 정하여야 한다고 하면서도 정작 어떤 방법을 통하여 적절한 재산분할을 할 것인지에 관하여는 사실상 아무런 답을 제시하지 아니하고 있다.  재산분할 청구인의 채무를 분할하는 방법으로는, 사실심의 실무에서 사용하고 있는 것처럼 법원이 상대방으로 하여금 채무의 일부를 인수하도록 명하거나, 상대방이 분담하여야 할 채무 상당액을 재산분할 청구인에게 지급할 것을 명하는 방안 등을 생각해 볼 수 있을 것이다. 그러나 다음에서 보는 바와 같이 그 중 어느 방안에 의하더라도 적절한 채무분할의 효과를 거두기는 어려워 보인다.  (1) 먼저 법원이 채무인수를 명하는 방안에 관하여 살펴본다.  채무자와 인수인 사이의 약정에 의한 채무인수는 채권자의 승낙이 없는 한 그 효력이 발생하지 아니한다. 마찬가지로 법원이 이혼한 부부 사이에 채무인수를 명하는 재산분할심판을 하더라도 제3자인 채권자가 그에 따라야 할 의무는 없고, 채권자가 채무인수를 승낙하지 않으면 그 심판은 실효가 없을 것이므로, 법원이 제3자의 의사 여하에 따라 그 효력이 좌우되는 심판주문을 낼 수 있는지부터 의문이다. 그러한 심판주문이 우리 법체계상 허용된다고 하더라도 채권자가 채무인수를 승낙하지 아니한 경우 그 채무인수를 명한 재산분할심판이 어떠한 효력을 가지는지도 분명하지 아니하다.  이러한 문제를 피하는 방법으로는, 법원이 분할대상채무에 대하여 재산분할 청구인과 상대방 사이의 내부적인 분담비율만을 정하고 상대방으로 하여금 직접 채권자에게 그 분담채무 상당액을 변제할 것을 명하는 방안도 생각할 수 있다. 그러나 이러한 심판주문은 대외적으로는 아무런 구속력이 없고, 상대방이 분담하여야 할 채무를 대위변제한 재산분할 청구인이 나중에 상대방에게 구상권을 행사하는 근거가 될 수 있을 뿐이지, 이를 기초로 하여서는 강제집행조차 할 수 없을 것이다.  (2) 다음으로 법원이 상대방으로 하여금 재산분할 청구인에게 분담채무 상당액을 지급하도록 명하는 방안, 이른바 대상(代償)분할방식에 관하여 살펴본다.  다수의견의 견지에서 실질적인 채무분할의 효과를 얻으려면 채무인수 대신 대상분할방식을 선택하는 수밖에 없을 것이다. 그런데 재산분할 청구인이 대상분할방식에 따라 상대방으로부터 분담채무 상당액을 지급받더라도 그 돈으로 자신의 채무를 이행하지 않는다면 그 채무는 여전히 남아있게 된다. 여기에 대상분할방식의 근본적인 문제가 있다.  이혼한 부부 일방의 채무 중에는 상대방이 그 채무에 대한 보증인이거나 물상보증인인 경우도 있다. 이러한 경우 재산분할심판의 실무에서는 상대방을 그 채무의 귀속주체로 인정하지 않는다. 그런데 채무를 부담한 재산분할 청구인이 상대방으로부터 재산분할금을 지급받은 다음 채무를 이행하지 않고 소비하여 버릴 경우 상대방으로서는 실질적으로 재산분할금을 이중으로 지급하여야 하는 문제가 생긴다. 물론 채권자에게 보증채무를 이행하거나 물상보증인으로서 책임을 진 상대방은 재산분할 청구인에 대하여 구상권을 취득할 수 있을 것이나, 이러한 권리를 취득하는 것만으로 얼마나 실효성이 있을지 의문이다. 이러한 이중지급의 위험까지 고려하여 재산분할비율을 정하는 방법도 생각할 수 있으나, 그렇게 하면 반대로 채무변제의사를 가진 재산분할 청구인에게 불공평한 결과가 된다. 이러한 경우 법원이 적정한 재산분할비율을 결정할 마땅한 방법이 없다.  그 밖에 재산분할심판 확정 후에 재산분할 청구인이 채권자로부터 채무를 면제받는 경우, 재산분할 청구인의 채무가 시효로 소멸하는 경우, 재산분할 청구인이 보증채무를 부담하고 있었는데 주채무자가 채무를 이행하는 경우 등 재산분할 청구인의 채무가 소멸하여 이를 이행할 필요가 없게 되더라도, 상대방은 재산분할심판에 따라 재산분할 청구인에게 재산분할금을 지급하여야 하는 부당한 결과가 생길 수도 있다.  다수의견은 당사자 사이에 실질적 공평을 기한다는 명분으로 채무도 분할하려 하는데, 이처럼 대상분할방식으로 채무를 분할할 경우 채무의 공평한 분배라는 목표는 현실적으로 달성하기 어려울 수 있다.  마. 다수의견에 따라 채무초과 상태에 있는 부부에게도 재산분할청구권을 인정하여 실질적인 채무분할을 허용하면, 그동안 분할대상인 적극재산이 없어 재산분할 청구를 포기하였던 경우까지 재산분할 청구를 하게 됨으로써, 여태껏 재산분할사건에서 문제가 되지 않았던 새로운 여러 가지 법률적 쟁점들이 제기되어 실무의 운영에 적지 않은 혼란을 일으키게 될 것이다. 반면, 그에 따른 실익이 얼마나 있을지 의문이다.  (1) 다수의견에 따라 채무 자체가 분할대상재산이 되면 재산분할심판의 당사자들은 이전보다 한층 더 채무의 주장·입증에 주력할 것이고 심지어 허위의 채무를 가공하는 경우도 예상할 수 있다. 혼인생활 중에 발생한 채무에 관한 법원의 심리는 결코 용이한 일이 아니다. 부부가 혼인생활 중에 부담한 채무는 채권자가 가족이나 친척 또는 가까운 지인인 경우가 많고 따로 증거방법을 남겨놓지 아니한 이상 채무의 존부나 액수를 증명하기가 쉽지 않으므로, 재산분할사건의 심리기간이 종전보다 길어질 수밖에 없다. 부부 일방이 이미 소멸한 채무를 분할대상재산으로 주장하는 경우 상대방이 그 채무가 변제 등으로 이미 소멸하였음을 증명하는 것은 매우 어려우므로, 상대방의 증명이나 법원의 심리 부담은 가중된다. 제3자에 대한 채무의 존재를 스스로 주장하는 상황에서 어느 정도의 증명이 있어야 채무의 존부 및 범위에 관한 주장을 인정할 것인지도 쉽지 않은 문제이다.  (2) 실질적인 채무분할이 이루어질 경우 부부 각자의 채무에 대한 기여도나 책임을 어떤 기준으로 인정하여 채무를 분배할 것인지도 문제가 된다. 부부 공동의 책임으로 부담하게 된 채무에 대하여는 부부 공동의 노력으로 형성한 적극재산과 같은 단순한 기준을 적용할 수는 없을 터이고, 끝내는 혼인생활 중에 부담하게 된 채무의 발생 및 확대 경위 등을 둘러싼 부부 간의 소모적인 책임공방으로 이어질 공산이 크다. 법원으로서는 혼인파탄의 책임을 가리는 것보다 훨씬 복잡하고 비효율적인 심리의 부담을 안게 될 것이다.  (3) 그 밖에 채무액수의 산정과 관련하여서도, 재산분할 청구인이 부담하는 채무가 정기분할상환 채무인 경우 상대방에 대하여 총 채무액의 지급을 명할 수 있는지, 총 채무액의 지급을 명한다면 최종 변제기까지의 중간이자를 공제하여야 하는지의 문제 등 지금까지 미처 생각하지 못하였던 여러 가지 법률상 쟁점들이 나타날 것이다.  (4) 이러한 과정을 거쳐 채무분할에 따른 재산분할심판이 확정되더라도 재산분할 청구인이 실제 강제집행을 통하여 재산분할채권의 만족을 얻을 수 있는 경우는 흔치 않을 것이다. 소극재산이 적극재산을 초과하는 상대방의 경우, 청산의 대상이 되는 부부 공동재산의 형성과 관련된 채무 외에도 다른 개인채무를 부담하고 있을 가능성이 크고 재산분할심판에 따른 채무를 스스로 이행할 만한 경제적 능력이 있는 경우가 드물 것이다. 재산분할 청구인은 결국은 강제집행의 방법으로 채권의 만족을 얻어야 할 것인데, 상대방에게 적극재산이 없거나 적극재산이 있더라도 소극재산이 적극재산을 초과하는 경우 우선변제권이 없는 재산분할 청구인으로서는 채권의 종국적인 만족을 얻을 가망이 거의 없다. 채무분할을 원하는 재산분할 청구인은 위에서 본 것과 같이 험난한 과정을 거쳐 비로소 재산분할의 확정심판을 받게 될 것이나, 현실적인 이익은 기대하기 어려울 것이다. 반대로 가난한 상대방은 또 하나의 채무를 떠안아 더 가난해질 뿐이다.  (5) 이와 같이 다수의견은 앞서 살펴본 문제들에 관하여 뚜렷한 지침을 제시하지 못한 채 실무의 운영에 혼란을 일으키고 심리의 부담을 가중시킬 것이다. 한편 적극재산이 없는 당사자에 대한 재산분할심판은 그 실익이 의심스럽기만 하다.  바. 민법 제839조의2의 규정 취지와 채무의 법적 성질 등에 비추어 볼 때 채무 자체는 분할대상재산이 될 수 없으므로 자신의 채무를 분할하여 달라는 취지의 재산분할 청구는 허용될 수 없고, 부부의 총 재산가액에서 채무액을 공제하면 남는 금액이 없는 경우는 민법 제839조의2가 예정한 재산분할 청구의 범위에 포함되지 않으므로, 이러한 경우의 재산분할 청구는 기각되어야 한다.  다수의견이 위와 같은 취지로 판시한 대법원판결들(대법원 1997. 9. 26. 선고 97므933 판결, 대법원 2002. 9. 4. 선고 2001므718 판결 등)을 변경하는 것은 재산분할 제도를 개악(改惡)하는 결과를 가져올 것이다.  원심이 같은 취지에서 반소원고의 재산분할 청구를 기각한 제1심판결을 유지한 조치는 정당하고, 거기에 재산분할청구권에 관한 법리를 오해한 위법이 없으므로, 반소원고의 상고를 기각하여야 한다.  이상과 같은 이유로 다수의견에 찬성할 수 없음을 밝힌다.  5. 대법관 고영한, 대법관 김신의 별개의견은 다음과 같다.  가. 다수의견은 이혼 당사자 각자가 보유한 적극재산에서 소극재산을 공제하는 등으로 재산상태를 따져본 결과 소극재산의 총액이 적극재산의 총액을 초과하여 재산분할의 결과가 결국 채무의 분담을 정하는 것이 되는 경우에도 재산분할 청구를 받아들일 수 있다고 한다. 그러나 청산의 대상이 되는 소극재산의 총액이 적극재산의 총액을 초과하여 남는 금액이 없더라도 재산분할 청구의 상대방 명의로 순재산이하 양(+)의 순재산을 의미한다이 남아 있는 경우 그 가액을 한도로 재산분할이 가능하나 그 이외에는 재산분할을 허용하여서는 아니 된다고 본다.  나. 먼저 다음과 같은 이유로 소극재산의 총액이 적극재산의 총액을 초과하여 재산분할의 결과가 결국 채무의 분담을 정하는 것이 되는 경우에도 재산분할 청구를 받아들일 수 있다는 다수의견에는 동의할 수 없다.  (1) 부부별산제를 채택하고 있는 우리 민법이 1990. 1. 13. 새로이 도입한 재산분할청구권은 이혼한 부부의 일방이 상대방으로부터 부부 공동의 노력으로 이룩한 재산 중 일부를 분할 받을 권리를 말하는 것이지 혼인생활 중에 형성된 부부 공동의 모든 재산관계의 청산을 요구할 권리는 아니다. 이 점에 관하여는 기본적으로 반대의견과 궤를 같이 하고 구체적 논거에 대하여는 반대의견이 상세하게 설시하고 있으므로 여기서는 재론하지 아니한다. 따라서 우리 민법상의 재산분할 제도는 재산분할 청구의 상대방에게 그의 명의로 적극재산이 남아있는 경우를 전제로 하는 것이고 적극재산이 전혀 남아 있지 아니하여 소극재산인 채무 자체의 분담을 정하는 형태의 재산분할은 이를 예정하고 있지 않다. 특히 재산분할과 관련하여 제3자인 채권자에 대한 관계에서 직접적으로 효력이 생기게 하는 특별한 규정을 두고 있지 않은 우리 민법하에서는 다수의견과 같이 채무의 분담을 명하는 형태의 재산분할이 이루어지더라도 실질적인 경제적 만족을 얻기 어려우므로 그 효과는 반감되기 때문이다.  (2) 다수의견과 같이 재산분할에 있어 채무 자체의 분할을 허용한다면 이는 새로운 입법이 이루어진 경우와 같이 종래 실무운용의 틀을 크게 바꾸는 것이다. 그러나 사실심이 적극재산 없이 소극재산만을 가지고 있는 상대방에게 채무 자체의 분담을 정하는 형태의 재산분할을 명한 사례는 찾아보기 어렵다. 뿐만 아니라 채무에 대한 재산분할을 인정하는 경우에 어떠한 방식으로 재산분할을 할 것인지, 변제기가 도래하지 않은 채무의 취급 등 예상되는 수많은 문제점에 관하여 학계에서는 물론 실무계에서도 충분히 검토가 이루어지거나 논의가 성숙되지 않은 상태이다. 다수의견은 이와 같은 여러 문제점들을 사실심 법관들로 하여금 해결하도록 미루고 있다. 실무운영에 혼란을 야기하고 사실심 법관들의 심리부담을 가중시킬 것이다.  다. 그러나 한편 청산의 대상이 되는 채무의 총액이 적극재산의 총액을 초과하는 모든 경우에 재산분할이 허용되지 않는다는 취지의 반대의견에도 찬성할 수 없다. 위와 같은 경우에도 다음과 같은 이유로 재산분할 청구의 상대방 명의로 순재산이 남아있는 때에는 그 순재산가액을 한도로 재산분할을 명할 수 있다고 봄이 타당하다. 다수의견이 들고 있는 종전 대법원판례는 위 견해와 저촉되는 범위에서 변경되어야 할 것이다.  (1) 무엇보다도 재산분할 청구인에게 순재산이 남아있지 않은 반면 상대방에게는 그 명의의 순재산이 남아 있는 경우, 단지 청산의 대상이 되는 채무의 총액이 적극재산의 총액을 초과한다는 이유만으로 재산분할 청구를 허용하지 않는다면 청구인은 아무런 재산분할을 받지 못하고 채무만을 분담하게 되는 반면, 상대방은 이혼 후에도 그 명의의 순재산을 그대로 보유하게 되어 현저히 공평에 반한다. 이러한 불공평은 청구인이 부담하는 순채무가액과 상대방 명의의 순재산가액의 차이가 커질수록 더욱 커지며, 통상인의 건전한 법관념에 비추어 보더라도 위와 같은 경우까지 상대방이 그 명의의 순재산을 그대로 보유할 수 있게 한다는 것은 쉽사리 수긍하기 어려울 것이다.  (2) 민법 제839조의2의 문언적 해석과 관련하여, 위 조항에서의 ‘재산’의 의미를 반대의견처럼 ‘일반적으로 사용되는 재산, 즉 재화와 자산을 통틀어 이르는 말’로 해석하더라도, 재산분할 청구의 상대방 명의로 남아있는 순재산은 그 개념에 포함된다고 볼 수 있다. 상대방의 순재산가액을 한도로 재산분할을 명하더라도 위 조항의 문언에 정면으로 반하지 아니한다.  (3) 재산분할 제도는 부부가 혼인 중에 취득한 실질적인 공동재산을 청산 분배하는 것을 주된 목적으로 하고, 거기에 부양적인 성격이 가미된 제도이다(대법원 1993. 5. 11.자 93스6 결정, 대법원 2006. 9. 14. 선고 2005다74900 판결 참조). 이와 같은 재산분할 제도의 본질에 비추어 보면, 상대방이 보유한 순재산을 한도로 재산분할을 명하는 것이 더 실질적이고 효율적인 청산을 달성하는 것이라고 본다.  라. 결국 다수의견과 같이 갑작스레 채무 자체의 분담을 정하는 형태의 재산분할을 허용하기 보다는 채무의 총액이 적극재산의 총액을 초과하는 모든 경우에 재산분할이 허용되지 않는다는 반대의견의 입장을 다소 완화하여 재산분할 청구의 상대방 명의로 순재산이 남아 있는 때에는 순재산가액을 한도로 재산분할을 명할 수 있다는 입장을 취하는 것이 다수의견을 취함으로써 발생할 수 있는 실무 운영상의 혼란과 사실심 법관들의 부담을 최소화할 수 있을 뿐만 아니라 반대의견을 유지함으로써 발생할 수 있는 현저한 불공평을 어느 정도 해소할 수 있는 조화로운 해결 방안이라고 본다.  마. 이 사건을 보건대, 청산의 대상이 되는 채무액이 총 재산가액을 초과하지만 반소피고는 순재산 2,214,730원을 보유하고 있으므로 그 한도 내에서는 재산분할이 가능하고, 따라서 원심으로서는 반소피고에게 위 가액을 한도로 재산분할을 명할 수 있을지 여부를 판단하였어야 할 것이다.  바. 그러므로 원심판결이 파기되어야 한다는 결론에서는 다수의견과 의견을 같이 하지만, 위에서 본 바와 같이 그 파기의 이유를 달리하므로 별개의견으로 이를 밝혀 둔다.  6. 대법관 김용덕의 별개의견은 다음과 같다.  가. 다수의견은 이혼한 배우자 사이의 재산분할의 대상에 적극재산과 소극재산이 모두 포함되며 분할의 대상이 되는 채무의 총액이 적극재산의 총액을 초과하여 재산분할을 한 결과가 채무의 분담을 정하는 것이 되는 경우에도 법원은 그 채무에 관하여 구체적인 분할의 방법 등을 정할 수 있다고 본다. 즉 다수의견은 재산분할 청구 상대방에게 아무런 적극재산이 없고 채무만 있는 경우에도 채무의 분담을 정하는 취지의 재산분할이 가능하다는 것이다.  그러나 재산분할 과정에서 소극재산 즉 채무를 고려하여 청산의 대상으로 삼는다고 하더라도, 재산분할은 그 청구 상대방에게 적극재산이 있는 경우에 그 적극재산에 대한 분할을 구하는 제도이며, 아무런 적극재산이 없고 채무밖에 없는 경우에는 재산분할을 청구할 수 없다고 새겨야 한다.  나. 부부의 총 재산 중 소극재산이 적극재산을 초과하는 경우에는 재산분할을 청구할 수 없다고 보는 반대의견이나, 재산분할 청구 상대방의 소극재산이 적극재산을 초과하는 경우에는 재산분할을 청구할 수 없다고 보는 대법관 고영한, 대법관 김신의 별개의견은 모두 순 소극재산 즉 채무만에 대한 재산분할을 구할 수 없다는 것에 그 근거를 두고 있는데, 이 점에서는 위 의견들이 옳다고 생각한다. 따라서 이에 관한 구체적인 논거 등은 아래와 같은 사정들을 덧붙이는 외에는 위 의견들에서 밝힌 견해에 찬성하는 것으로 갈음한다.  가사소송규칙은 재산분할 청구에 관하여 제97조에서 금전의 지급, 물건의 인도, 등기 기타의 의무이행을 동시에 명하는 이행명령을 할 수 있다고 정하고 있을 뿐 채무만에 관한 분할 내지는 부담에 대하여는 직접 규정하고 있지 아니한데, 이는 재산분할 청구가 채무만의 분할을 예정하지 아니하였기 때문이라 보인다.  그리고 재산분할 청구 상대방의 소극재산이 적극재산을 초과하는 경우에는, 단기간 내에 상당한 적극재산을 취득할 수 있는 경제력을 갖추고 있다는 등의 특별한 사정이 없는 한, 파산상태라 할 수 있다. 재산분할 청구에 청산적 요소가 반영되어 있다고 하더라도, 이러한 파산상태에 있는 상대방에 대하여 채무를 더 부담시켜 파산상태를 가중시키는 것은 부양적 요소도 고려하고 있는 재산분할 제도가 의도한 바라고 하기 어렵다. 또한 그와 같은 결과는 채무자 회생 및 파산에 관한 법률 제1조가 밝히고 있는 바와 같이 이해관계인의 법률관계를 조정하여 채무자 또는 그 사업의 효율적인 회생을 도모하거나 회생이 어려운 채무자의 재산을 공정하게 환가·배당하는 것을 목적으로 하는 도산법제의 기본정신에도 어긋날 우려도 있다. 재산분할 청구인이 상대방의 새로운 채권자로 등장하여 상대방의 회생에 장해가 되거나 상대방에 대한 일반채권자들의 이익에 반하는 결과가 발생할 수 있게 되는 것이 바람직하다고 하기 어렵다.  다만 이와 같이 단기간 내에 상당한 적극재산을 취득할 수 있는 경제력이 있는 사정이 참작될 수 있다면 결국 적극재산은 전혀 없고 채무만 있는 경우에도 재산분할이 허용될 수 있어 다수의견과 같다는 주장이 제기될지 모른다. 그러나 단기간 내에 또는 장래에 상당한 적극재산을 취득할 수 있는 확실한 경제력이 있는 경우에는 현재 상태에서도 그 경제력을 실질적인 적극재산의 한 요소로 볼 수 있다고 생각되며, 비록 금전적으로 평가하기 어려워 직접적으로 가액 산정 방식에 의한 적극재산에 포함시키지 않는다고 하더라도 재산분할 시에 반드시 참작하여야 하는 요소라 할 것이므로, 이를 실질적인 적극재산과 같이 취급하여 이를 고려한 재산분할의 방법을 정할 수 있다고 하더라도 채무만에 대한 분할을 부정하는 것과 모순된다고 할 수 없다.  다. 한편 위 논거에서 알 수 있는 바와 같이 이혼한 배우자 사이의 재산분할 청구는 상대방이 가지고 있는 적극재산에 대하여 분할을 구하는 것으로서, 재산분할 청구 상대방에게 적극재산이 있는 한 재산분할이 가능하므로, 비록 상대방이 가지고 있는 소극재산이 적극재산을 초과한다는 사정만으로 재산분할 청구가 반드시 불가능하다고 제한할 필요는 없다고 생각된다.  혼인생활 중에 부부 공동의 노력으로 형성·유지한 재산이라고 하더라도 해당 재산별로는 그 형성·유지에 기여하거나 원인을 제공한 노력의 내용이나 정도가 다르고 그 분할의 용이성도 다를 것이다. 특히 소극재산의 경우에는 적극재산과 달리 제3자인 채권자가 개입되어 있어 종국적인 분할이 쉽지 않고, 또한 그 소극재산의 형성 과정과 적극재산의 형성 과정이 서로 직접적인 관련성을 가지지 아니하는 경우에는 소극재산을 적극재산과 대응시켜 일정한 비율로 구분하는 것이 쉽지 아니할 뿐 아니라 그와 같은 분할이 타당하지 아니한 경우도 생길 수 있다. 대법원이 그동안 혼인 중에 부담한 채무도 청산의 대상이 된다고 판시하여 왔는데, 이는 채무 자체가 청산 분배의 대상이라는 뜻이 아니라, 재산분할대상을 정하고 그 비율을 산정할 때에 함께 고려하여 그 채무액을 재산가액에서 공제하는 등의 방법으로 재산분할 지급액을 산정하라는 취지라는 반대의견의 해석은 적절하다고 보인다.  그런데 그와 같은 논리를 일관하여 보면, 상대방이 적극재산을 가지고 있는 경우에는 소극재산이 적극재산을 초과한다는 사유만으로 재산분할을 부정할 것이 아니라, 일단 재산분할 청구 자체는 가능하다고 보고, 나아가 위와 같이 소극재산과 관련된 사항을 반영하여 재산분할에 관하여 판단하여야 할 것이다. 다만 재산분할은 실질상의 공동재산을 청산하여 분배함과 동시에 이혼 후에 상대방의 생활유지에 이바지하기 위한 것이고 경우에 따라서는 유책행위에 대한 정신적 손해를 배상하기 위한 급부로서의 성질도 가질 수 있으며(대법원 2001. 5. 8. 선고 2000다58804 판결, 대법원 2005. 1. 28. 선고 2004다58963 판결 등 참조), 또한 소극재산이 적극재산을 초과하는 상태에서 채무를 새로이 상대방에게 분담시키는 것이 파산상태를 가중시킴에 따라 발생되는 문제점은 적극재산을 청구인에게 분배하는 경우에도 그대로 해당될 수 있다. 따라서 쌍방의 구체적인 적극재산 및 소극재산의 내역 및 형성 과정과 아울러 실질적인 경제력을 고려한 부양적 요소 등 민법 제839조의2에서 정한 기타 사정을 종합적으로 참작하여, 소극재산이 초과하는 상태에서의 적극재산 분할 여부 및 그 분할비율이 쌍방의 재산형성에 대한 기여도 및 형평에 부합되는지를 구체적인 사안에 맞게 판단하여야 할 것이다(대법원 2009. 7. 23. 선고 2009므1533, 1540 판결 참조).  이와 달리 해석하여, 반대의견과 같이 부부의 총 재산 중 소극재산이 적극재산을 초과한다는 사유만으로 재산분할 청구를 모두 부정하게 되면, 극단적으로 재산분할 청구인은 상당한 가액의 소극재산만 가지고 있는 반면 상대방은 이보다 조금 적은 적극재산만 가지고 있는 경우에도 재산분할을 청구할 수 없게 되는데 이러한 결과가 형평에 반할 수 있다는 점에 큰 이견이 없을 것이다. 그리고 순재산을 한도로 재산분할 청구를 허용하는 위 별개의견을 취한다고 하더라도, 재산분할 청구인에게 상당히 큰 가액의 순 소극재산만 있는 반면 상대방에게는 상당히 큰 가액의 적극재산이 있으면서도 소극재산이 그보다 조금 더 많은 경우에 항상 재산분할 청구를 부정하게 되어 마찬가지로 형평에 어긋나는 결과가 발생할 수 있다.  따라서 채무만에 대한 재산분할 청구를 허용하지 아니하는 전제 아래에서 위와 같은 불합리한 결과가 발생되지 않도록 하기 위해서는, 재산분할 청구 상대방이 가지고 있는 적극재산 범위 내에서 재산분할 청구가 가능하다는 견해를 취하는 것이 타당할 것이다.  라. 이 사건에서 반소 재산분할 상대방인 반소피고에게는 적극재산으로 우체국 장기주택마련보험 해약환급금 예상액 5,509,190원과 대구은행 예금채권 234,820원이 있다. 따라서 원심으로서는 반소원고와 반소피고의 총 적극재산 가액이 총 채무액보다 적다는 이유만으로 재산분할 청구를 배척할 것이 아니라, 반소원고와 반소피고별로 적극재산과 소극재산을 명확히 가리고 소극재산도 재산분할 대상과 비율을 산정하기 위한 고려의 대상으로 삼아 이를 반영하여 최종적으로 반소피고의 위 적극재산 중 어느 정도를 반소원고에게 분할하는 것이 혼인 중의 재산 형성에 대한 기여도 및 형평에 부합되는지 여부를 판단하였어야 한다. 그럼에도 이와 달리 판단한 원심판결에는 재산분할의 법리를 오해하여 판결에 영향을 미친 위법이 있다고 할 것이고, 다수의견의 결론과 마찬가지로 원심판결은 파기되어야 한다.  다만 위와 같이 반소피고에게 있는 적극재산의 합계액이 5,744,010원이고 순재산 금액은 2,214,730원에 불과하므로, 적극재산의 합계액 범위 내에서 재산분할을 허용한다고 하더라도 그 금액은 그다지 크지 않을 것으로 보인다. 또한 원심판결이 인용한 제1심판결 이유에 의하면 이 사건에서 반소원고가 부담하고 있는 순 소극재산의 가액은 상당히 크지만, 한편 그동안 반소원고는 개인과외를 하면서 가정을 이끌어 올 정도의 경제력이 있었던 반면 반소피고는 그동안 뚜렷한 소득이 없었던 사정을 알 수 있다. 환송 후 원심으로서는 위와 같은 여러 사정을 종합하여 과연 반소피고의 위 적극재산 중에서 일부나마 재산분할 청구를 허용하는 것이 형평의 관념에 입각한 재산분할 제도의 취지에 부합되는지 여부도 고려한 후, 합리적인 재량 범위 내에서 재산분할 청구의 허용 여부 및 그 금액 산정에 관하여 판단하여야 할 것임을 주의적으로 지적하여 둔다.  마. 위와 같은 이유로 다수의견의 결론에는 찬성하지만 그 논거에 관하여는 견해를 달리하므로 별개의견으로 이를 밝혀 둔다.  7. 다수의견에 대한 대법관 양창수, 대법관 민일영, 대법관 박병대, 대법관 박보영의 보충의견은 다음과 같다.  가. 사람이 사는 모습의 다양함은 부부 사이의 재산관계에서도 크게 다를 리 없다. 이혼의 마당에서 재산관계를 정리하고자 할 때 살아온 세월을 녹여 각자에게 돌아갈 몫을 가르는 일은 복잡 다양할 수밖에 없다. 함께 살 것을 전제로 같이 노력하여 취득·유지한 부동산 등 자산과 부담하게 된 채무를 부부가 갈라서는 상황에서 그 명의와 상관없이 실질에 따라 배분하고 분담하게 하여 각자의 몫을 정하는 것이 재산분할 제도의 기본적인 출발점이라고 본다면, 그 재산이 적극재산이든 소극재산이든 한꺼번에 해결되도록 하는 것이 공평하고, 나아가 장래의 평화를 위하여도 바람직하다. 총 재산을 모아보니 빚이 더 많다는 이유만으로 재산분할 제도 안으로 들어오지도 못하게 하는 것이 언제나 여성을 보호하는 길이라고 쉽게 단정할 것이 아니다. 재산분할 청구 사건에서 경제적 능력이 미약한 아내의 보호를 위한 배려가 있어야 할 경우도 물론 존재한다. 그러나 집집마다 제각기 상이하게 전개되는 살림살이의 내용과 방식 및 결과를 재산분할의 틀 속에서 어떻게 정리하는 것이 조화롭고 공평할 것인지는 그 속을 들여다보지 아니하고는 알기 어렵다. 빚이 더 많으면 그 속사정이 어떠하든 간에 무조건 그 채무의 명의대로 떠안고 헤어지라고 하는 것이 재산분할 제도의 본질에 부합한다고는 생각하지 아니한다. 채무가 더 많더라도 그것을 분담하게 하는 것이 오히려 타당할 경우도 있을 수 있으니, 그것을 살펴볼 수 있는 길을 열어두고 세세한 사정을 심리·검토한 후에 합당한 결론을 이끌어내자는 것이 다수의견의 기본취지이다. 다수의견에 의하게 되면 마치 경제적 활동능력이 없는 여성은 이혼을 못하도록 하거나 더 깊은 빈곤의 구렁텅이에 빠지게 할 것처럼 비난할 일이 아니다.  다수의견에서 적시한 것처럼 기존의 대법원판례는 채무의 분할을 원칙적으로 불허하고 있었다. 그러나 순재산이 부(-)의 상태인 것으로 밝혀졌음에도 불구하고 채무의 재산분할을 인정한 하급심판결이 그대로 확정된 사례는 적지 않게 발견된다. 이는 역설적으로 재산분할에서 채무의 분할을 일률적으로 거부해온 법리적 굴레를 이제는 벗겨줄 현실적 수요와 필요가 있다는 것을 반증하는 것이라고 할 수 있다.  또한 판례는 이혼에 따른 재산분할을 함에 있어 혼인 중에 이룩된 재산상태의 청산적 요소, 나아가 이혼 후 당사자들의 생활 보장을 배려하는 이른바 부양적 요소 외에 정신적 손해(위자료)를 배상하기 위한 급부로서의 성질까지 포함하여 분할할 수 있다고 한다(대법원 2006. 6. 29. 선고 2005다73105 판결 등 많은 재판례 참조). 채무초과 상태라고 하여 재산분할을 무조건 배척하는 것은 재산분할 제도에 관한 대법원의 위와 같은 확고한 이해에도 부합하지 아니한다.  반대의견이 상정하는 것처럼, 만일 남편의 채무 초과가 그의 ‘실직이나 사업 실패로 가정을 경제적 파탄 상태로 만든 것’에 기인한다면 일반적으로 그 채무는 재산분할로써 처에게 분담시킬 것이 아니다. 따라서 그러한 예를 들어 재산분할이 허용되는 범위가 제한되어야 한다고 비판하는 것은 적절하지 아니하다. 이와 반대로 부부의 경제적 파탄의 원인이 아내에게 있는 경우에까지 남편이 그로 인하여 부담하게 된 채무를 아내에게 분담하도록 요구하지 못한다고 할 이유는 없다고 할 것이다.  나. 민법은 여러 조문에서 ‘재산’이라는 용어를 사용하고 있다. 각각의 경우에 거기에 소극재산인 채무가 포함되는지는 각 조문의 내용과 취지에 따라 따로 살펴보아야 하겠으나, 민법에서 ‘재산’이라는 용어가 소극재산을 포함하는 의미로 사용되는 것이 예외적이라고 할 수 없다. 각종 재산관리인 조항이나 상속재산에 관한 규정에서의 ‘재산’이 그 대표적인 예이다. 혼인과 관련하여 보더라도, 혼인의 ‘재산적 효력’이라는 표제에서의 ‘재산’은 당연히 소극재산을 포함하는 것이고, 부부재산약정에 관한 제829조나 부부별산제를 규정한 제830조에서 말하는 재산 등이 적극재산에 한정된다고 볼 것은 아니다.  재산분할청구권에 관한 민법 제839조의2 제2항은 ‘당사자 쌍방의 협력으로 이룩한 재산’이라고 정하고 있다. 여기에서 ‘이룩한’이라는 말은 ‘형성한’이라고 이해함이 상당하고, 반드시 적극재산만을 가리킨다고 볼 이유는 없다. 그러므로 법 조문의 표현이 위와 같이 되어 있다고 하여 당연히 소극재산은 재산분할 대상에서 배제한다는 취지까지를 담고 있다고 볼 수 없다. 그리고 무엇보다도 법률 조문에 담긴 문언의 의미는 그 조문 속의 다른 문언과 조화롭게 파악하여야 하고, 제도의 취지를 고려한 목적론적·체계적 해석도 마땅히 고려하여야 하는 것이다.  소극재산의 전형적인 예인 차용금채무도 그 차용금으로 부부의 혼인생활을 유지하고 나아가 그 발전의 토대가 되는 경우는 실제에 있어서 얼마든지 발견된다. 반대의견이나 별개의견에서도 재산분할에 있어 부부의 채무가 ‘고려’된다는 점은 인정하고 있는데, 만일 위 법조항의 ‘이룩한 재산’이 적극재산만을 가리키는 것이라고 한다면, 소극재산은 어떠한 법문상의 근거에 의하여 재산분할 청구의 내용에서 고려되는지 의문이 아닐 수 없다. 뿐만 아니라 적극재산이 소극재산의 가액에 근접하게 많더라도 전체 재산의 정산 결과가 양(+)의 상태이면 부채도 모두 분할대상에 포함하여 고려하면서도, 반대로 소극재산이 적극재산보다 조금이라도 많게 되어 전체적으로 부(-)이기만 하면 아예 재산분할은 인정할 수 없다거나 상대방이 지닌 적극재산의 가액을 한도로 해서만 분할 청구가 인정된다고 제한하는 것이 그 제도의 원래의 취지라고 볼 해석론적·연혁적 또는 역사적 근거가 있는지도 역시 의문이다.  그리고 설사 위 법 규정에서의 ‘재산’이 적극재산만을 의미하는 것이라고 하더라도 그 규정은 “이룩한 재산의 액수 기타 사정을 참작하여 분할의 액수와 방법을 정한다.”고 되어 있으므로, 그와 같은 적극재산은 재산분할에서 고려하여야 하는 하나의 사정에 불과하고 그 외에 거기에 규정된 바의 ‘기타 사정’의 하나로 소극재산을 고려하지 못할 이유가 없다.  다. 재산분할 청구 사건은 그 성질이 비송사건임에는 의문의 여지가 없다무엇보다도 가사소송법 제2조 제1항 제2호(""가사비송사건"") (나)목의 4) 참조. 이는 권리의무관계를 추상적 법리의 잣대에 의하여 엄격하게 갈라내는 소송적 구조에서 판단하는 사건이 아니라는 뜻이다. 부부가 각자의 명의로 보유한 재산이나 채무가 부부 공동의 노력으로 형성한 것이거나 함께 책임져야 할 것인지 아니면 그 명의자 고유의 몫이라고 보아야 할 것인지는, 당해 재산의 형성 경위, 혼인생활의 기간, 가정생활에서의 역할 분담 등 매우 복합적인 사정들을 종합적으로 고려하여 판단할 수밖에 없다. 또한 재산분할을 통하여 그 몫을 정할 때에는 앞에서 본 대로 판례가 그동안 말해 온 것처럼 부양적 요소까지 고려해야 할 경우도 있다. 이처럼 엄격히 법리적 구분을 할 수 없는 여러 사정들을 함께 종합적으로 고려할 필요가 있기 때문에 재산분할 사건을 비송사건으로 정한 것으로 이해되고, 그 취지는 제도의 운영에서도 충분히 고려되어 마땅하다.  적극재산이라도 그것이 부부 공동의 노력으로 형성된 것인지를 가려내는 것은 쉽지 아니하고, 특히 어느 일방의 특유재산임에도 상대방이 그 유지에 협력한 기여가 있는지를 판별하기는 더욱 어렵지만 증거와 상식과 합리적 지성에 의하여 이를 가릴 수밖에 없다. 혼인생활 중 형성된 채무도 마찬가지다. 그 갈래를 잡아야 할 필요가 있으면 고려할 수 있는 모든 사정을 참작하여 법원에서 정리를 해 주는 것이 재산분할 제도의 취지나 정신에 어긋나는 것이라고 할 수 없고, 오히려 그것이 그 취지를 적극적으로 살리는 길이다. 또한 그 방도 외에는 법률적·현실적으로 달리 합리적으로 이를 정리할 수 있는 방안도 마땅하지 아니하다. 재산분할 청구에서 배척된 채무의 분담을 민사소송을 통하여 부당이득 반환 등의 일반 법리에 따라 실현한다는 것은 아마도 일상가사로 인한 채무 등 지극히 좁은 범위에서 예외적인 경우에나 성공할 수 있을 뿐일 것이다.  지금 우리 사회의 현실을 보면 남자들의 사회경제적 활동이 더 활발한 가정이 많다고 할 수 있을 것이다. 그리고 가정경제가 파탄에 이른 것이 남편의 사업실패 등으로 인한 채무가 그 주요한 원인이 된 경우도 물론 존재한다. 그러나 그러한 채무가 이혼하는 아내, 특히 전업주부였던 아내에게 분담시킬 대상이 되는 채무, 즉 다수의견에서 적시한 바와 같이 부부 공동재산의 형성에 수반하여 부담한 것이거나 부부의 공동생활관계에서 필요한 비용 등을 조달하는 과정에서 부담한 채무에 해당한다고 할 것인지는 각 사건의 구체적 사정에 따라 신중하게 판단하여야 한다. 그리하여 그야말로 비송사건의 성질에 맞게 제반 사정을 종합하여 합당하고 적정한 수준에서 판단이 이루어진다면, 채무의 분담을 인정한다고 하여 곧 여성인권에 대한 억울한 압박이라는 부작용이 우려할 정도로 나타날 것이라고는 생각되지 아니한다.  다른 한편으로는 채무의 분할을 원천적으로 봉쇄하는 것이 오히려 여성의 지위를 더 어렵게 만드는 경우도 얼마든지 있을 수 있다. 당장 이 사건의 경우만 보더라도, 아내인 반소원고만 빚을 지고 있고 남편인 반소피고는 적은 금액이나마 적극재산을 지니고 있어 아내가 그 명의로 된 채무의 분담을 요구하고 있는 것이다.  라. 한편 채무에 대한 재산분할을 인정할 경우에는 판결에서 어떤 방식으로 그 분담을 명할 것인가 하는 소송실무적 문제에 직면하게 된다. 재산분할 판결에서 채무의 인수를 명한들 제3자인 채권자에 대한 관계에서 직접적으로 효력이 생기는 것도 아니고, 채무부담의 차이에 상응한 금전지급을 명한다고 하더라도 상대방은 대개 이미 채무초과 상태이니 즉시 집행하여 권리를 실현할 수 있을 것으로 기대하기 어렵다는 한계가 있다. 그러나 다수의견에서 적시한 바와 같은 채무의 성질, 채권자와의 관계, 물적 담보의 존부뿐만 아니라 적극재산과 채무의 연관성, 채무의 변제기, 이혼 당사자의 경제적 활동능력 등 여러 사정을 감안하면, 구체적 사건에서 채무의 인수를 명하는 방식이나 금전지급을 명하는 방식 또는 그 혼합적 형태 등 다양한 방법으로 적합한 재산분할 방식을 찾을 수 있을 것이고, 이야말로 비송사건에서 발휘될 수 있는 유연한 판단을 위한 여유 공간이다.  재산분할의 판결에서 채무의 인수를 명한 경우에도 그것이 바로 면책적 채무인수의 효과를 생기게 하지는 못하지만, 적어도 제3자를 위한 계약 또는 병존적 채무인수의 효과는 생길 수 있다(대법원 2010. 5. 13. 선고 2009다105222 판결 등 참조). 어차피 채무자의 무자력으로 자기 채권의 현실적 만족을 얻지 못하고 있는 채권자로서는 가능한 한 자기 채권의 만족가능성을 넓히려고 할 것이므로 중첩적 채무인수의 가능성을 외면할 리 없다.  나아가 이혼 이후 채무의 본래 명의자가 채권자에게 변제를 한 경우에도 재산분할 판결은 상대방에 대한 구상 청구를 할 수 있는 확실한 법적 근거가 될 수 있다. 당장 상대방에게 집행할 재산이 없다고 하더라도 향후 그러한 상태가 지속될 것이라고 단정할 수 없다. 장차 채무초과의 상태에서 벗어나는 경우에 대비하여 그에게 혼인생활 중의 채무를 분담하도록 하는 것은 얼마든지 실효성을 가질 수 있다. 특히 이혼의 경우 재산분할청구권은 “이혼한 날부터 2년을 경과”함으로써 소멸한다(민법 제839조의2 제3항). 그리고 이는 제척기간으로 이해되고 있다. 그러므로 그 2년 내에 권리를 행사하지 않으면 그 동안 어떠한 사정이 있었든 상관없이 기간이 경과함으로써 권리는 확정적으로 소멸한다. 이러한 사태를 용인하는 것과 비록 현재는 소극재산이 많더라도 일단 재산분할로 채무의 분담을 허용하여 장래의 재산관계의 변화에 대응할 수 있도록 하는 것 중 어느 것이 재산분할 제도의 취지에 부합하는지는 자명하다고 생각한다.  마. 채무의 태양이 다양하여 적절한 재산분할 비율을 정하기가 어렵다거나 채무의 존부에 관한 다툼이 가열되어 심리의 부담이 가중된다는 등의 우려도 모든 재산분할 사건에서 일반적으로 일어날 수 있는 현상이지 채무분할의 경우에만 특유한 것이 아니다. 현재도 채무의 존재와 내용 등은 재산분할 청구 사건에서 끊임없이 제기되는 공격방법으로서, 반대의견이 제기하는 바와 같은 부담이나 법적 문제 등은 마찬가지로 법원에 의하여 다루어지고 있다. 다수의견처럼 채무분할의 길을 터주는 것이 법률적·현실적 어려움을 다소 가중시킬 수는 있다. 그러나 그러한 사정은 그것대로 달리 대처하여야 할 일이지 이를 이유로 제도의 작동 자체를 가로막아서 해결할 일은 아니다. 제도가 얼마나 성숙하고 원만하게 운영되느냐는 제도 자체의 적용범위를 어떻게 이해할 것인가 하는 것과는 전혀 다른 차원의 문제인 것이다.  이상으로 다수의견에 대한 보충의견을 밝혀 둔다.대법원장 양승태(재판장) 양창수 신영철 민일영 이인복 이상훈 박병대(주심) 김용덕 박보영 고영한 김창석 김신 김소영 "
179407,손해배상(이혼),2012르1078,대구가정법원,내용없음,"원고, 피항소인 겸 부대항소인 피고, 항소인 겸 부대피항소인 제1심판결 대구가정법원 안동지원 2012. 8. 30. 선고 2011드단2518 판결변론종결2013. 5. 9.주    문1. 제1심 판결을 아래와 같이 변경한다.  가. 피고는 소외인과 연대하여 원고에게 10,000,000원 및 이에 대한 2012. 2. 24.부터 2013. 5. 23.까지는 연 5%의, 그 다음날부터 다 갚는 날까지는 연 20%의 각 비율로 계산한 돈을 지급하라.  나. 원고의 나머지 청구를 기각한다. 2. 소송총비용 중 1/2은 원고가, 나머지는 피고가 각 부담한다. 3. 제1의 가.항은 가집행할 수 있다. 청구취지, 항소취지 및 부대항소취지1. 청구취지  피고는 원고에게 30,000,000원 및 이에 대한 이 사건 소장부본 송달 다음날부터 다 갚는 날까지 연 20%의 비율로 계산한 돈을 지급하라. 2. 항소취지  제1심 판결 중 피고 패소부분을 취소하고, 위 취소부분에 해당하는 원고의 청구를 기각한다. 3. 부대항소취지  제1심 판결 중 아래에서 지급을 명하는 부분에 해당하는 원고 패소부분을 취소한다. 피고는 원고에게 7,000,000원 및 이에 대한 이 사건 항소장부본 송달 다음날부터 다 갚는 날까지 연 20%의 비율로 계산한 돈을 지급하라. 이    유1. 인정사실  이 법원이 이 부분에 관하여 설시할 이유는 제1심 판결의 이유 부분 기재와 같으므로, 가사소송법 제12조, 민사소송법 제420조 본문에 의하여 이를 그대로 인용한다.2. 판단  위 인정사실에 의하면, 피고와 소외인의 부정한 행위로 인하여 원고와 소외인의 혼인관계가 파탄에 이르렀다고 봄이 상당하고, 이로 인하여 원고가 정신적 고통을 받았을 것임은 경험칙상 명백하므로, 피고는 원고에게 이를 금전적으로나마 위자하여 줄 의무가 있다 할 것인데, 피고가 소외인을 만나게 된 경위 및 기간, 원고와 소외인의 혼인기간, 파탄경위 등 이 사건 변론과정에 나타난 제반 사정을 참작하여 보면, 피고가 소외인과 연대하여 원고에게 지급하여야 할 위자료의 액수는 10,000,000원으로 정함이 상당하다.  따라서 피고는 소외인과 연대하여 원고에게 10,000,000원 및 이에 대한 이 사건 소장부본 송달 다음날인 2012. 2. 24.부터 피고가 그 이행의무의 존재 여부 및 범위에 관하여 항쟁함이 타당하다고 인정되는 당심 판결선고일인 2013. 5. 23.까지는 민법이 정한 연 5%의, 그 다음날부터 다 갚는 날까지는 소송촉진 등에 관한 특례법이 정한 연 20%의 각 비율로 계산한 돈을 지급할 의무가 있다. 3. 결론  그렇다면, 원고의 이 사건 청구는 위 인정범위 내에서 이유 있어 이를 인용하고, 나머지 청구는 이유 없어 이를 기각할 것인바, 제1심 판결은 이와 결론을 일부 달리하여 부당하므로 원고의 부대항소를 일부 받아들여 제1심 판결을 위와 같이 변경한다. 판사 김태천(재판장) 김유성 김정운 "
176126,이혼등,2012르231,대전고등법원,내용없음,"원고, 피항소인 겸 항소인 피고, 항소인 겸 피항소인 사건본인 제1심판결 대전가정법원 2012. 8. 6. 선고 2012드합733 판결변론종결2013. 4. 11.주    문   1. 재산분할, 양육비에 관한 제1심 판결을 다음과 같이 변경한다.     가. 피고는 원고에게 재산분할로 60,550,000원 및 이에 대하여 이 판결 확정 다음날부터 갚는 날까지 연 5%의 비율로 계산한 금원을 지급하라.     나. 피고는 원고에게,        (1) 사건본인들의 과거 양육비로 30,000,000원을 지급하고,       (2) 사건본인들의 장래 양육비로 2013. 5. 10.부터 사건본인 1이 성년이 되기 전날까지는 매월 1,600,000원, 그 다음날부터 사건본인 2가 성년이 되기 전날까지는 매월 800,000원을 매월 말일에 지급하라.   2. 원고의 나머지 항소와 피고의 항소를 각 기각한다.   3. 항소비용은 각자 부담한다.청구취지 및 항소취지   1. 청구취지  가. 원고와 피고는 이혼한다.  나. 피고는 원고에게,    (1) 위자료로 50,000,000원 및 이에 대하여 소장 송달 다음날부터 갚는 날까지 연 20%의 비율에 의한 금원을    (2) 재산분할로 221,381,078원 및 제1심 판결 확정 다음날부터 갚는 날까지 연 5%의 비율에 의한 금원을    각 지급하라.  다. 사건본인들에 대한 친권자 및 양육자로 원고를 지정한다.  라. 피고는 원고에게 사건본인들의 과거 양육비로 40,000,000원, 장래양육비로 2012. 6. 1.부터 사건본인들이 각 성년에 이르기 전날까지 사건본인 1인당 1,000,000원씩을 매월 말일에 지급하라.2. 항소취지  가. 원고    제1심 판결 중 아래에서 지급을 명하는 부분에 해당하는 원고 패소부분을 취소한다. 피고는 원고에게 위자료로 30,000,000원 및 이에 대하여 2010. 10. 28.부터 갚는 날까지 연 20%의 비율에 의한 금원을 지급하라. 피고는 원고에게 재산분할로 167,381,078원 및 이에 대하여 이 판결 확정 다음날부터 갚는 날까지 연 5%의 비율에 의한 금원을 지급하라. 피고는 원고에게 사건본인들의 과거 양육비로 28,000,000원을, 장래양육비로 2012. 6. 1.부터 사건본인들이 각 성년에 이르기 전날까지 사건본인 1인당 100만 원씩을 매월 말일에 지급하라.  나. 피고    제1심 판결 중 피고 패소부분을 취소하고, 위 취소부분에 해당하는 원고의 청구를 기각한다.이    유1. 이혼 및 위자료 청구에 관한 판단  가. 제1심 판결 이유의 인용    이 법원이 이 부분에 관하여 설시할 이유는, 아래와 같은 판단을 추가하는 것 이외에는 제1심 판결 이유 해당부분 기재와 같으므로, 가사소송법 제12조 본문, 민사소송법 제420조 본문에 의하여 이를 그대로 인용한다.  나. 추가판단사항    원고는, 피고가 원고에게 생활비를 지급하지 아니하는 등 악의의 유기를 하고, 원고의 직계존속에 대하여 부당한 대우를 하였으며, 피고의 직계존속인 시어머니가 원고에 대하여 부당한 대우를 하였다는 것 역시 이혼사유에 해당하고, 그러한 사정도 위자료 액수를 정함에 있어 참작되어야 한다는 취지로 주장한다.    살피건대, 갑 4호증의 2, 갑 38, 39호증, 갑 40호증의 1, 갑 41호증의 각 기재만으로는 원고가 주장하는 악의의 유기, 원고의 직계존속에 대한 피고의 부당한 대우 내지 시어머니의 원고에 대한 부당한 대우 등의 사실을 인정하기에 부족하고, 달리 이를 인정할 만한 증거가 없으므로, 원고의 위 주장은 이유 없다.2. 재산분할 청구에 관한 판단  가. 재산형성 경위    (1) 원고는 교사로서 월 수입은 약 280만 원이고, 피고는 연구원으로서 월 수입은 약 460만 원이다.    (2) 원·피고는 혼인 당시 피고의 모 소외 1로부터 증여받은 전세자금 3,520만 원과 원·피고가 모은 돈을 합하여 2003. 8.경 원고 명의로 청주시 상당구 (주소 1 생략)를 7,200만 원에 매수하였다.    (3) 소외 1은 2005. 3.경 대전 중구 (주소 2 생략)를 매수하였는데, 이 때 원·피고는 소외 1에게 위 ○○아파트의 임대차보증금으로 받은 7,500원에 보유자금을 합한 1억 1,000만 원을 위 △△아파트 매수자금에 보태주었다.    인정근거 갑 18, 23, 24호증, 을 12호증(가지번호 있는 것은 각 가지번호 포함)의 각 기재, 제1심 가사조사관 작성의 조사보고서 내용, 변론 전체의 취지  나. 분할대상 재산 및 그 가액    (1) 분할대상 재산 : 별지 1 재산분할 대상목록 기재와 같다.    (2) 분할대상 재산의 가액      ○ 원고의 순재산 : 54,721,327원      ○ 피고의 순재산 : 233,453,784원      ○ 원·피고의 순재산 합계액 : 288,175,111원(= 54,721,327원＋233,453,784원)  다. 분할대상 재산에 대한 당사자들의 주장에 관한 판단    별지 2 불인정재산명세표 중 ‘당사자의 주장 및 판단’란 기재와 같다.  라. 재산분할의 비율 및 방법    (1) 재산분할 비율 : 원고 40%, 피고 60%    판단근거 혼인 기간, 분할대상 재산의 형성과 유지에 대한 원·피고의 기여 정도, 원고와 피고의 연령, 직업 등 이 사건 변론에 나타난 제반사정 참작    (2) 재산분할의 방법 : 원·피고 명의의 적극재산은 그 소유명의대로 소유권을 확정하고, 재산분할비율에 따라 원고에게 귀속되어야 할 금액 중 부족한 부분을 피고가 원고에게 현금으로 지급하는 것으로 정한다.    (3) 피고가 원고에게 지급하여야 할 재산분할금 : 60,550,000원      계산근거        ① 원·피고의 순재산 합계액 중 재산분할비율에 따른 원고의 몫 : 115,270,044원(=원·피고의 순재산 합계 288,175,111원 × 원고의 기여도 40%, 원 미만 버림. 이하 같다)        ② 위 ①의 금액에서 원고의 순재산을 공제한 금액 : 60,548,717원(= 115,270,044원-54,721,327원)        ③ 피고가 원고에게 지급하여야 할 재산분할금 : 위 ②의 금액을 약간 상회하는 60,550,000원  마. 소결    따라서, 피고는 원고에게 재산분할로 60,550,000원 및 이에 대하여 이 판결이 확정된 다음날부터 다 갚는 날까지 민법이 정한 연 5%의 비율로 계산한 지연손해금을 지급할 의무가 있다.3. 친권자 및 양육자 지정, 양육비 청구에 관한 판단  가. 친권자 및 양육자 지정 청구    사건본인들의 연령, 양육 현황, 원·피고의 경제적 사정 및 의사 기타 이 사건 변론 과정에서 나타난 제반사정을 참작하면, 원고가 사건본인들에 대한 친권을 행사하고 양육하는 것이 사건본인들의 원만한 성장과 복지를 위하여 바람직하다고 보이므로, 사건본인의 친권자 및 양육자로 원고를 지정한다.  나. 양육비 청구    (1) 한 쪽의 양육자가 양육비를 청구하기 이전의 과거의 양육비 모두를 상대방에게 부담시키게 되면 상대방은 예상하지 못하였던 양육비를 일시에 부담하게 되어 지나치고 가혹하며 신의성실의 원칙이나 형평의 원칙에 어긋날 수도 있으므로, 이와 같은 경우에는 반드시 이행청구 이후의 양육비와 동일한 기준에서 정할 필요는 없고, 부모 중 한 쪽이 자녀를 양육하게 된 경위와 그에 소요된 비용의 액수, 그 상대방이 부양의무를 인식한 것인지 여부와 그 시기, 그것이 양육에 소요된 통상의 생활비인지 아니면 이례적이고 불가피하게 소요된 다액의 특별한 비용(치료비 등)인지 여부와 당사자들의 재산 상황이나 경제적 능력과 부담의 형평성 등 여러 사정을 고려하여 적절하다고 인정되는 분담의 범위를 정할 수 있다(대법원 1994. 5. 13.자 92스21 전원합의체 결정 등 참조).    (2) 이 사건 기록에 의하면, 원고는 사건본인 2를, 피고는 사건본인 1을 양육하다가, 2010. 9. 말경부터는 원고가 사건본인들을 모두 양육하고 있는 사실이 인정되는바, 피고는 원고에게 2010. 10. 1.부터의 사건본인들의 과거 양육비를 부담할 의무가 있고, 원·피고의 연령, 직업과 재산상태, 사건본인들의 연령과 양육 상황, 피고에게 과거 양육비의 일시금 지급을 명할 경우에 예상되는 경제적 부담, 그 밖에 이 사건 기록 및 심문 전체의 취지에서 알 수 있는 여러 사정들을 앞서 본 법리에 비추어 살펴보면, 피고는 원고에게, ① 원고가 구하는 2010. 10. 1.부터 이 판결 선고일인 2013. 5. 9.까지의 사건본인들의 과거 양육비로 3,000만 원을 지급하고, ② 사건본인들의 장래 양육비로 2013. 5. 10.부터 사건본인 1이 성년이 되기 전날까지는 매월 160만 원, 그 다음날부터 사건본인 2가 성년이 되기 전날까지는 매월 80만 원을 매월 말일에 지급하는 것으로 정함이 상당하다.4. 결론  그렇다면, 원고의 이혼 청구는 이유 있어 이를 인용하고, 위자료 청구는 위 인정범위 내에서 이유 있어 이를 인용하며, 나머지 위자료 청구는 이유 없어 이를 기각하고, 재산분할 청구, 친권자 및 양육자 지정 청구, 양육비 청구에 관하여는 위와 같이 정함이 상당하다. 그런데 재산분할 및 양육비에 관한 제1심 판결은 이와 결론을 달리하여 부당하므로 원고의 항소를 일부 받아들여 이 부분에 관한 제1심 판결을 위와 같이 변경하고, 이혼과 위자료, 친권자 및 양육자 지정 청구에 관한 제1심 판결은 이와 결론을 같이하여 정당하고, 원고의 나머지 항소와 피고의 항소는 이유 없으므로 이를 모두 기각하기로 하여, 주문과 같이 판결한다.별지 생략판사 이승훈(재판장) 유선주 김선용 "
169585,이혼 및 위자료·재산분할·이혼 및 위자료등,2012르3326,서울고등법원,"甲이 매월 수령하는 공무원연금(퇴직연금)이 이혼 시 재산분할의 대상이 되는지 문제 된 사안에서, 공무원연금(퇴직연금)은 사회보장적 급여의 성격뿐만 아니라 임금 후불의 성격을 갖는 것이므로 부부 공동의 협력으로 이룩한 재산이라고 보아야 하는 점, 퇴직금을 일시금으로 수령한 경우에는 재산분할의 대상이 될 수 있음에도 연금 형태로 수령하는 경우에는 재산분할의 대상이 될 수 없다고 하는 것은 수령자의 선택에 의하여 재산분할의 대상에 포함되거나 포함되지 않게 되어 불합리한 점, 공무원연금(퇴직연금) 외에 별다른 재산이 없는 경우 이를 재산분할의 대상에서 제외한다면 사실상 재산분할을 인정하지 않는 것과 같은 결과를 가져오는 점, 국민연금법에 따른 급여 중 노령연금에 관하여는 일정한 요건하에 이혼한 배우자를 분할연금의 수급권자로 인정하여 혼인기간에 해당하는 연금액을 균등하게 나눈 금액을 지급받도록 규정하고 있는 것(국민연금법 제64조)과의 균형 등을 종합하여 공무원연금(퇴직연금)은 재산분할 대상으로 삼아야 한다고 하면서, 甲이 장래 연금을 받을 수 있다는 사정을 재산분할비율을 결정할 때 기타 사정으로 참작한 사례.","원고(반소피고), 피항소인 겸 부대항소인 피고(반소원고), 항소인 겸 부대피항소인 사건본인(반소원고) 제1심판결 서울가법 2012. 10. 10. 선고 2011드합3701 판결변론종결2013. 3. 7.주    문   1. 본소 및 반소 재산분할 청구에 관한 제1심판결을 다음과 같이 변경한다.     피고(반소원고)는 원고(반소피고)에게,       가. 별지 부동산목록 기재 각 부동산에 관하여 이 판결 확정일자 재산분할을 원인으로 한 소유권이전등기절차를 이행하고,       나. 재산분할로 393,000,000원 및 이에 대한 이 판결 확정일 다음날부터 다 갚는 날까지 연 5%의 비율로 계산한 금원을 지급하라.   2. 원고(반소피고)의 부대항소와 피고(반소원고)의 나머지 항소를 각 기각한다.   3. 제1, 2심 소송비용은 본소와 반소를 합하여 40%는 원고(반소피고)가, 60%는 피고(반소원고)가 각 부담한다.청구취지, 항소취지 및 부대항소취지   1. 청구취지     가. 본소       원고(반소피고, 이하 ‘원고’라고만 한다)와 피고(반소원고, 이하 ‘피고’라고만 한다)는 이혼한다. 피고는 원고에게 위자료로 50,000,000원과 이에 대하여 이 사건 소장 부본 송달 다음날부터 다 갚는 날까지 연 20%의 비율로 계산한 돈을 지급하라. 피고는 원고에게 재산분할로 1,200,000,000원과 이에 대하여 이 판결 확정일 다음날부터 다 갚는 날까지 연 20%의 비율로 계산한 돈을 지급하라. 피고는 원고에게 양육비로 이 판결 선고일이 속한 달부터 사건본인이 성년이 되기 전날까지 3,000,000원씩을 매월 말일에 지급하라.     나. 반소       피고와 원고는 이혼한다. 원고는 피고에게 위자료로 50,000,000원과 이에 대하여 이 사건 반소장 부본 송달 다음날부터 다 갚는 날까지 연 20%의 비율로 계산한 돈을 지급하라. 원고는 피고에게 재산분할로 429,615,751원과 이에 대하여 이 판결 확정일 다음날부터 다 갚는 날까지 연 20%의 비율로 계산한 돈을 지급하라. 사건본인의 친권자 및 양육자로 피고를 지정한다.   2. 항소취지     제1심판결 중 이혼 청구, 위자료 청구, 재산분할 청구, 양육비 청구 부분을 다음과 같이 변경한다. 본소와 반소에 의하여 원고와 피고는 이혼한다. 원고의 위자료 청구를 기각한다. 원고의 재산분할 청구를 기각한다. 피고는 원고에게 사건본인의 양육비로 2012. 10.부터 사건본인이 성년에 달하기 전날까지 월 1,500,000원씩을 매월 말일에 지급하라.   3. 부대항소취지     제1심판결 중 재산분할 청구, 양육비 청구, 면접교섭 부분을 다음과 같이 변경한다. 피고는 원고에게 재산분할로 1,200,000,000원과 이에 대하여 이 판결 확정일 다음날부터 다 갚는 날까지 연 5%의 비율로 계산한 돈을 지급하라. 피고는 원고에게 사건본인의 양육비로 2012. 10.부터 사건본인이 성년에 달하기 전날까지 월 3,000,000원씩을 매월 말일에 지급하라. 피고는 매월 넷째주 토요일 12:00부터 17:00까지 사건본인을 면접교섭할 수 있다.이    유  1. 이 법원의 심판범위  피고는 제1심판결 중 이혼, 위자료, 재산분할 및 양육비 청구 부분에 대하여만 항소하였고, 원고는 제1심판결 중 재산분할, 양육비 청구 및 면접교섭 부분에 대하여만 부대항소하였으므로, 이 법원의 심판대상은 친권자 및 양육자 지정 청구 부분을 제외한 이혼, 위자료, 재산분할, 양육비 청구 및 면접교섭 부분에 한정된다.  2. 본소 및 반소 각 이혼 및 위자료 청구에 관한 판단  이 법원에서 이 부분에 관하여 설시할 이유는 제1심판결 이유 해당 부분 기재와 같으므로, 가사소송법 제12조, 민사소송법 제420조 본문에 의하여 이를 그대로 인용한다.  3. 본소 및 반소 재산분할 청구에 관한 판단  이 법원에서 이 부분에 관하여 설시할 이유는 아래와 같이 고쳐 쓰거나 추가 판단하는 부분을 제외하고는 제1심판결 이유 해당 부분 기재와 같으므로, 가사소송법 제12조, 민사소송법 제420조 본문에 의하여 이를 인용한다.  추가 판단 부분  ○ 제1심 판결문 제10쪽 제1행 아래에 아래 내용을 추가한다.  “- 당심에서의 주장 및 판단  ① 원고의 언니 소외 1에 대한 차용금 채무 2,000만 원  원고는 이혼을 결심하고 가출한 후인 2011. 6.경 신반포 아파트를 수리하고 가구, 집기 등을 새로 장만해야 했으며, 신반포 아파트에 들어가기 전 약 2달 동안 임시로 거처한 오피스텔 월세(200만 원)와 두 번의 이사비용(약 200만 원) 등의 지출을 위하여 언니인 소외 1로부터 2,000만 원을 차용하였으므로 위 채무는 원고의 소극재산으로서 재산분할의 대상에 포함되어야 한다고 주장한다.  살피건대, 갑 제37호증의 2, 갑 제47호증, 갑 제77 내지 79호증(가지번호 포함)의 각 기재만으로는 원고가 현재 언니 소외 1에 대하여 위 채무를 부담하고 있음을 인정하기에 부족하고 달리 이를 인정할 증거가 없을 뿐만 아니라, 원고 주장에 의하더라도 원고가 가출한 이후에 발생한 채무로 부부공동재산의 유지, 형성을 위한 것이라고 보기 어렵다. 따라서 이는 분할대상재산에 해당하지 않으므로, 원고의 위 주장은 이유 없다.  ② 원고의 우리은행 대출금 채무 1,500만 원과 원고의 남동생 소외 2에 대한 차용금 채무 900만 원  원고는 우리은행에서 1,500만 원을 대출받아 그중 500만 원을 유학 중인 아들 소외 3에게 송금하고, 나머지는 사건본인의 양육비로 지출하였으며, 추가로 원고의 남동생 소외 2로부터 900만 원을 빌려 사건본인의 양육비로 지출하였으므로, 위 각 채무는 원고의 소극재산으로서 재산분할의 대상에 포함되어야 한다고 주장한다.  먼저 우리은행 대출금 채무 1,500만 원에 관하여 보건대, 갑 제56호증의 1, 2, 제57호증, 제58호증의 1, 2, 제65호증의 2의 각 기재에 변론 전체의 취지를 종합하면, 원고는 2012. 2. 1. 우리은행에서 1,500만 원을 대출받아 2012. 2. 3. 아들 소외 3에게 위 대출금 중 4,999,904원을 유학경비로 송금하고 나머지 돈 중 일부를 사건본인의 발레 레슨비, 과외비 등 양육비로 사용한 사실은 인정되나, 원고가 위 대출금 중 일부를 자녀들에 대한 부양료 또는 양육비로 사용하였다고 하더라도 원고는 자녀들인 아들 소외 3과 사건본인의 어머니로서 원고에게도 자녀들에 대한 부양료 또는 양육비의 일정 부분을 부담할 의무가 있는 점 및 그 지출액수 등을 고려하면 원고는 자신의 부담 부분에 해당하는 의무를 이행한 것으로 보는 것이 상당하고, 그 밖에 위 대출금에서 주장과 같은 유학경비, 양육비 등을 제외한 나머지 대출금을 모두 사건본인의 양육비로 사용하였음을 인정할 증거가 없으므로 결국 위 대출금 채무는 재산분할에서 포함시킬 소극재산에 해당하지 않는다고 보는 것이 타당하다.  다음 원고의 남동생 소외 2에 대한 차용금 채무 900만 원에 관하여 보건대, 갑 제67호증의 1의 기재에 의하면, 원고는 2012. 5. 8. 남동생 소외 2로부터 900만 원을 송금받은 사실은 인정되나, 위 돈은 그 사용처 및 변제 여부가 명확하지 아니하므로 위 차용금 채무를 분할대상재산에 해당한다고 볼 수 없다.  따라서 원고의 위 주장도 이유 없다.  ③ 피고의 외환은행(계좌번호 생략) 예금 15,966,409원(별지 분할재산명세표 피고의 적극재산 순번 48항 기재 예금)  피고는 위 예금액을 소외 4에게 유학경비로 송금하였으므로 재산분할의 대상에서 제외되어야 한다고 주장함에 대하여, 원고는 피고가 아들 소외 3에게는 2011. 7. 이후부터 일체 유학경비를 송금해 주지 않으면서도 전처의 딸 소외 4에게는 월 평균 340만 원 상당을 송금해 주고 있었는데, 혼인파탄 이후인 2011. 12. 8.에 위 계좌를 해지하여 예금액 전부를 소외 4에게 송금하였으므로 위 예금액은 피고의 적극재산으로 재산분할의 대상이라고 주장한다.  살피건대, 재판상 이혼을 전제로 한 재산분할에 있어 분할의 대상이 되는 재산과 그 액수 산정의 기준시기는 원칙적으로 이혼소송의 사실심 변론종결 시를 기준으로 하여야 할 것이지만, 혼인관계가 파탄에 이른 시점부터 사실심 변론종결 시까지 부부 중 어느 한쪽이 금융계좌에서 돈을 인출하는 등 재산을 일방적으로 처분한 경우 그 용도가 생활비나 양육비, 부부공동재산의 형성, 유지비용 등으로 사용되었음이 밝혀진 경우 외에는 위와 같이 처분한 재산을 재산분할의 대상에 포함시키는 것이 상당하다고 할 것인바, 원·피고의 별거일인 2011. 5. 20.경 위 계좌의 잔고가 15,966,409원인 사실은 앞서 본 바와 같고, 을 제18호증의 2, 3의 각 기재에 의하면, 피고는 2011. 12. 8. 위 계좌를 해지하여 예금액 전부(14,972.79불)를 인출한 다음 유학 중인 자녀 소외 4에게 송금한 사실을 인정할 수 있으나, 한편 이 사건의 경우 앞서 든 증거들과 을 제18호증의 1의 기재에 변론 전체의 취지를 종합하여 알 수 있는 사정들 즉, 피고가 유학경비를 지급한 자녀 소외 4이 당시 이미 성년이었던 점, 위 예금액 송금일인 2011. 12. 8. 이전에 피고는 원·피고의 아들 소외 3에게는 2010년 19,300불과 2011년 9,800불을 송금하였을 뿐인 반면, 전처의 딸 소외 4에게는 2010년 27,268불과 2011년 30,000불을 송금한 점, 특히 피고는 이 사건 소송 중이던 2011. 7. 이후부터 소외 3에 대한 일체의 유학경비 지원을 하지 않고 있던 상황이었던 점 등을 종합해 보면, 원·피고의 별거일인 2011. 5. 20. 이후 피고가 소외 4에게 송금한 위 예금액은 자녀에 대한 유학경비로서 부부공동생활비용에 해당한다고 보기 어려우므로, 위 예금은 분할대상재산에 포함시키는 것이 타당하다.  따라서 원고의 위 주장은 이유 있고, 피고의 위 주장은 이유 없다.  ④ 원고가 매월 수령하는 퇴직연금  피고는, 원고가 매월 수령하는 퇴직연금도 재산분할의 대상이 되어야 한다는 취지로 주장한다.  살피건대, 공무원연금(퇴직연금)은 사회보장적 급여로서의 성격뿐만 아니라 임금의 후불로서의 성격을 갖는 것이므로 부부 공동의 협력으로 이룩한 재산이라고 보아야 하는 점, 퇴직금을 일시금으로 수령한 경우에는 재산분할의 대상이 될 수 있음에도 불구하고, 연금의 형태로 수령하는 경우에는 재산분할의 대상이 될 수 없다고 하는 것은 같은 성격의 재산이 수령자의 선택에 의하여 재산분할의 대상에 포함되거나 포함되지 않게 되어 불합리한 점, 공무원연금(퇴직연금) 외에 별다른 재산이 없는 경우 이를 재산분할의 대상으로부터 제외한다면 사실상 재산분할을 인정하지 않는 것과 같은 결과를 가져오는 점, 국민연금법에 따른 급여 중 노령연금에 관하여는 일정한 요건하에 이혼한 배우자를 분할연금의 수급권자로 인정하여 혼인기간에 해당하는 연금액을 균등하게 나눈 금액을 지급받도록 규정하고 있는 것(국민연금법 제64조)과의 균형 등을 종합하면 공무원연금(퇴직연금)은 재산분할 대상으로 삼는 것이 상당하다.  나아가 구체적인 재산분할방법에 관하여 보건대, 첫째, 대법원판례의 입장과 같이 민법 제839조의2 제2항 소정의 재산분할의 비율을 정하는 데 필요한 ‘기타 사정’으로 참작하는 방법, 둘째, 부양적 요소를 고려하여 정기적으로 지급을 명하는 방법, 셋째, 원고가 장래 수령할 연금을 현재의 가치로 환산하여 그중 일정 비율의 분할을 명하는 방법을 고려할 수 있는데, 원·피고의 공동재산 대부분이 피고 명의로 되어 있어서 뒤에서 보는 바와 같이 현물분할과 대상분할을 절충한 방식으로 재산을 분할할 경우 피고가 원고에게 기여도에 부족한 부분만큼 현금으로 정산할 수 밖에 없는 점, 원·피고 사이의 향후 경제적 능력이나 전망의 차이 등에 비추어 보면 이 사건의 경우 원고가 장래 연금을 받을 수 있다는 사정을 재산분할비율을 결정함에 있어 기타 사정으로 참작하는 방법이 상당하다고 판단된다.  고쳐 쓰는 부분  ○ 제1심 판결문 제10쪽 제2행부터 제10쪽 제21행까지를 아래와 같이 고쳐 쓴다.  “라. 재산분할의 비율과 방법  1) 민법 제839조의2 제2항의 취지에 비추어 볼 때, 재산분할비율은 개별재산에 대한 기여도를 일컫는 것이 아니라 기여도 기타 모든 사정을 고려하여 전체로서의 형성된 재산에 대하여 상대방 배우자로부터 분할받을 수 있는 비율을 일컫는 것이라고 봄이 상당하고, 재산분할의 방법이나 그 비율 또는 액수는 당사자 쌍방의 협력으로 이룩한 재산의 액수 기타의 사정을 참작하여 법원이 정하면 되는 것인바, 이 법원은 후견적 입장에서 앞에서 살핀 바와 같은 분할대상 재산의 형성경위 및 그 형성·유지에 대한 원·피고의 기여도, 원·피고의 혼인기간, 혼인파탄의 원인과 책임, 원·피고의 연령과 직업, 재산상태 기타 모든 사정을 두루 참작하여 다음과 같이 구체적인 재산분할의 비율 및 방법을 정하기로 한다.  2) 먼저 재산분할의 비율에 대하여 살피건대, 피고가 원고의 퇴직연금을 현재 가치로 환산하면 368,884,567원에 달한다고 주장하고 있는 이 사건에 있어서 원고가 부부공동생활기간 동안 가사를 전담하는 외에 초등학교 보건교사로 근무하면서 가사비용의 조달에 협력한 점은 인정되나, 부부공동재산의 형성 및 유지에 대한 기여도에 있어서 피고에 비하여 그다지 크지 아니한 점에다 원고의 퇴직연금이 재산분할의 대상에 포함될 수 있다고 이 법원이 적극적 입장을 취하고 있는 점까지 아울러 고려해 보면 그 비율은 원고 45%, 피고 55%로 정함이 상당하다.  다음으로, 재산분할의 방법은 현물분할과 대상분할을 절충한 방식, 즉 피고가 원고에게 별지 부동산목록 기재 각 부동산(별지 분할재산명세표 피고의 적극재산 순번 2, 3기재 부동산과 같다, 이하 ‘이 사건 오피스텔 등’이라고 한다)의 소유권을 이전하고, 나머지 분할대상재산은 그 소유 명의대로 각자에게 확정적으로 귀속시키되, 그 결과 원고에게 귀속되는 가액이 그의 기여도에 따라 정당하게 배분되어야 할 재산가액에 부족한 부분이 있으면 그에 해당하는 부분을 피고가 원고에게 현금으로 정산하는 것으로 정하기로 한다.  3) 피고가 원고에게 지급하여야 하는 재산분할금: 이 사건 오피스텔 등 및 393,000,000원  계산식 가) 원·피고의 순재산 중 재산분할비율에 따른 원고의 몫              원·피고의 순재산 합계 3,109,356,564원 × 45% = 1,399,210,453원          나) 이 사건 오피스텔 등이 원고에게 이전되는 경우 원고의 순재산              615,000,000원 + 165,000,000원 + 226,461,000원 = 1,006,461,000원          다) 위 가)항의 금액에서 위 나)항의 금액을 공제한 금액              1,399,210,453원 - 1,006,461,000원 = 392,749,453원          라) 피고가 원고에게 지급하여야 하는 현금             위 다)항의 금액을 약간 상회하는 393,000,000원  마. 소결론  따라서 피고는 원고에게 재산분할로, 이 사건 오피스텔 등에 관하여 이 사건 판결 확정일자 재산분할을 원인으로 한 소유권이전등기절차를 이행하고, 393,000,000원과 이에 대하여 이 판결 확정일 다음날부터 다 갚는 날까지 민법이 정한 연 5%의 비율로 계산한 지연손해금을 지급할 의무가 있다.”  4. 본소 및 반소 각 친권자·양육자 지정 청구, 본소 양육비 청구, 면접교섭(직권)에 관한 판단  이 법원에서 이 부분에 관하여 설시할 이유는 제1심판결 이유 해당 부분 기재와 같으므로, 가사소송법 제12조, 민사소송법 제420조 본문에 의하여 이를 그대로 인용한다.  5. 결론  그렇다면 원고의 본소 이혼 및 위자료 청구는 모두 이유 있어 인용하고, 피고의 반소 이혼 및 위자료 청구는 모두 이유 없어 기각하며, 본소 및 반소 재산분할 청구와 본소 양육비 청구, 면접교섭에 관하여는 위와 같이 정하기로 할 것인바, 제1심판결 중 재산분할 청구 부분은 이와 결론을 일부 달리하여 부당하므로 피고의 항소를 일부 받아들여 본소 및 반소 재산분할 청구 부분을 위와 같이 변경하고, 원고의 부대항소와 피고의 나머지 항소는 각 이유 없어 이를 기각하기로 하여 주문과 같이 판결한다.별 지 1 부동산 목록: 생략별 지 2 분할재산명세표: 생략별 지 3 불인정재산명세표: 생략판사 김상준(재판장) 김지숙 주진암 "
182202,이혼,2012르754,대구가정법원,내용없음,"원고, 항소인 피고, 피항소인 제1심판결 대구가정법원 2012. 8. 22. 선고 2011드단29651 판결변론종결2012. 12. 7.주    문1. 원고의 항소를 기각한다.2. 항소비용은 원고가 부담한다.청구취지 및 항소취지제1심 판결을 취소한다. 원고와 피고는 이혼한다. 이    유1. 제1심 판결의 인용   이 법원이 이 사건에 관하여 설시할 이유는, 제1심 판결 제4면 제13행의 “갑 5, 6, 12, 13호증” 다음에 “갑 14호증”을 추가하고, 같은 면 제16행의 “2012. 12.경”을 “2011. 12. 30.경”으로 고치는 외에는 제1심 판결 이유 기재와 같으므로, 가사소송법 제12조 본문, 민사소송법 제420조 본문에 의하여 이를 그대로 인용한다. 2. 결론   그렇다면, 제1심 판결은 정당하므로 원고의 항소는 이유 없어 이를 기각하기로 하여, 주문과 같이 판결한다.   판사 김정도(재판장) 김경대 이영진 "
179357,손해배상(이혼),2011드단2518,대구가정법원안동지원,내용없음,"원    고 피    고 변론종결2012. 7. 26.주    문1. 피고는 원고에게 위자료로 3,000,000원과 이에 대하여 2012. 2. 24.부터 2012. 8. 30.까지는 연 5%, 그 다음날부터 갚는 날까지는 연 20%의 각 비율로 계산한 돈을 지급하라.2. 원고의 나머지 청구를 기각한다.3. 소송비용 중 90%는 원고가, 나머지는 피고가 각 부담한다.4. 제1항은 가집행할 수 있다.청구취지피고는 원고에게 위자료로 3,000만 원과 이에 대하여 이 사건 소장 송달 다음날부터 갚는 날까지 연 20%의 비율로 계산한 돈을 지급하라.이    유1. 인정사실  인정근거 ; 다툼 없는 사실, 갑 제1 내지 5호증(가지번호 포함)의 각 기재 또는 영상, 변론 전체의 취지  가. 원고는 1969. 6. 2. 소외인과 혼인하였는데, 2011. 2.경 외손자를 돌보기 위하여 셋째 딸의 집에 살게 되었다.  나. 소외인은 2011. 4.경부터 평소 알고 지내던 보험설계사인 피고와 자주 통화를 하면서 연락을 주고받았고, 피고는 그 무렵부터 소외인의 집을 밤 시간을 포함하여 수차례 방문하였다.  다. 원고는 2011. 7.경 이웃에 사는 친척으로부터 위와 같은 사실을 전해 듣고는 2011. 9.경 피고가 소외인의 집을 드나드는 것을 직접 목격하게 되었고, 2011. 11. 8. 소외인을 상대로 대구가정법원 안동지원 2011드단2341호로 이혼 및 위자료 등을 구하는 소를 제기하였다.2. 판단  위 인정사실에 의하면, 소외인이 원고가 없는 사이를 틈타 피고와 부적절한 관계를 유지한 것이 원인이 되어 원고와 소외인의 혼인관계가 파탄에 이르렀고, 이로 인하여 원고가 상당한 정신적 고통을 받았을 것임은 경험칙상 명백하므로, 피고는 원고에게 정신적 손해를 배상할 의무가 있는바, 소외인과 피고 사이의 부정행위 기간 및 그 경위, 위 부정행위가 원고와 소외인의 혼인관계 파탄에 영향을 미친 정도 등 이 사건 변론에 나타난 여러 사정을 종합하여 볼 때, 피고가 원고에게 지급할 위자료 액수는 300만 원으로 봄이 상당하다.  따라서 피고는 원고에게 300만 원과 이에 대하여 이 사건 소장 송달 다음날인 2012. 2. 24.부터 피고가 이행의무의 존부 및 범위에 관하여 항쟁함이 상당한 이 판결 선고일인 2012. 8. 30.까지는 민법에 정한 연 5%, 그 다음날부터 갚는 날까지는 소송촉진 등에 관한 특례법에 정한 연 20%의 각 비율로 계산한 지연손해금을 지급할 의무가 있다.3. 결론  그렇다면 원고의 청구는 위 인정범위 내에서 이유 있어 인용하고, 나머지 청구는 이유 없어 기각한다.판사 김창모 "
182203,이혼,2011드단29651,대구가정법원,내용없음,"원    고 피    고 변론종결2012. 7. 25.주    문1. 원고의 청구를 기각한다.2. 소송비용은 원고가 부담한다.청구취지원고와 피고는 이혼한다.이    유1. 원고의 주장   원고는 이 사건 청구원인으로, 가정경제를 책임지기 위해 애쓰는 원고를 이해하기 보다 원고의 급여가 적다고 원고를 무시하고, 늦은 귀가 및 음주를 한다는 이유로 원고에게 폭언, 폭행을 하며, 습관화된 거짓말로 원고의 부모와 형제들 사이를 이간질하는 피고로 인하여 원고와 피고의 혼인관계를 정리하려고 하던 중 소외 1(대판:소외인)을 만나 마음을 안정을 찾고 있었는데, 피고가 원고와 소외 1(대판:소외인)의 관계를 알고 원고의 직장을 찾아와 청와대에 진정하는 등으로 원고의 공무원직을 그만두게 하겠다는 취지로 협박하여 어쩔 수 없이 1999년경 명예퇴직 후 2000. 1. 말경 집을 나오게 되었고, 그 무렵부터 현재까지 피고와 별거하고 있어 원고와 피고의 혼인관계가 이미 파탄되어 더 이상 회복되기 어려운 상황이므로, 이는 민법 제840조 제6호가 정하고 있는 이혼 사유에 해당한다고 주장하면서 피고와의 이혼을 구한다.2. 판단   가. 인정사실      ⑴ 원고와 피고는 1976. 3. 9. 혼인신고를 마친 법률상 부부로서 그 사이에 자녀로 성년이 된 딸 소외 2(1975. 3. 31.생)와 아들 소외 3(1978. 10. 11.생), 소외 4(1981. 10. 2.생)를 두고 있다.      ⑵ 원고와 피고는 혼인생활 중 원고의 늦은 귀가, 잦은 음주, 외박 등으로 인하여 잦은 다툼이 있었다.        ⑶ 원고는 1996년경 소외 1(대판:소외인)을 만나 교제하면서 소외 1(대판:소외인)의 집을 왕래하였고, 소외 1(대판:소외인)과 사이에 딸 소외 5(1998. 6. 11.생)를 두었다.      ⑷ 원고는 피고가 원고와 소외 1(대판:소외인)의 관계를 알게 되면서 원고와 피고 사이의 갈등이 깊어지자, 1999. 12.경 명예퇴직을 하고 피고와 더 이상 함께 지낼 수 없다는 생각에 2000. 1.경 집을 나와 현재까지 소외 1(대판:소외인)과 동거하고 있다.         ⑸ 원고는 피고와 별거 중에도 자녀들의 학비를 부담하고 피고에게 생활비 명목으로 월 100만 원 정도를 지급하였는데, 신장투석으로 힘든 과정에서 2011년 말경 피고와 자녀들에게 신장이식에 관한 이야기를 하였다가 거절당한 후 피고와의 혼인관계를 정리해야겠다는 생각을 하게 되면서 2012. 1.부터 피고에게 생활비를 지급하지 않고 있다.       ⑹ 원고는 현재 동거 중인 소외 1(대판:소외인)과 사이에 중학생인 자녀가 있고, 병든 원고를 보살피고 있는 사람이 소외 1(대판:소외인)이므로 피고와의 혼인관계를 더 이상 유지할 수 없다고 주장하며 이혼을 강력히 원하고 있는 반면, 피고는 원고가 돌아올 것이라는 믿음이 있고 미혼인 두 자녀 때문이라도 원고의 이혼 청구에 동의할 수 없다고 한다.        인정근거  갑 1 내지 3, 19호증(가지번호 포함), 을 1호증의 각 기재, 가사조사관 작성의 조사보고서의 기재, 변론 전체의 취지   나. 판단       ⑴ 위 인정사실에 의하면, 원고와 피고가 약 12년 이상 별거하고 있으며, 원고와 피고 모두 관계 회복을 위하여 별다른 노력을 하지 않고 있어 원고와 피고의 혼인관계는 더 이상 회복할 수 없을 정도로 파탄에 이르렀다고 할 것이다.          나아가 원고와 피고의 혼인관계가 파탄에 이르게 된 원인을 살펴보면, 갑 9, 10, 11호증의 각 기재만으로는 원고 주장과 같이 피고의 귀책사유로 인하여 원고와 피고의 혼인관계가 파탄되었다고 인정하기에 부족하고 달리 이를 인정할 증거가 없으며, 오히려 위 인정사실에 의하면, 원·피고 사이의 혼인관계 파탄의 주된 원인은 원고가 1996년경부터 소외 1(대판:소외인)과 부정한 관계를 유지하면서 그 사이에 자녀까지 두고, 2000. 1월경 집을 나가 소외 1(대판:소외인)과 동거하고 있는 원고에게 주된 책임이 있다고 할 것이다.        ⑵ 그런데 혼인생활의 파탄에 대하여 주된 책임이 있는 배우자는 원칙적으로 그 파탄을 사유로 하여 이혼을 청구할 수 없고, 다만 상대방도 그 파탄 이후 혼인을 계속할 의사가 없음이 객관적으로 명백함에도 오기나 보복적 감정에서 이혼에 응하지 아니하고 있을 뿐이라는 등의 특별한 사정이 있는 경우에만 예외적으로 유책배우자의 이혼청구권이 인정된다(대법원 2006. 1. 13. 선고 2004므1378 판결 등 참조).          이 사건의 경우 갑 5, 6, 12, 13호증(가지번호 포함)의 각 기재에 의하여 인정되는 다음과 같은 사정들, 즉 피고가 1999. 11.경 원고 소유의 대구 달서구 (주소 생략)○○아파트(동 호수 생략)에 관하여 재산분할 청구채권을 피보전권리로 하여 부동산처분금지가처분신청을 한 점, 2012. 12.경 위 부동산처분금지가처분 결정이 취소될 무렵 과거부양료 및 과거양육비 채권을 피보전권리로 하여 위 부동산에 다시 부동산가압류신청을 한 점 등만으로는 피고가 원고와의 혼인을 계속할 의사가 없음이 객관적으로 명백함에도 오기나 보복적 감정에서 이혼에 응하지 않고 있다고 인정하기 어렵고, 달리 피고가 혼인을 계속할 의사가 없음이 객관적으로 명백함에도 오기나 보복적 감정에서 이혼에 응하지 아니하고 있다고 볼 특별한 사정을 인정할 증거도 없으므로, 유책배우자인 원고의 이혼 청구는 이유 없다.   3. 결론   그렇다면 원고의 이 사건 청구는 이유 없으므로 이를 기각하기로 하여 주문과 같이  판결한다. 판사 채정선 "
176104,이혼등,2012드합733,대전가정법원,내용없음,"원    고 피    고 사건본인 변론종결2012. 7. 2.주    문   1. 원고와 피고는 이혼한다.   2. 피고는 원고에게 위자료로 20,000,000원 및 이에 대하여 2010. 10. 28.부터 2012. 8. 6.까지는 연 5%의, 그 다음날부터 다 갚는 날까지는 연 20%의 각 비율에 의한 금원을 지급하라.   3. 원고의 나머지 위자료 청구를 기각한다.    4. 피고는 원고에게 재산분할로 54,000,000원 및 이에 대하여 이 판결 확정일 다음날부터 다 갚는 날까지 연 5%의 비율에 의한 금원을 지급하라.   5. 사건본인들에 대한 친권자 및 양육자로 원고를 지정한다.   6. 피고는 원고에게,       가. 사건본인들의 과거 양육비로 12,000,000원을 지급하고,       나. 사건본인들의 장래 양육비로 2012. 8. 7.부터 사건본인 1이 성년이 되기 전날까지는 매월 160만 원, 그 다음날부터 사건본인 2가 성년이 되기 전날까지는 매월 80만 원씩을 매월 말일에 각 지급하라.   7. 소송비용 중 1/3은 원고가, 나머지는 피고가 각 부담한다.   8. 제2, 6항은 각 가집행할 수 있다.청구취지   주문 제1, 5항 및 피고는 원고에게, 1) 위자료로 50,000,000원 및 이에 대하여 이 사건 소장 부본 송달 다음날부터 다 갚는 날까지 연 20%의 비율에 의한 금원을, 2) 재산분할로 221,381,078원 및 이 판결 확정 다음날부터 다 갚는 날까지 연 5%의 비율에 의한 금원을, 각 지급하라. 피고는 원고에게 사건본인들의 과거 양육비로 4,000만 원, 장래양육비로 2012. 6. 1.부터 사건본인들이 각 성년에 이르기 전날까지 사건본인 1인당 100만 원씩을 매월 말일에 지급하라. 이    유1. 이혼 및 위자료 청구에 관한 판단  가. 인정사실1) 원고와 피고는 1997. 1. 25. 혼인신고를 마친 법률상 부부로서 슬하에 자녀로 사건본인들을 두었다.2) 원고는 교사, 피고는 연구원으로서, 서로 근무지역이 달라 대부분의 혼인기간동안 주말부부로 지내왔다. 3) 원고는 결혼 후부터 시댁과의 갈등, 직장, 생활비 문제로 피고와 자주 다투었고, 화를 참지 못한 피고로부터 폭행을 당하기도 하였다(사건본인 1의 앞에서 폭행을 당한 적도 있다). 또한 원고는 2008. 8. 1. 피고의 동생과의 시비 끝에 길에서 밀쳐져 3주의 치료를 요하는 우측 주관절 염좌상과 우측 하퇴부 좌상을 입었다.4) 피고는 2009.경부터 부동산 중개업자인 소외 2와 가깝게 지내면서 하루에도 수차례 연락을 하였고, 때로는 각자의 자녀를 동반하고 대청댐, 전주, 군산, 홍성, 옥천 등으로 여행을 다녔다(같은 숙소에서 잠을 자기도 한 것으로 보인다). 소외 2는 2009. 11. 15. 및 2010. 1. 9. 피고의 계좌로 돈을 이체하면서 ‘사랑해 자기야’, ‘사랑해요’라는 이체메세지까지 넣기도 하였다.5) 2009.경 이후 원·피고의 사이는 점점 더 악화되었고, 원고는 2010. 10. 18. 이 법원에 피고와의 이혼을 구하는 이 사건 소송을 제기하였다. 인정근거 갑 제1, 4, 14 내지 16, 36, 37호증(가지번호 있는 것은 각 가지번호 포함)의 각 기재 및 영상, 변론 전체의 취지  나. 판단     1) 위 인정사실에 피고도 이혼에 동의하고 있는 점을 더하여 보면, 원고와 피고의 혼인관계는 더 이상 회복할 수 없을 정도로 파탄되었다 할 것이고, 이와 같이 혼인관계가 파탄에 이르게 된 주된 책임은 폭행과 부정행위로 부부 사이의 신뢰를 돌이킬 수 없을 만큼 훼손시킨 피고에게 있다고 봄이 상당하며, 이러한 피고의 잘못은 민법 제840조 제1호, 제3호에서 정한 재판상 이혼사유에 해당한다.2) 피고의 이와 같은 유책행위로 말미암아 원·피고의 혼인관계가 파탄에 이르게 되어 원고가 정신적 고통을 받았을 것임은 경험칙상 인정할 수 있으므로 피고는 이를 금전으로나마 위자할 의무가 있고, 앞서 본 혼인 파탄의 경위, 원고와 피고의 혼인기간, 원고와 피고의 나이, 직업, 그 밖에 이 사건 변론에 나타난 모든 사정을 참작하여 보면, 그 액수는 2,000만 원으로 정함이 상당하다.   따라서, 피고는 원고에게 위자료로 2,000만 원 및 이에 대하여 원고가 구하는 이 사건 소장 부본 송달 다음날인 2010. 10. 28.부터 피고가 그 이행의무의 존부 및 범위에 관하여 항쟁함이 상당한 이 판결 선고일인 2012. 8. 6.까지는 민법이 정한 연 5%의, 그 다음날부터 다 갚는 날까지는 소송촉진 등에 관한 특례법이 정한 연 20%의 각 비율에 의한 지연손해금을 지급할 의무가 있다.2. 재산분할 청구에 관한 판단  가. 재산형성 경위     1) 원고는 교사로서 월 수입은 약 280만 원이고, 피고는 연구원으로서 월 수입은 약 460만 원이다.     2) 원·피고는 혼인 당시 피고의 모 소외 1로부터 증여받은 전세자금 3,520만 원과 원·피고가 모은 돈을 합하여 2003. 8.경 원고 명의로 청주시 상당구 (주소 1 생략)를 7,200만 원에 매수하였다.3) 소외 1은 2005. 3.경 대전 중구 (주소 2 생략)를 매수하였는데, 이 때 원·피고는 소외 1에게 위 ○○아파트의 임대차보증금으로 받은 7,500원에 보유자금 4,500만 원을 합한 1억 1,000만 원을 위 △△아파트 매수자금에 보태주었다.  인정근거 갑 제18, 23, 24호증, 을 제12호증(가지번호 있는 것은 각 가지번호 포함)의 각 기재, 가사조사관 작성의 조사보고서 내용, 변론 전체의 취지  나. 분할대상 재산 및 그 가액     1) 분할대상 재산 : 별지 분할재산명세표 기재 각 재산     2) 분할대상 재산의 가액○ 원고의 순재산 : 61,721,327원○ 피고의 순재산 : 227,432,206원○ 원·피고의 순재산 합계액 : 289,153,533원(= 61,721,327원＋227,432,206원)다. 분할대상 재산에 대한 당사자들의 주장에 관한 판단 별지 불인정재산명세표 중 ‘당사자의 주장 및 판단’란 기재 참조.  라. 재산분할의 비율 및 방법 1) 재산분할 비율 : 원고 40%, 피고 60%   판단근거 혼인 기간, 분할대상 재산의 형성과 유지에 대한 원·피고의 기여 정도, 원고와 피고의 연령, 직업 등 이 사건 변론에 나타난 제반사정 참작 2) 재산분할의 방법 : 원·피고 명의의 적극재산은 그 소유명의대로 소유권을 확정하고, 재산분할비율에 따라 원고에게 귀속되어야 할 금액 중 부족한 부분을 피고가 원고에게 현금으로 지급하는 것으로 정한다. 3) 피고가 원고에게 지급하여야 할 재산분할금 : 54,000,000원   계산근거  ① 원·피고의 순재산 합계액 중 재산분할비율에 따른 원고의 몫 : 115,661,413원(=원·피고의 순재산 합계 289,153,533원 × 원고의 기여도 40%, 원 미만 버림. 이하 같다)  ② 위 ①의 금액에서 원고의 순재산을 공제한 금액 : 53,940,086원(= 115,661,413원-61,721,327원)  ③ 피고가 원고에게 지급하여야 할 재산분할금 : 위 ②의 금액을 약간 상회하는 54,000,000원마. 소결론  따라서, 피고는 원고에게 재산분할로 54,000,000원 및 이에 대하여 이 판결 확정일부터 다 갚는 날까지 민법이 정한 연 5%의 비율로 계산한 지연손해금을 지급할 의무가 있다.3. 친권자 및 양육자 지정, 양육비 청구에 관한 판단  가. 친권자 및 양육자 지정 청구      사건본인들의 연령, 양육 현황, 원·피고의 경제적 사정 및 의사 기타 이 사건 변론 과정에서 나타난 제반사정을 참작하면, 원고가 사건본인들에 대한 친권을 행사하고 양육하는 것이 사건본인들의 원만한 성장과 복지를 위하여 바람직하다고 보이므로, 사건본인의 친권자 및 양육자로 원고를 지정한다.  나. 양육비 청구    1) 한 쪽의 양육자가 양육비를 청구하기 이전의 과거의 양육비 모두를 상대방에게 부담시키게 되면 상대방은 예상하지 못하였던 양육비를 일시에 부담하게 되어 지나치고 가혹하며 신의성실의 원칙이나 형평의 원칙에 어긋날 수도 있으므로, 이와 같은 경우에는 반드시 이행청구 이후의 양육비와 동일한 기준에서 정할 필요는 없고, 부모 중 한 쪽이 자녀를 양육하게 된 경위와 그에 소요된 비용의 액수, 그 상대방이 부양의무를 인식한 것인지 여부와 그 시기, 그것이 양육에 소요된 통상의 생활비인지 아니면 이례적이고 불가피하게 소요된 다액의 특별한 비용(치료비 등)인지 여부와 당사자들의 재산 상황이나 경제적 능력과 부담의 형평성 등 여러 사정을 고려하여 적절하다고 인정되는 분담의 범위를 정할 수 있다(대법원 1994. 5. 13.자 92스21 전원합의체 결정 등 참조).2) 이 사건 기록에 의하면, 원고는 사건본인 2를, 피고는 사건본인 1을 양육하다가, 2010. 9. 말경부터는 원고가 사건본인들을 모두 양육하고 있는 사실이 인정되는바, 피고는 원고에게 2010. 10. 1.부터의 사건본인들의 과거 양육비를 부담할 의무가 있고, 원·피고의 연령, 직업과 재산상태, 사건본인들의 연령과 양육 상황, 피고에게 과거 양육비의 일시금 지급을 명할 경우에 예상되는 경제적 부담, 그 밖에 이 사건 기록 및 심문 전체의 취지에서 알 수 있는 여러 사정들을 앞서 본 법리에 비추어 살펴보면, 피고는 원고에게, ① 원고가 구하는 2010. 10. 1.부터 이 사건 판결 선고일인 2012. 8. 6.까지의 사건본인들의 과거 양육비로 1,200만 원을 지급하고, ② 사건본인들의 장래 양육비로 2012. 8. 7.부터 사건본인 1이 성년이 되기 전날까지는 매월 160만 원, 그 다음날부터 사건본인 2가 성년이 되기 전날까지는 매월 80만 원을 매월 말일에 지급하는 것으로 정함이 상당하다.4. 결  론  그렇다면, 원고의 이혼 청구는 이유 있어 이를 인용하고, 위자료 청구는 위 인정범위 내에서 이유 있어 이를 인용하며, 나머지 위자료 청구는 이유 없어 이를 기각하고, 재산분할 청구, 친권자 및 양육자 지정 청구, 양육비 청구에 관하여는 위와 같이 정하기로 하여, 주문과 같이 판결한다. 별지 생략판사 정갑생(재판장) 나상훈 왕지훈 "
176125,이혼등,2011르2529,수원지방법원,내용없음,"원고, 항소인 겸 피항소인 피고, 피항소인 겸 항소인 제1심판결 수원지방법원 성남지원 2011. 9. 29. 선고 2011드단1644 판결변론종결2012. 4. 10.주    문1. 제1심 판결 중 재산분할 청구부분을 아래 제2항과 같이 변경한다.2. 피고는 원고에게 재산분할로,가. 237,000,000원 및 이에 대하여 이 판결 확정일부터 다 갚는 날까지 연 20%의 비율에 의한 돈을 지급하고,나. 이 판결 확정일 다음날부터 피고가 사망하기 전날까지 피고가 매월 지급받는 공무원연금액 중 30%의 비율에 의한 돈을 매월 말일에 지급하라.3. 원고와 피고의 나머지 항소를 모두 기각한다.4. 소송총비용은 각자 부담한다.5. 제2의 가.항은 가집행할 수 있다.청구취지 및 항소취지1. 청구취지  원고와 피고는 이혼한다(이 사건 이혼 청구에 관하여 2012. 3. 20. 당심 조정기일에서 조정이 성립하였다). 피고는 원고에게, 위자료로 30,000,000원 및 이에 대하여 이 사건 소장 부본 송달일 다음날부터 다 갚는 날까지 연 20%의 비율로 계산한 돈을 지급하고, 재산분할로 432,535,983원 및 이에 대하여 이 판결 확정일부터 다 갚는 날까지 연 20%의 비율로 계산한 돈을, 퇴직연금 일시금으로 95,013,695원 및 이에 대한 이 판결 확정일로부터 완제일까지 연 20%의 비율에 의한 금원을, 퇴직연금으로 매월 25일 1,064,300원을 각 지급하라(원고는 당심에서 재산분할 청구를 확장하였다).2. 항소취지  원고 : 제1심 판결 중 원고 패소부분을 취소하고, 청구취지 기재와 같은 판결을 구함  피고 : 제1심 판결 중 피고 패소부분을 취소하고, 그 부분에 대한 원고의 청구를 기각한다.이    유1. 이 법원의 심판범위  원고는 이혼, 위자료, 재산분할 각 청구를 하였고, 제1심 판결에 대하여 원고와 피고가 모두 항소하였는데, 이혼 청구에 관하여 2012. 3. 20. 당심 조정기일에서 조정이 성립하였으므로, 위자료 및 재산분할 각 청구 부분에 대하여만 살피기로 한다.2. 위자료 청구에 관한 판단  이 법원이 이 부분에 관하여 설시할 이유는 제1심 판결 이유의 해당 부분 기재와 같으므로, 가사소송법 제12조 본문, 민사소송법 제420조 본문에 의하여 이를 그대로 인용한다.3. 재산분할 청구에 관한 판단  가. 재산형성의 경위    (1) 원고는 피고와 혼인 이전인 1991. 3.부터 1992. 8.까지 서울 영등포구 도림동에서 미용실을 운영하였고, 혼인 전인 1989. 9.부터 부천시 원미구 춘의동에서 운영하던 미용실은 혼인 이후 1995. 9.경 폐업하였으며, 그 외에는 별다른 경제활동을 하지 않고 가사를 전담하였다.     (2) 피고는 원고와 혼인 이전인 1977. 2. 25.부터 경찰공무원으로 재직하면서 급여를 받아 왔고 2006. 6. 30. 정년퇴직을 한 이후 2006. 7.부터 월 2,128,600원의 공무원연금을 수령하고 있다.    (3) 피고는 원고와 혼인하기 전인 1990. 11.경 ‘성남시 분당구 (주소 생략)’를 분양받아 1993. 2.경까지 피고의 급여 및 저축 등으로 대부분의 분양대금을 납부하였다.  나. 분할대상 재산 및 가액    (1) 분할대상 재산 : 별지 분할재산 명세표의 기재와 같음    (2) 분할대상 재산의 가액      (가) 원고의 순재산 : 12,871,534원      (나) 피고의 순재산 : 822,042,546원      (다) 원고와 피고의 순재산 합계 : 834,914,080원인정근거 갑 제4, 12호증의 각 1·2, 갑 제6·7호증, 을 제4·7호증의 각 1·2, 을 제12호증의 각 기재, 각 금융거래정보제출명령에 대한 회신, 공무원연금관리공단에 대한 사실조회결과, 변론 전체의 취지  다. 원·피고의 주장 및 이에 관한 판단    (1) 원고의 주장 및 판단      (가) 원고는 “피고가 1977. 2. 25.부터 경찰공무원으로 재직하였고, 2006. 6. 30. 정년퇴직을 하면서 퇴직수당으로 49,540,390원을 수령하였고, 그 이후 2006. 7.부터 퇴직금으로 매월 2,128,600원의 공무원연금을 수령하였는바, 피고가 기수령한 퇴직수당 및 퇴직연금도 재산분할의 대상에 포함되어야 한다”고 주장한다. 살피건대, 위 퇴직수당과 기지급받은 퇴직연금은 원고와 피고의 혼인생활 중 생활비, 피고가 현재 보유한 주식의 매수대금, 별거 이후의 피고의 생활비 등으로 사용한 것으로 보이므로 위 퇴직수당 등은 재산분할의 대상에서 제외되어야 할 것이어서 원고의 이 부분 주장은 이유 없다.      (나) 원고는 “피고가 장차 공무원연금관리공단으로부터 매월 수령하게 될 월 2,128,600원의 연금 또한 재산분할의 대상이 되어야 한다”고 주장하고, 피고는 “피고의 여명을 확정할 수 없는 이상 이를 재산분할의 대상에 포함시킬 수는 없다”고 주장한다.        공무원연금(퇴직연금)에 관하여 살피건대, ① 공무원연금(퇴직연금)은 사회보장수급권과 후불임금의 성격을 동시에 지니고 있는 점, ② 퇴직금을 일시금으로 수령한 경우에는 재산분할의 대상이 될 수 있음에도 불구하고, 연금의 형태로 수령하는 경우에는 재산분할의 대상이 될 수 없다고 하는 것은 같은 성격의 재산이 수령자의 선택에 의하여 재산분할의 대상에 포함되거나 포함되지 않게 되어 불합리한 점, ③ 피고는 원고의 내조를 바탕으로 공무원생활을 할 수 있었고, 퇴직연금까지 지급받을 수 있게 되었는데, 단순히 그 수액을 확정하기 어렵다는 이유만으로 퇴직연금을 재산분할 대상에서 제외한다면 형평에 반하는 점(재산분할 참작사유로 삼는 것만으로는 부족하다), ④ 국민연금법에 따른 급여 중 노령연금에 관하여는 일정한 요건 하에 이혼한 배우자를 분할연금의 수급권자로 인정하여 혼인기간에 해당하는 연금액을 균등하게 나눈 금액을 지급받도록 규정하고 있는 것(국민연금법 제64조)과의 균형 등을 종합하면 공무원연금(퇴직연금)은 재산분할 대상으로 삼는 것이 상당하다.         한편, 공무원연금법 제43조의2 제1항에 의하면, 연금인 급여는 통계법 제3조에 따라 통계청장이 매년 고시하는 전전년도와 대비한 전년도 전국소비자물가변동률에 해당하는 금액을 매년 증액하거나 감액하도록 되어있다. 따라서 분할 방법은 피고가 원고에게 이 사건 판결이 확정되어 재산분할이 개시될 때부터 피고가 사망할 때까지  매월 지급받게 되는 퇴직연금 중 원고의 재산분할 비율에 해당하는 만큼을 지급하는 것으로 정한다.      (2) 피고의 주장 및 판단      (가) 피고는 “혼인 파탄에 관한 주된 책임이 있는 원고는 재산분할 청구를 할 수 없다”고 주장하나, 혼인 파탄의 주된 책임이 원고에게 있다고 볼 수 없고, 설령 그렇다 하더라도 이는 재산분할청구권과는 무관하여 아무런 근거 없는 주장에 불과하므로, 피고의 위 주장은 받아들일 수 없다.      (나) 피고는 “성남시 분당구 (주소 생략) 아파트는 피고가 원고와 혼인하기 전에 취득한 특유재산으로 재산분할의 대상이 아니다”라고 주장하므로 살피건대, 피고의 주장대로 위 아파트가 피고의 특유재산이라 하더라도 원고가 적극적으로 그 특유재산의 유지에 협력하여 감소를 방지하였거나 증식에 협력하였다고 인정되는 경우에는 재산분할의 대상이 될 수 있는데, 원고는 피고와 1992년 경부터 2008년 경까지 약 15년 이상 실질적인 혼인생활을 영위하면서 가정주부로서 가사를 전담하였고 이와 같은 가사노동으로써 위 아파트의 유지에 직접·간접으로 기여하였다고 할 것이다. 따라서 위 아파트는 재산분할의 대상이 되고, 이에 반하는 피고의 위 주장은 받아들이지 않는다.      (다) 피고는 “원고가 피고와 별거하기 이전에 보유하고 있던 ① 한화증권 계좌(계좌번호 1 생략)의 41,331,704원과 ② 한화증권 계좌(계좌번호 2 생략)의 5,000,918원, ③ 미래에셋증권 계좌(계좌번호 3 생략)의 7,728,725원은 피고와의 혼인생활을 위하여 지출한 것이 아니므로 재산분할의 대상이 되어야 한다”고 주장하므로 살피건대, 재판상 이혼의 재산분할에 있어 분할의 대상이 되는 재산과 그 액수는 사실심 변론종결일을 기준으로 하여 정하여야 하고, 부부가 별거하기 시작한 후 부부 일방만의 생활비 등으로 재산을 소비하였다 하더라도 이미 소비한 재산을 재산분할의 대상으로 삼을 수는 없다고 할 것이며, 다만 별거 이후 사실심 변론종결일 사이에 원고가 그 소유의 재산을 처분하여 다른 형태의 재산으로 보유하고 있다고 추정할 수 있는 정황이 있는 경우 그 재산을 재산분할 대상에 포함시킬 수 있을 것이나, 위 계좌들의 거래내역, 원고가 가정주부이고 별다른 재산이 없는 점 등에 비추어 원고는 위 재산의 대부분을 생활비 등으로 소비하였을 뿐 다른 형태의 재산으로 보유하고 있다고 추정하기는 어렵다. 따라서 피고의 위 주장은 받아들이지 않는다(이와 같이 판단하는 것이 앞서 본 것처럼 피고의 퇴직수당 및 기수령퇴직연금을 재산분할대상에서 제외하는 것과 형평에도 맞는다).      (라) 피고는 “2011. 8. 25.을 기준으로 피고가 삼성증권 계좌에 보유하고 있는 주식 중 기아자동차 주식이 400주이고, 예수금은 42,300원이 남아 있으며, 피고가 보유한 총 주식과 예수금의 평가금액은 151,502,300원이다”라고 주장한다. 살피건대, 피고는 2011. 4. 19. 당시 기아자동차 주식 1,000주, 현대제철 주식 300주, 포스코 주식 20주, 삼성엔지니어링 주식 300주, 두산인프라코어 주식 1,000주와 예수금 1,363,366원을 보유하고 있었는데, 2011. 8. 25. 기준으로 위 기아자동차 주식과 예수금이 일부 감소하였으나, 기아자동차 주식 일부의 처분대금과 감소한 예수금의 용도를 밝히지 않는 이상 피고가 이를 다른 형태로 보유하고 있다고 추정하여 재산분할의 대상으로 삼을 수밖에 없다(앞서 본 바와 같이 재판상 이혼의 재산분할에 있어 분할의 대상이 되는 재산과 그 액수는 사실심 변론종결일을 기준으로 하여 정하여야 하므로, 피고가 보유한 주식의 가액은 모두 당심 변론종결일인 2012. 4. 10.의 유가증권시장 거래 종료 당시의 가격으로 산정할 것이다).       (마) 피고는 “별지 분할재산 명세표 중 피고의 적극재산 목록 13번 국민은행 수익증권계좌(계좌번호 4 생략)에서 38,700,000원을 찾아 그 돈으로 위 목록 2번 기재 기아자동차 주식을 400주(30,400,000원)를 매수하였으므로, 위 13번 국민은행 수익증권계좌 금액은 38,700,000원에 30,400,000원을 제외한 8,300,000원이 되어야 한다”고 주장하므로 살피건대, 을 제11호증의 기재만으로는 위 수익증권 계좌에서 출금한 돈으로 위 기아자동차 주식 400주를 매수하였다고 인정하기에 부족하고, 달리 이를 인정할 증거가 없으므로 피고의 위 주장은 이유 없다.  라. 재산분할의 비율과 방법    (1) 재산분할의 비율      위에서 인정한 재산형성의 경위, 원고와 피고는 서로 재혼인 점(피고도 사실상 재혼이다), 원고와 피고의 실질적인 혼인생활의 기간이 약 15년 이상인 점, 재산분할의 대상이 되는 재산 중 이 사건 아파트는 원고와 피고의 혼인 이전에 피고가 취득한 재산이고, 그 외 대부분의 재산은 피고의 급여로 형성된 점, 피고는 주식투자를 통하여 상당한 수익을 거둔 점, 반면에 원고는 별 다른 재산이 없는 점, 이혼에 따른 재산분할에는 부부공동재산 청산으로서의 의미만 있는 것이 아니라 이혼 후의 생활보장이라는 부양적 의미도 함께 포함되어 있어 대부분의 혼인생활 동안 가정주부로 지낸 원고에 대한 부양적 요소를 고려할 필요가 있는 점 등 변론에 나타난 모든 사정을 종합하면, 재산분할의 비율은 원고 30%, 피고 70%로 정함이 상당하다.    (2) 재산분할의 방법      (가) 공무원연금(퇴직연금)을 제외한 부분        이혼에 따른 법률관계를 간단하고 명확하게 할 필요가 있는 점, 분할대상 재산의 형태와 보유 상황, 당사자들의 의사 등 여러 사정을 종합하면, 재산분할의 방법은 원고와 피고 각자 명의의 적극재산과 소극재산을 모두 현재의 명의인에게 확정적으로 귀속시키되 그 결과 재산분할 비율에 해당하는 금액에 부족한 부분은 금전으로 정산하여 지급하도록 하는 방법이 타당하다.  계산식      ① 원고와 피고의 순재산 중 재산분할 비율에 따른 원고의 몫        : 원·피고의 순재산 합계 834,914,080원 × 30% = 250,474,224원      ② 위 ①항의 금액에서 원고의 순재산을 공제한 금액        : 250,474,224원 - 12,871,534원 = 237,602,690원      ③ 피고가 원고에게 지급할 재산분할금 :          위 ②항 기재 금원을 약간 하회하는 237,000,000원      (나) 공무원연금(퇴직연금) 부분        피고가 사망할 때까지 매월 지급받게 되는 퇴직연금 중 30%의 비율에 의한 돈을 매월 말일에 지급하는 방법이 타당하다.  마. 소결    따라서 피고는 원고에게 재산분할로 237,000,000원 및 이에 대하여 이 판결 확정일부터 다 갚는 날까지 소송촉진등에관한특례법에 정한 연 20%의 비율로 계산한 지연손해금, 피고가 매월 지급받는 공무원연금액 중 30%의 비율에 의한 돈을 지급할 의무가 있다.  바. 가집행선고의 부기     민법상의 재산분할청구권은 이혼을 한 당사자의 일방이 다른 일방에 대하여 재산분할을 청구할 수 있는 권리로서 이혼이 성립한 때에 그 법적 효과로서 비로소 발생하는 것이므로, 당사자가 이혼이 성립하기 전에 이혼소송과 병합하여 재산분할의 청구를 하고, 법원이 이혼과 동시에 재산분할을 명하는 판결을 하는 경우에도 이혼판결은 확정되지 아니한 상태이므로, 그 시점에서 가집행을 허용할 수는 없다(대법원 1998. 11. 13. 선고 98므1193 판결). 그러나 재산분할에 대한 심판 이전에 이미 당사자 사이에 혼인관계가 종료된 이상 당사자 일방의 재산분할청구권은 혼인관계가 종료된 때 발생한 것이고, 상대방이 그 이행청구를 받은 이상 이미 이행기가 도래한 상태로 보아야 하므로, 원칙적으로 법원이 혼인관계가 종료된 이후에 재산분할을 명함에 있어서는 가집행선고를 덧붙여 명하여야 하고, 한편 가사소송법 제42조 제1항은 ‘재산상의 청구 또는 유아의 인도에 관한 심판으로서 즉시항고의 대상이 되는 심판에는 담보를 제공하게 하지 아니하고 가집행할 수 있음을 명하여야 한다’고 규정하고 있고, 가사소송법 제2조 제1항 제2호 나목, 민법 제839조의2 제2항, 가사소송규칙 제94조 제1항에 의하면 재산분할 청구사건은 마류 가사비송사건으로서 그 심판에 대하여 청구인과 상대방이 즉시항고를 할 수 있는 사건으로 가집행의 대상이 됨이 분명한바, 앞서 본 바와 같이 원고와 피고는 이 판결 선고 이전인 2012. 3. 20. 당심 조정기일에서 이혼에 관한 조정이 성립하여 당일 원고와 피고의 혼인관계가 종료되었음은 앞서 본 바와 같으므로, 재산분할청구 부분 중 제2의 가.항에 대한 가집행선고를 추가하기로 한다.  4. 결론  그렇다면, 원고의 위자료 청구는 이유 없으므로 이를 기각하고, 재산분할 청구에 관하여는 위와 같이 정함이 상당한 바, 제1심 판결은 이와 일부 결론이 달라 부당하므로 제1심 판결 중 재산분할 청구부분을 위와 같이 변경하고, 원고와 피고의 나머지 항소를 모두 기각하기로 하여 주문과 같이 판결한다.별지 생략판사 정승원(재판장) 이형석 이은주 "
176299,이혼등,2011르240,수원지방법원,내용없음,"원고, 피항소인 겸 항소인 피고, 항소인 겸 피항소인 사건본인 제1심판결 수원지방법원 성남지원 2010. 12. 9. 선고 2009드단4503 판결변론종결2011. 10. 11.주    문1. 제1심 판결 중 위자료 부분에 대한 원고와 피고의 항소를 모두 기각한다.2. 제1심 판결 중 재산분할, 양육비 부분을 다음과 같이 변경한다.가. 피고는 원고에게 재산분할로 3억 7,800만 원 및 이에 대하여 2011. 8. 17.부터 2012. 2. 21.까지는 연 5%, 그 다음날부터 다 갚는 날까지는 연 20%의 각 비율에 의한 금원을 지급하라.나. 피고는 원고에게 사건본인의, 과거양육비로 2,700만 원, 장래양육비로 2012. 2. 19.부터 2013. 5. 11.까지 매월 150만 원을 매월 말일에 지급하라.3. 가. 피고는 사건본인의 의사에 따라 사건본인이 원하는 경우에는 사건본인을 면접교섭할 수 있다.나. 사건본인의 의사에 따라 면접교섭이 이루어질 경우 원고와 피고는 위 면접교섭이 원만하게 이루어질 수 있도록 서로 협조한다.4. 소송총비용 중 1/3은 원고가, 나머지는 피고가 각 부담한다.5. 제2의 가, 나항은 각 가집행할 수 있다.청구취지 및 항소취지1. 청구취지  원고와 피고는 이혼한다(이혼청구 부분에 관하여 2011. 8. 16. 당심 조정기일에서 조정이 성립하였다). 피고는 원고에게 위자료로 5,000만 원 및 이에 대하여 소장 부본 송달일 다음날부터 다 갚는 날까지 연 20%의 비율에 의한 금원을 지급하라. 피고는 원고에게 재산분할로 527,973,308원 및 이에 대하여 제1심 판결 선고일 다음날부터 다 갚는 날까지 연 20%의 비율에 의한 금원을 지급하라. 사건본인의 친권자 및 양육자로 원고를 지정한다(친권자 및 양육자 지정청구 부분에 관하여 2011. 8. 16. 당심 조정기일에서 조정이 성립하였다). 피고는 원고에게 사건본인의 양육비로 소장 부본 송달일 다음날부터 2013. 5. 11.까지 매월 150만 원씩을 지급하라. 2. 항소취지가. 원고    1) 제1심 판결의 위자료 부분 중 아래에서 지급을 명하는 부분에 해당하는 원고 패소 부분을 취소한다. 피고는 원고에게 위자료로 2,000만 원 및 이에 대하여 소장 부본 송달일 다음날부터 다 갚는 날까지 연 20%의 비율에 의한 금원을 지급하라.     2) 제1심 판결의 재산분할, 양육비 부분을 청구취지에 기재된 바와 같이 변경한다.나. 피고    제1심 판결 중 피고 패소 부분을 모두 취소하고, 위 취소 부분에 해당하는 원고의 청구를 모두 기각한다. 이    유1. 이 법원의 심판 및 판단 범위  제1심 법원은 원고의 이혼, 일부 위자료청구를 각 인용하고, 나머지 위자료청구를 기각하였으며, 재산분할, 친권자 및 양육자 지정, 양육비청구에 대하여 판단하였는데, 이에 대하여 원고와 피고가 각 자신의 패소 부분에 대하여 항소하였다.   따라서 원고의 청구 모두가 이 법원의 심판대상이 되었으나, 2011. 8. 16. 당심 조정기일에서 이혼, 친권자 및 양육자 지정청구에 대하여는 조정이 성립하였으므로, 이 판결에서는 위자료, 재산분할, 양육비청구에 대하여만 판단하기로 한다.   2. 위자료청구에 대한 판단  이 법원이 이 부분에 관하여 설시할 이유는 당심에서 새로 제출된 증거(당심 증인 소외 2의 증언 포함)를 배척하는 외에는 제1심 판결문 이유 중 해당 부분 기재와 같으므로, 가사소송법 제12조 본문, 민사소송법 제420조 본문에 의하여 이를 그대로 인용한다.3. 재산분할청구에 대한 판단가. 재산형성경위    1) 피고는 ○○대학교 농업경제학과 교수로 재직 중이고, 원고는 혼인기간 동안 사건본인의 양육과 가사를 전담하면서 2000년경부터 2004년경까지 대학교의 시간강사로 근무하고 1999년경부터 2004. 3.경까지는 미술학원을 운영하기도 하는 등으로 얻은 수입으로 교육비와 생활비 등에 보태기도 하였다.    2) 피고는 1995. 1. 7. 원고와 혼인하기 이전부터 소유하고 있던 서울 가락동 소재 △△아파트를 2억 6,800만 원에 매도하고 같은 달 14일 성남시 분당구 (주소 1 생략)(이하 ‘분당 아파트’라 한다)을 2억 8,300만 원에 매수하여 같은 달 27일 피고 명의로 소유권이전등기를 마쳤다.     3) 원고는 2004. 3. 26. 성남시 분당구 (주소 2 생략)□□프라자(호수 생략), (호수 생략)(이하 위 (호수 생략), (호수 생략)를 통칭할 경우 ‘분당 □□프라자 상가’라 한다)에 관하여 2003. 7. 8.자 매매를 원인으로 한 소유권이전등기를 마쳤는데, 위 이전등기 당일 채권자 주식회사 우리은행, 채무자 원고, 채권최고액 2억 2,800만 원의 근저당권설정등기가 마쳐졌고, 위 근저당권이 설정되고 실행된 대출금은 분당 □□프라자 상가의 잔금지급에 사용되었다. 이 사건 변론 종결 즈음 위 대출 잔액은 2억 2,000만 원이고, 분당 □□프라자 상가는 임대된 상태로서 임대차보증금 총액은 1억 1,000만 원이다.     4) 피고는 2004. 10. 11. 피고의 어머니로부터 인천 중구 (주소 3 생략) 소재 토지 및 상가건물(이하 위 토지와 상가건물을 통칭하여 ‘인천 신포동 상가’라 한다)을 유증받고 같은 해 11. 2. 소유권이전등기를 마쳤다. 그런데, 인천 신포동 상가와 관련하여 피고의 형제들로부터 유류분반환 등 청구소송이 제기되었고(인천지방법원 2004가합15863), 그 소송과정에서 2006. 12. 7. 피고가 인천 신포동 상가를 취득하는 대신 형제들에게 합계 1억 5,000만 원을 지급하기로 하는 내용의 조정이 성립되었으며, 원고와 피고는 분당 아파트를 담보로 대출을 받아 위 금원을 지급하였다. 이 사건 변론 종결 즈음 인천 신포동 상가는 임대된 상태로서 임대차보증금액은 5,700만 원이다.     5) 피고는 2008. 2. 20. 삼성생명보험 주식회사의 연금저축삼성골드연금에 가입하여 2009. 6. 29. 기준 400만 원을 납입하였는데, 당시를 기준으로 해약할 경우 2,708,837원을 받을 수 있었고, 그 외에도 교보생명보험 주식회사의 보험상품에 가입하여 보험료를 납입하였는바, 이 사건 변론 종결 즈음을 기준으로 위 각 보험을 해지할 경우 받을 수 있는 해약 환급금은 총 17,042,706원이다(갑 제37호증의 2의 기재에 의하면, 교보생명보험 주식회사에 대한 납입보험료만 2,000만 원이 넘는 것으로 보이나, 원고가 보험과 관련된 해약 환급금을 위 17,042,706원으로 주장하고 있고, 피고도 특별히 이를 다투지 않는 것으로 보이므로, 원고의 주장을 그대로 인정하기로 한다).    6) 피고는 원고와 별거할 무렵인 2009. 5. 22. 기준으로 ① 미래에셋증권 주식회사에, 기아차 200주, 하이닉스 1,800주, 한진해운 450주, 현대건설 857주, 외환은행 100주, 삼성전자 13주, 대우증권 100주, 현대중공업 21주, LG이노텍 20주, KTG 140주, LG디스플레이 610주, 대우조선해양 2,150주 등의 현물주식과 현금 106,258,253원을 예탁하고 있었고, ② 현대증권 주식회사에 이수페타시스 6주, ③ 굿모닝신한증권 주식회사에 솔고바이오 60주, 키이스트 8주를 각 예탁하고 있었는데, 변론 종결 즈음 위 주식 및 예수금의 평가액은 별지 주식, 예탁금 내역 기재와 같이 302,366,593원이다.        7) 피고는 1991. 8. 13. 주식회사 한국코타로부터 충북에 있는 콘도미니엄 회원권을 900만 원에 분양받아 이 사건 변론 종결 당시까지 보유하고 있고, 2008년식 소나타 승용차를 소유, 운행 중인데 위 승용차의 이 사건 변론 종결 즈음 시가는 1,650만 원이며, 2011. 4. 기준 피고의 예상퇴직금(일시금)은 퇴직수당 포함 242,664,280원이다.     인정근거 다툼 없거나 명백히 다투지 아니한 사실, 갑 제9호증의 1, 갑 제10호증의 1, 2, 갑 제11, 12호증, 갑 제13 내지 15호증(각 가지번호 포함), 갑 제31, 35호증, 갑 제36, 37호증(각 가지번호 포함), 갑 제42호증의 2, 을 제23호증의 1 내지 3의 각 기재, 이 법원의 사립학교교직원 연금공단 이사장에 대한 사실조회 결과, 변론 전체의 취지나. 재산분할대상 및 가액1) 분할대상 재산 : 별지 분할재산명세표 기재 각 재산      별지 분할재산명세표 중 피고 적극재산 순번 5 증권사 계좌 보유주식 및 예수금과 관련하여, 보유주식은 아래 ‘분할대상재산에 대한 피고의 주장에 관한 판단’에서 보는 바와 같이 2009. 5.경 보유했던 주식이 이 사건 변론 종결 당시까지도 현존하는 것으로 보고 별지 주식, 예탁금 내역 기재와 같이 이 사건 변론 종결 당시(2011. 10. 11.)의 시가를 분할대상가액으로 삼기로 한다. 2) 분할대상 재산의 가액      가) 원고의 순재산 : 600,000,00원      나) 피고의 순재산 : 1,573,911,762원      다) 원고와 피고의 순재산 합계 : 2,173,911,762원(=600,000,000원 + 1,573,911,762원)다. 분할대상재산에 대한 원고의 주장에 대한 판단    1) 원고는, “피고의 2008. 1. 7.자 마이너스 대출금 1억 원 중 잔액 81,365,857원은, 피고가 원고와 별거한 이후 예금을 인출하여 생긴 것이므로, 피고의 소극재산에서 제외되어야 한다”고 주장한다.    2) 살피건대, 갑 제66호증의 기재에 의하면, 원고와 피고가 별거를 시작한 2009. 4. 1.경 마이너스 통장의 잔고는 5,618,119원이었고, 이후 피고가 위 통장 계좌에서 금원을 계속 인출함으로써 2009. 5. 21. 기준으로 잔고가 마이너스 81,365,857원이 된 사실을 인정할 수는 있다. 그러나 을 제25호증의 2의 기재에 의하면, 피고가 위 마이너스 통장 계좌에서 금원을 인출할 무렵 피고의 주식 계좌에도 그에 상응하는 액수의 금원이 입금된 사실을 인정할 수 있는바, 앞서 본 바와 같이 2009. 5. 22.을 기준으로 피고가 주식 계좌에 보유한 주식 및 예수금을 피고의 적극재산으로 포함한 이상 위 마이너스 대출 잔액도 피고의 소극재산으로 포함하는 것이 상당하므로, 이 부분 원고의 주장은 이유 없다.라. 분할대상재산에 대한 피고의 주장에 관한 판단1) 인천 신포동 상가 및 분당 □□프라자 상가와 관련하여      가) 피고는, “인천 신포동 상가는 피고가 피고의 어머니로부터 유증 받은 재산이고, 분당 □□프라자 상가 역시 피고의 어머니가 증여한 자금으로 매수한 것이므로, 위 부동산들은 피고의 특유재산인바, 피고의 적극재산에 포함되어서는 아니된다”는 취지로 주장한다.       나) 부부 중 일방이 상속받은 재산이거나 이미 처분한 상속재산을 기초로 형성된 부동산이더라도 이를 취득하고 유지함에 있어 상대방의 가사노동 등이 직·간접으로 기여한 것이라면 재산분할의 대상이 되는 것인바(대법원 1998. 4. 10. 선고 96므1434 판결 참조), 비록 인천 신포동 상가가 피고의 어머니로부터 유증된 것이기는 하나, 원고는 혼인기간 내내 가사와 육아를 전담해오고 있을 뿐 아니라(피고의 전처 소생 딸인 소외 1을 약 5년간 양육하기도 하였다) 미술학원을 운영하거나 대학강사로 근무하면서 소득을 올려 왔고, 그 수입 중 일부는 생활비 등으로 사용된 이상 인천 신포동 상가 역시 피고의 적극재산으로서 재산분할의 대상이 된다고 판단된다(다만, 위와 같은 사정은 재산분할 비율을 정함에 있어 참작하기로 한다). 또한 분당 □□프라자 상가는 앞서 본 바와 같이 2004. 3. 26. 원고 명의로 소유권이전등기가 마쳐진 부동산으로서 원고 소유로 추정되는 부동산인데, 피고의 어머니가 작성한 것으로 보이는 수첩(을 제21호증의 1, 을 제31호증의 3)에는, ‘2003. ◇◇ 상가분양, 2003. 7. 8. 계약금 1억 2,500만 원, 2003. 8. 29. 중도금 1억 2,500만 원’이라고 적혀 있어 일응 그 일시경에 피고의 어머니가 피고에게 분당 □□프라자 상가 매수자금을 증여한 것으로 보이기도 하나, 한편으로 갑 제57호증의 기재에 의하면, 피고는 2006. 9.경 피고의 형제들과 사이에 있었던 유류분반환소송에서 피고의 어머니로부터 분당 □□프라자 상가 매수자금을 받은 바 없다고 진술한 사실을 인정할 수 있는바, 결국 피고는 위 유류분반환소송에서 분당 □□프라자 상가는 원고의 자금으로 매수하였다는 취지로 주장한 것으로 보이는 점에 비추어 보면, 위 수첩(을 제21호증의 1, 을 제31호증의 3)의 각 기재와 위 주장사실에 부합하는 듯한 갑 제55, 56호증, 을 제2호증의 1, 을 제17호증의 2, 을 제21호증의 2, 3의 각 기재 및 당심 증인 소외 2의 증언만으로는 원고 명의로 등기되어 원고 소유로 추정되는 분당 □□프라자 상가가 대부분 피고 어머니가 증여한 금원으로 매수된 것이라는 위 주장사실을 인정하기에 부족하고 달리 이를 인정할 만한 증거가 없을 뿐 아니라, 가사 위 주장이 인정된다고 하더라도 인천 신포동 상가와 관련하여 앞서 본 바와 같은 내용의 원고의 기여가 인정되는 이상 분당 □□프라자 상가 역시 피고의 적극재산으로서 이 사건 분할대상재산에 포함된다고 봄이 상당하므로, 이 부분 피고의 주장은 이유 없다.2) 증권사 계좌 보유주식 및 예수금의 가액과 관련하여      가) 피고는, “피고는 원고와 별거 당시 보유하던 주식 또는 예탁금의 상당 부분을 그 후 전처 소생의 딸인 소외 3 명의를 빌려 개설한 주식계좌로 이체하였는데, 2010. 8. 13. 기준으로 피고 본인 명의의 주식 계좌 잔고에는 평가금액 11,780,383원 상당의 주식이 있고,  2010. 10. 7. 기준으로 소외 3 명의로 개설한 주식 계좌 잔고에는 평가금액 137,736,099원의 주식 또는 예수금이 있는바, 분할대상주식 또는 예탁금의 가액은 149,516,482원(=11,780,383원 + 137,736,099원)이 되어야 한다”고 주장한다.      나) 살피건대, 원고와 피고가 별거를 시작할 무렵인 2009. 5.경 피고는 본인 명의의 주식계좌에 기아차 200주, 하이닉스 1,800주, 한진해운 450주, 현대건설 857주, 외환은행 100주, 삼성전자 13주, 대우증권 100주, 현대중공업 21주, LG이노텍 20주, KTG 140주, LG디스플레이 610주, 대우조선해양 2,150주, 이수페타시스 6주, 솔고바이오 60주, 키이스트 8주 등의 현물주식과 현금 106,258,253원(현물주식을 포함한 총 평가액 302,366,593원)을 예탁하고 있었음은 앞서 본 바와 같은바, 을 제25호증의 4, 을 제29, 39호증의 각 기재에 의하면, 피고의 주장과 같이 2010. 8. 13. 기준으로 피고의 미래에셋 주식계좌에는 11,780,383원 상당의 주식이 예치되어 있고, 2010. 10. 7. 기준으로 피고가 소외 3 명의로 개설한 주식 계좌 잔고에는 평가금액 137,736,099원의 주식 또는 예수금이 예치되어 있는 사실, 피고는 2009. 5.경 보유하고 있던 주식 중 일부를 위 소외 3 명의로 개설한 주식 계좌로 이체한 사실 등을 인정할 수 있으나, 한편 거래의 지속성, 주가의 변동 등과 같은 주식거래의 특성에 비추어 2010. 10. 7. 기준으로 피고가 소외 3 명의로 개설한 주식 계좌 잔고에 남아 있는 주식 또는 예수금이 모두 2009. 5.경 피고가 자신의 주식 계좌에 보유하고 있었던 주식 또는 예수금이 변형된 것이라고 단정하기 어려운 점, 갑 제66호증, 을 제25호증의 1, 2, 3, 을 제27, 28호증의 각 기재에 의하면, 피고는 원고와 별거한 이후인 2009. 4. 8.부터 같은 달 29일 사이에 피고 명의의 외환은행 계좌에서 8,000만 원을 인출하였고, 2009. 5. 20. 외환은행으로부터 1억 1,700만 원을 대출받아 그 중 1억 원을 소외 2의 계좌로 이체하였다가 2009. 5.말경 다시 피고와 소외 3의 주식 계좌로 이체 받은 사실을 인정할 수 있고, 피고는 2009. 4.경 대출받은 위 8,000만 원도 주식투자에 사용하였다고 주장하고 있어 위 총 1억 8,000만 원도 피고 또는 소외 3의 주식계좌로 입금된 것으로 보이는데, 2009. 5.경 피고의 주식 계좌에는 3억 원이 넘는 주식 및 예수금이 예치되어 있었고 추가로 1억 8,000만 원이 입금되었음에도 불과 1년 후인 2010. 8. ~ 2010. 10.경의 주식 및 예수금의 평가액이 약 1억 5,000만 원에 불과한 것은 납득하기 어려운 점, 피고는 위와 같이 비교적 짧은 기간 동안 주식 및 예수금의 평가액이 무려 약 70%(=1억 5,000만 원/4억 8,000만 원 x 100) 감소한 사실에 대하여 납득할 만한 설명을 하지 않고 있는 점 등에 비추어 보면, 분할대상 주식 및 예수금은 원고와 피고가 별거할 무렵인 2009. 5.경 피고의 주식 계좌에 있던 주식 및 예수금의 가액으로 봄이 상당하므로, 이 부분 피고의 주장 역시 이유 없다. 3) 2009. 5. 19.자 대출금 1억 1,700만 원의 대출채무와 관련하여      가) 피고는, “피고가 2009. 5. 20. 외환은행으로부터 대출받은 1억 1,700만 원도 피고의 소극재산으로서 이 사건 분할대상재산에 포함되어야 한다”고 주장한다.       나) 살피건대, 을 제25호증의 1의 기재에 의하면, 피고는 2009. 5. 20. 외환은행으로부터 1억 1,700만 원을 대출받았고(대출 계좌 (계좌번호 생략)), 2010. 10. 1. 기준으로 원금을 상환하지 못한 사실을 인정할 수는 있으나, 2009. 5. 20.자 대출은 원고와 피고가 별거를 시작한 이후 대출된 금원으로 위 금원들이 부부공동생활이나 부부재산의 유지, 증가에 사용되었다고 볼 아무런 자료가 없으므로 위 채무는 분할대상재산에 포함될 수 없는 것이니, 이 부분 피고의 주장 역시 이유 없다.         피고는 “앞서 본 주식 및 예수금을 피고의 적극재산으로 보면서 피고의 주식 계좌로 입금된 위 채무 상당액을 분할대상재산에서 제외하는 것은 부당하다”는 취지의 주장도 하고 있으나, 을 제25호증의 1 내지 3, 을 제28호증의 각 기재에 의하면, 피고는 대출 다음날인 2009. 5. 21. 대출금 1억 1,700만 원 중 1억 원을 소외 2의 예금 계좌로 이체하였다가 2009. 5. 22. 다시 자신의 주식 계좌로 5,000만 원을, 같은 달 28일 소외 3의 주식 계좌로 5,000만 원을 각 송금 받은 사실을 인정할 수 있는바, 앞서 본 바와 같이 분할대상으로 삼기로 한 피고의 주식 및 예수금은 2009. 5. 22. 기준으로 피고가 보유한 것인데, 2009. 5. 28. 소외 3의 주식 계좌로 입금된 금원이 2009. 5. 22. 현재 피고가 보유한 주식 및 예수금에 포함될 수 없음은 역수상 명백하고, 을 제25호증의 3의 기재에 의하면, 소외 2가 피고의 주식 계좌로 5,000만 원을 송금하기 이전의 예수금의 액수는 앞서 분할 대상 예수금으로 인정한 106,258,253원인 사실을 인정할 수 있어 위 소외 2가 피고의 주식 계좌로 송금한 돈은 피고의 적극재산으로 평가되지 않았음이 명백하므로, 이 부분 피고의 주장 역시 이유 없다.마. 재산분할의 비율과 방법1) 재산분할 비율 : 원고 45%, 피고 55%      판단근거 앞서 본 사실, 분당 □□프라자 상가에 대하여 피고는 피고의 어머니가 증여한 금원으로 이를 매수하였다고 하나 이를 인정하기 어려운 점, 2004. 3.경부터 원고의 소유로 추정되는 분당 □□프라자 상가에서 발생하는 임대수입 월 500만 원 가량도 그동안 생활비 등으로 사용된 것으로 보이는 점, 피고는 원고와 별거한 이후인 2009. 4. 20. 원고와 피고의 공동 명의로 개설된 뱅크 오브 아메리카 예금 계좌에 입금된 16,563.97달러를 인출해 간 것으로 보이는 점(갑 제27호증의 1, 2010. 1. 14.자 피고 준비서면), 원고가 앞으로도 계속 우울증 치료를 받아야 하는 상태인 사건본인을 양육하게 되는 점, 피고의 장래 퇴직금이 2011. 4.을 기준으로 242,664,280원에 이르는 점, 분당 아파트의 매수가격인 2억 8,300만 원 중 상당 부분을 피고가 혼인 전부터 소유했던 가락△△아파트의 처분대금으로 충당한 점, 인천 신포동 상가는 피고가 유증 받은 재산인 점, 원고가 사건본인과 집을 나갈 당시 분당 □□프라자 상가와 인천 신포동 상가의 임대료 통장에서 적어도 2,300만 원 정도를 가지고 인출한 점(2009. 9. 1.자 청구취지 및 원인변경신청서), 기타 원고와 피고의 혼인기간, 원고와 피고의 직업, 소득, 생활능력, 기타 변론에 나타난 제반 사정 참작2) 재산분할 방법      이 사건 재산분할 대상의 형태, 소유 명의 및 이용 상황, 당사자의 의사, 이 사건 변론에 나타난 제반 사정을 종합하면, 이 사건 재산분할은, 분할대상재산을 현재의 명의대로 확정적으로 귀속시키되, 그 결과 재산분할비율에 따라 피고가 원고에게 원고의 몫 중 부족한 부분을 금원으로 정산 지급하는 것으로 정함이 합리적이다. 3) 재산분할로 지급되어야 할 가액 : 378,000,000원      계산식 ① 재산분할비율에 따른 원고의 몫 978,260,292원(= 원고와 피고의 순재산 합계액 2,173,911,762원 x 45%, 원 미만 버림) - 원고의 순재산 600,000,000원 = 378,260,292원               ② 피고가 원고에게 지급할 재산분할금                  위 ①의 금액을 약간 하회하는 378,000,000원바. 가집행선고의 부기    민법상의 재산분할청구권은 이혼을 한 당사자의 일방이 다른 일방에 대하여 재산분할을 청구할 수 있는 권리로서 이혼이 성립한 때에 그 법적 효과로서 비로소 발생하는 것이므로, 당사자가 이혼이 성립하기 전에 이혼소송과 병합하여 재산분할의 청구를 하고, 법원이 이혼과 동시에 재산분할을 명하는 판결을 하는 경우에도 이혼판결은 확정되지 아니한 상태이므로, 그 시점에서 가집행을 허용할 수는 없다(대법원 1998. 11. 13. 선고 98므1193 판결). 그러나 재산분할에 대한 심판 이전에 이미 당사자 사이에 혼인관계가 종료된 이상 당사자 일방의 재산분할청구권은 혼인관계가 종료된 때 발생한 것이고, 상대방이 그 이행청구를 받은 이상 이미 이행기가 도래한 상태로 보아야 하므로, 원칙적으로 법원이 혼인관계가 종료된 이후에 재산분할을 명함에 있어서는 가집행선고를 덧붙여 명하여야 하고, 한편 가사소송법 제42조 제1항은 ‘재산상의 청구 또는 유아의 인도에 관한 심판으로서 즉시항고의 대상이 되는 심판에는 담보를 제공하게 하지 아니하고 가집행할 수 있음을 명하여야 한다’고 규정하고 있고, 가사소송법 제2조 제1항 제2호 나목, 민법 제839조의2 제2항, 가사소송규칙 제94조 제1항에 의하면 재산분할 청구사건은 마류 가사비송사건으로서 그 심판에 대하여 청구인과 상대방이 즉시항고를 할 수 있는 사건으로 가집행의 대상이 됨이 분명한바, 이 부분에 관한 가집행선고를 부기하기로 한다(앞서 본 바와 같이 2011. 8. 16. 원고와 피고는 당심 조정기일에서 이혼에 합의하였다). 사. 소결론    따라서 피고는 원고에게 재산분할로 3억 7,800만 원 및 이에 대하여 이혼 다음날인 2011. 8. 17.부터 피고가 이행의무의 존부나 범위에 관하여 항쟁함이 상당하다고 인정되는 이 판결 선고일인 2012. 2. 21.까지는 민법이 정한 연 5%, 그 다음날부터 다 갚는 날까지는 소송촉진 등에 관한 특례법이 정한 연 20%의 각 비율에 의한 지연손해금을 지급할 의무가 있다(이 법원의 2011. 8. 16. 일부 조정에 의하여 원, 피고가 이혼하였으므로, 이혼 다음날인 2011. 8. 17.부터 이 판결 선고일까지는 ‘민법’을, 그 다음날부터 다 갚는 날까지는 ‘소송촉진 등에 관한 특례법’을 각 적용한다). 4. 양육비청구에 대한 판단  이 법원의 2011. 8. 16. 일부 조정에 의하여 원고가 사건본인의 양육자로 지정된 이상, 피고는 사건본인의 아버지로서 사건본인의 양육비를 원고와 분담하여야 할 의무가 있는바, 아래에서는 과거양육비 부분과 이 판결 선고 즈음을 기준으로 한 장래 양육비를 나누어 살펴보기로 한다.  가. 과거양육비 부분    1) 원고가 피고와 별거를 시작한 2009. 4.경부터 피고의 도움 없이 홀로 사건본인을 돌보고 있고, 아래에서 보는 이 법원의 사전처분결정에 의한 양육비 지급 이외에는 위와 같이 원고가 사건본인을 양육하는 동안 피고가 원고에게 별다른 경제적 도움을 준 것으로 보이지는 않은 점, 기타 위와 같은 독자적인 양육이 개시된 경위, 독자적인 양육기간과 당시의 사건본인의 나이 및 교육상황, 원고와 피고의 나이 및 재산상태, 수입정도 등 이 사건 변론에 나타난 제반사정을 종합하면, 사건본인의 과거양육비는 원고가 청구취지를 통하여 구하는 이 사건 소장 부본 송달일 다음날인 2009. 5. 19.부터 이 판결 선고일 즈음인 2012. 2. 18.까지 33개월 동안 매월 100만 원의 비율에 의한 금액 3,300만 원(=100만 원 x 33개월)으로 정함이 상당하다.     2) 한편 이 법원이 2011. 8. 16. 피고에 대하여 2011. 8. 31.부터 매월 말일 100만 원의 양육비를 지급하도록 명하는 내용의 사전처분을 한 사실, 피고는 위 사전처분에 따라 양육비를 지급한 사실은 기록상 명백하거나 변론 전체의 취지에 따라 이를 인정할 수 있으므로, 2011. 8. 31.부터 2012. 1. 31.까지 사이에 피고가 이미 지급한 양육비 총 600만 원(=100만 원 x 6개월)은 공제되어야 한다.    3) 따라서 피고는 원고에게 사건본인에 대한 과거양육비로 2,700만 원(= 3,300만 원 - 600만 원)을 지급할 의무가 있다. 나. 장래양육비 부분    사건본인의 교육상황 및 정기적으로 정신과 치료를 받고 있는 사정, 원고와 피고의 나이 및 재산상태, 수입정도 등 이 사건 변론에 나타난 제반사정을 종합하면, 피고는 원고에게 사건본인의 장래양육비로 과거양육비를 계산한 기간의 종기 다음날인 2012. 2. 19.부터 사건본인이 성년에 이르는 전날인 2013. 5. 11.까지 매월 150만 원을 매월 말일에 지급할 의무가 있다. 다. 가집행선고의 부기가사소송법 제42조 제1항은 '재산상의 청구 또는 유아의 인도에 관한 심판으로서 즉시항고의 대상이 되는 심판에는 담보를 제공하게 하지 아니하고 가집행할 수 있음을 명하여야 한다'고 규정하고 있고, 가사소송법 제2조 제1항 제2호 나목, 민법 제837조 제2항 제2호, 가사소송규칙 제94조 제1항에 의하면 이 사건 중 양육비청구 사건 역시 마류 가사비송사건으로서, 장래의 양육비 지급을 명하는 심판이라 하더라도, 그 심판에 대하여 청구인과 상대방이 즉시항고를 할 수 있는 사건으로 가집행의 대상이 됨이 분명한바(대법원 1994. 5. 13.자 92스21 전원합의체 결정 참조), 양육비 지급을 명함에 더하여 가집행선고를 덧붙이기로 한다.       5. 면접교섭에 대한 판단(직권판단)  나아가 사건본인의 양육자로 원고가 지정된 이상 비양육자인 피고는 사건본인을 면접교섭할 권리가 있는바, 이 사건에 나타난 사건본인의 나이, 생활환경 및 양육상황, 사건본인의 의사 등을 종합하여 보면, 주문 제3항 기재와 같이 면접교섭에 관하여 정하는 것이 사건본인의 정서적 안정과 복리를 위하여 합당하다.   6. 결론  그렇다면, 원고의 위 인정범위 내의 위자료청구는 이유 있어 이를 인용하고, 나머지 위자료청구는 이유 없어 이를 기각하며, 재산분할, 양육비청구에 대하여는 위와 같이 정할 것인바, 재산분할, 양육비 부분에 대하여 이와 일부 결론을 달리한 제1심 판결은 부당하므로, 원고와 피고의 위자료 부분에 대한 항소는 이를 모두 기각하고, 재산분할, 양육비 부분에 대한 원고의 항소를 일부 받아들여 제1심 판결 중 재산분할, 양육비 부분을 위와 같이 변경하며, 면접교섭에 관하여는 직권으로 위와 같이 정하기로 하여, 주문과 같이 판결한다.별지 생략판사 정승원(재판장) 안재천 백지예 "